source,dest,likelyOperating,otherMiddle,officeClosed,otherClosed,diffOfCl_LiOp,diffOtMi_LiOp,diffOtCl_LiOp,ALL,ALL-LO,exp-LO,CHI-LO,exp-LOOM,CHI-LOOM,exp-offC,CHI-offC,exp-allC,CHI-allC
S02000260,S02000260,21,20,5,32,-16,-1,11,78,57,24,-0.7,33,1.4,14,-2.5,45,-1.2
S02000260,S02000262,5,3,6,25,1,-2,20,39,34,12,-2.1,17,-2.1,7,-0.5,22,1.8
S02000260,S02000264,20,5,11,70,-9,-15,50,106,86,33,-2.3,45,-3,20,-1.9,61,2.6
S02000260,S02000268,4,0,5,12,1,-4,8,21,17,7,-1,9,-1.7,4,0.6,12,1.4
S02000260,S02000269,0,0,0,4,0,0,4,4,4,1,-1.1,2,-1.3,1,-0.9,2,1.1
S02000260,S02000270,9,4,34,17,25,-5,8,64,55,20,-2.4,27,-2.7,12,6.4,37,2.3
S02000260,S02000271,3,0,0,0,-3,-3,-3,3,0,1,2.1,1,1.5,1,-0.7,2,-1.3
S02000260,S02000275,6,0,0,4,-6,-6,-2,10,4,3,1.6,4,0.8,2,-1.4,6,-0.7
S02000260,S02000276,3,0,0,0,-3,-3,-3,3,0,1,2.1,1,1.5,1,-0.7,2,-1.3
S02000260,S02000277,0,0,0,3,0,0,3,3,3,1,-1,1,-1.1,1,-0.7,2,1
S02000260,S02000278,0,0,0,4,0,0,4,4,4,1,-1.1,2,-1.3,1,-0.9,2,1.1
S02000260,S02000279,0,0,0,3,0,0,3,3,3,1,-1,1,-1.1,1,-0.7,2,1
S02000260,S02000280,0,0,0,3,0,0,3,3,3,1,-1,1,-1.1,1,-0.7,2,1
S02000260,S02000281,15,5,0,19,-15,-10,4,39,24,12,0.8,17,0.8,7,-2.7,22,-0.7
S02000260,S02000287,0,0,0,6,0,0,6,6,6,2,-1.4,3,-1.6,1,-1.1,3,1.4
S02000260,S02000324,0,0,0,5,0,0,5,5,5,2,-1.2,2,-1.5,1,-1,3,1.3
S02000260,S02000328,3,0,0,0,-3,-3,-3,3,0,1,2.1,1,1.5,1,-0.7,2,-1.3
S02000260,S02000597,0,0,0,3,0,0,3,3,3,1,-1,1,-1.1,1,-0.7,2,1
S02000260,S02000603,0,0,0,3,0,0,3,3,3,1,-1,1,-1.1,1,-0.7,2,1
S02000260,S02000607,7,0,0,0,-7,-7,-7,7,0,2,3.3,3,2.3,1,-1.1,4,-2
S02000260,S02000611,0,4,0,0,0,4,0,4,4,1,-1.1,2,1.8,1,-0.9,2,-1.5
S02000260,S02000615,0,3,0,0,0,3,0,3,3,1,-1,1,1.5,1,-0.7,2,-1.3
S02000260,S02000627,0,0,0,4,0,0,4,4,4,1,-1.1,2,-1.3,1,-0.9,2,1.1
S02000260,S02000628,6,0,0,0,-6,-6,-6,6,0,2,3,3,2.2,1,-1.1,3,-1.9
S02000260,S02000630,0,0,0,4,0,0,4,4,4,1,-1.1,2,-1.3,1,-0.9,2,1.1
S02000260,S02000633,5,3,0,7,-5,-2,2,15,10,5,0.2,6,0.6,3,-1.7,9,-0.6
S02000260,S02000634,13,0,3,4,-10,-13,-9,20,7,6,2.7,9,1.5,4,-0.4,11,-1.3
S02000260,S02000635,3,0,0,5,-3,-3,2,8,5,2,0.3,3,-0.2,1,-1.2,5,0.2
S02000260,S02000640,0,0,0,5,0,0,5,5,5,2,-1.2,2,-1.5,1,-1,3,1.3
S02000260,S02000642,0,0,3,0,3,0,0,3,3,1,-1,1,-1.1,1,3.3,2,1
S02000260,S02000644,0,0,5,0,5,0,0,5,5,2,-1.2,2,-1.5,1,4.2,3,1.3
S02000260,S02000649,0,0,4,0,4,0,0,4,4,1,-1.1,2,-1.3,1,3.8,2,1.1
S02000260,S02000651,3,0,5,9,2,-3,6,17,14,5,-1,7,-1.6,3,1,10,1.4
S02000260,S02000655,50,13,130,54,80,-37,4,247,197,77,-3.1,105,-4.1,46,12.5,142,3.5
S02000260,S02000656,0,10,0,0,0,10,0,10,10,3,-1.8,4,2.8,2,-1.4,6,-2.4
S02000260,S02000658,88,8,13,60,-75,-80,-28,169,81,53,4.9,72,2.8,31,-3.3,97,-2.4
S02000260,S02000659,0,0,5,4,5,0,4,9,9,3,-1.7,4,-2,2,2.6,5,1.7
S02000260,S02000660,9,5,0,0,-9,-4,-9,14,5,4,2.2,6,3.3,3,-1.6,8,-2.8
S02000260,S02000661,4,4,7,4,3,0,0,19,15,6,-0.8,8,0,4,1.9,11,0
S02000260,S02000663,0,3,4,7,4,3,7,14,14,4,-2.1,6,-1.2,3,0.9,8,1
S02000260,S02000664,3,0,0,0,-3,-3,-3,3,0,1,2.1,1,1.5,1,-0.7,2,-1.3
S02000260,S02000665,0,0,3,4,3,0,4,7,7,2,-1.5,3,-1.7,1,1.5,4,1.5
S02000260,S02000666,5,0,0,5,-5,-5,0,10,5,3,1.1,4,0.4,2,-1.4,6,-0.3
S02000260,S02000667,0,0,0,3,0,0,3,3,3,1,-1,1,-1.1,1,-0.7,2,1
S02000260,S02000669,0,4,6,0,6,4,0,10,10,3,-1.8,4,-0.1,2,3.1,6,0.1
S02000260,S02000670,28,8,7,10,-21,-20,-18,53,25,17,2.8,23,2.8,10,-0.9,30,-2.4
S02000260,S02000672,3,0,0,26,-3,-3,23,29,26,9,-2,12,-2.7,5,-2.3,17,2.3
S02000260,S02000675,6,0,0,3,-6,-6,-3,9,3,3,1.9,4,1.1,2,-1.3,5,-1
S02000260,S02000676,13,6,0,27,-13,-7,14,46,33,14,-0.4,20,-0.1,9,-2.9,26,0.1
S02000260,S02000680,6,0,0,3,-6,-6,-3,9,3,3,1.9,4,1.1,2,-1.3,5,-1
S02000260,S02000681,0,0,0,6,0,0,6,6,6,2,-1.4,3,-1.6,1,-1.1,3,1.4
S02000260,S02000684,0,8,0,0,0,8,0,8,8,2,-1.6,3,2.5,1,-1.2,5,-2.1
S02000260,S02000685,0,0,0,6,0,0,6,6,6,2,-1.4,3,-1.6,1,-1.1,3,1.4
S02000260,S02000687,0,0,0,6,0,0,6,6,6,2,-1.4,3,-1.6,1,-1.1,3,1.4
S02000260,S02000688,7,0,0,7,-7,-7,0,14,7,4,1.3,6,0.4,3,-1.6,8,-0.4
S02000260,S02000689,13,0,0,6,-13,-13,-7,19,6,6,2.9,8,1.7,4,-1.9,11,-1.5
S02000260,S02000690,0,0,0,3,0,0,3,3,3,1,-1,1,-1.1,1,-0.7,2,1
S02000260,S02000691,59,7,5,9,-54,-52,-50,80,21,25,6.8,34,5.5,15,-2.5,46,-4.7
S02000260,S02000692,7,0,3,7,-4,-7,0,17,10,5,0.7,7,-0.1,3,-0.1,10,0.1
S02000260,S02000693,3,0,0,0,-3,-3,-3,3,0,1,2.1,1,1.5,1,-0.7,2,-1.3
S02000260,S02000695,0,0,0,17,0,0,17,17,17,5,-2.3,7,-2.7,3,-1.8,10,2.3
S02000260,S02000697,3,0,0,5,-3,-3,2,8,5,2,0.3,3,-0.2,1,-1.2,5,0.2
S02000260,S02000701,3,3,0,3,-3,0,0,9,6,3,0.1,4,1.1,2,-1.3,5,-1
S02000260,S02000702,3,0,0,3,-3,-3,0,6,3,2,0.8,3,0.3,1,-1.1,3,-0.2
S02000260,S02000710,0,3,0,5,0,3,5,8,8,2,-1.6,3,-0.2,1,-1.2,5,0.2
S02000260,S02000716,5,0,0,0,-5,-5,-5,5,0,2,2.8,2,2,1,-1,3,-1.7
S02000260,S02000993,3,0,0,0,-3,-3,-3,3,0,1,2.1,1,1.5,1,-0.7,2,-1.3
S02000260,S02001000,4,0,0,3,-4,-4,-1,7,3,2,1.2,3,0.6,1,-1.1,4,-0.5
S02000260,S02001010,5,3,0,0,-5,-2,-5,8,3,2,1.6,3,2.5,1,-1.2,5,-2.1
S02000260,S02001015,0,6,0,0,0,6,0,6,6,2,-1.4,3,2.2,1,-1.1,3,-1.9
S02000260,S02001162,0,5,0,3,0,5,3,8,8,2,-1.6,3,0.9,1,-1.2,5,-0.7
S02000260,S02001185,7,0,7,0,0,-7,-7,14,7,4,1.3,6,0.4,3,2.7,8,-0.4
S02000260,S02001199,3,0,0,0,-3,-3,-3,3,0,1,2.1,1,1.5,1,-0.7,2,-1.3
S02000261,S02000260,3,4,0,14,-3,1,11,21,18,7,-1.4,9,-0.6,4,-2,12,0.6
S02000261,S02000262,11,0,0,10,-11,-11,-1,21,10,7,1.7,9,0.7,4,-2,12,-0.6
S02000261,S02000264,3,7,0,39,-3,4,36,49,46,15,-3.1,21,-2.4,9,-3,28,2
S02000261,S02000268,3,0,0,8,-3,-3,5,11,8,3,-0.2,5,-0.8,2,-1.4,6,0.7
S02000261,S02000270,0,0,19,9,19,0,9,28,28,9,-3,12,-3.5,5,6.1,16,3
S02000261,S02000274,0,0,0,3,0,0,3,3,3,1,-1,1,-1.1,1,-0.7,2,1
S02000261,S02000275,10,0,0,3,-10,-10,-7,13,3,4,3,6,1.9,2,-1.6,7,-1.6
S02000261,S02000276,0,0,0,5,0,0,5,5,5,2,-1.2,2,-1.5,1,-1,3,1.3
S02000261,S02000279,0,0,0,5,0,0,5,5,5,2,-1.2,2,-1.5,1,-1,3,1.3
S02000261,S02000281,7,6,4,8,-3,-1,1,25,18,8,-0.3,11,0.7,5,-0.3,14,-0.6
S02000261,S02000287,4,0,0,0,-4,-4,-4,4,0,1,2.5,2,1.8,1,-0.9,2,-1.5
S02000261,S02000633,3,0,0,4,-3,-3,1,7,4,2,0.6,3,0,1,-1.1,4,0
S02000261,S02000634,10,0,0,6,-10,-10,-4,16,6,5,2.2,7,1.2,3,-1.7,9,-1.1
S02000261,S02000642,3,0,0,0,-3,-3,-3,3,0,1,2.1,1,1.5,1,-0.7,2,-1.3
S02000261,S02000644,0,0,3,0,3,0,0,3,3,1,-1,1,-1.1,1,3.3,2,1
S02000261,S02000648,0,0,0,3,0,0,3,3,3,1,-1,1,-1.1,1,-0.7,2,1
S02000261,S02000651,0,0,3,0,3,0,0,3,3,1,-1,1,-1.1,1,3.3,2,1
S02000261,S02000655,31,7,85,27,54,-24,-4,150,119,47,-2.3,64,-3.2,28,10.9,86,2.8
S02000261,S02000656,0,7,0,0,0,7,0,7,7,2,-1.5,3,2.3,1,-1.1,4,-2
S02000261,S02000658,49,9,12,37,-37,-40,-12,107,58,33,2.7,46,1.9,20,-1.8,61,-1.6
S02000261,S02000659,3,0,3,0,0,-3,-3,6,3,2,0.8,3,0.3,1,1.8,3,-0.2
S02000261,S02000660,10,0,0,3,-10,-10,-7,13,3,4,3,6,1.9,2,-1.6,7,-1.6
S02000261,S02000661,3,0,4,4,1,-3,1,11,8,3,-0.2,5,-0.8,2,1.4,6,0.7
S02000261,S02000664,5,0,0,0,-5,-5,-5,5,0,2,2.8,2,2,1,-1,3,-1.7
S02000261,S02000665,0,0,0,3,0,0,3,3,3,1,-1,1,-1.1,1,-0.7,2,1
S02000261,S02000666,0,0,0,10,0,0,10,10,10,3,-1.8,4,-2.1,2,-1.4,6,1.8
S02000261,S02000667,4,0,0,0,-4,-4,-4,4,0,1,2.5,2,1.8,1,-0.9,2,-1.5
S02000261,S02000668,0,0,0,3,0,0,3,3,3,1,-1,1,-1.1,1,-0.7,2,1
S02000261,S02000669,0,0,0,6,0,0,6,6,6,2,-1.4,3,-1.6,1,-1.1,3,1.4
S02000261,S02000670,6,6,0,0,-6,0,-6,12,6,4,1.2,5,3.1,2,-1.5,7,-2.6
S02000261,S02000672,0,0,0,15,0,0,15,15,15,5,-2.2,6,-2.5,3,-1.7,9,2.2
S02000261,S02000675,0,3,0,0,0,3,0,3,3,1,-1,1,1.5,1,-0.7,2,-1.3
S02000261,S02000676,8,0,3,5,-5,-8,-3,16,8,5,1.4,7,0.5,3,0,9,-0.4
S02000261,S02000680,4,3,0,5,-4,-1,1,12,8,4,0.1,5,0.8,2,-1.5,7,-0.7
S02000261,S02000684,0,6,0,0,0,6,0,6,6,2,-1.4,3,2.2,1,-1.1,3,-1.9
S02000261,S02000687,0,0,0,7,0,0,7,7,7,2,-1.5,3,-1.7,1,-1.1,4,1.5
S02000261,S02000688,5,0,0,0,-5,-5,-5,5,0,2,2.8,2,2,1,-1,3,-1.7
S02000261,S02000689,15,0,0,5,-15,-15,-10,20,5,6,3.5,9,2.2,4,-1.9,11,-1.9
S02000261,S02000691,38,0,3,4,-35,-38,-34,45,7,14,6.4,19,4.3,8,-1.8,26,-3.7
S02000261,S02000692,0,0,0,6,0,0,6,6,6,2,-1.4,3,-1.6,1,-1.1,3,1.4
S02000261,S02000694,0,0,0,3,0,0,3,3,3,1,-1,1,-1.1,1,-0.7,2,1
S02000261,S02000695,0,0,0,11,0,0,11,11,11,3,-1.9,5,-2.2,2,-1.4,6,1.9
S02000261,S02000705,0,5,0,3,0,5,3,8,8,2,-1.6,3,0.9,1,-1.2,5,-0.7
S02000261,S02000923,0,4,0,0,0,4,0,4,4,1,-1.1,2,1.8,1,-0.9,2,-1.5
S02000261,S02001010,3,0,0,0,-3,-3,-3,3,0,1,2.1,1,1.5,1,-0.7,2,-1.3
S02000261,S02001013,0,5,0,5,0,5,5,10,10,3,-1.8,4,0.4,2,-1.4,6,-0.3
S02000261,S02001014,0,4,0,0,0,4,0,4,4,1,-1.1,2,1.8,1,-0.9,2,-1.5
S02000261,S02001015,0,3,0,0,0,3,0,3,3,1,-1,1,1.5,1,-0.7,2,-1.3
S02000261,S02001185,5,0,3,0,-2,-5,-5,8,3,2,1.6,3,0.9,1,1.2,5,-0.7
S02000261,S02001187,0,0,0,3,0,0,3,3,3,1,-1,1,-1.1,1,-0.7,2,1
S02000262,S02000260,10,7,5,10,-5,-3,0,32,22,10,0,14,0.9,6,-0.4,18,-0.8
S02000262,S02000262,10,10,6,37,-4,0,27,63,53,20,-2.2,27,-1.3,12,-1.7,36,1.1
S02000262,S02000264,12,6,4,63,-8,-6,51,85,73,26,-2.8,36,-3,16,-3,49,2.6
S02000262,S02000268,11,0,4,16,-7,-11,5,31,20,10,0.4,13,-0.6,6,-0.7,18,0.5
S02000262,S02000270,0,0,27,9,27,0,9,36,36,11,-3.3,15,-3.9,7,7.9,21,3.4
S02000262,S02000274,0,0,0,5,0,0,5,5,5,2,-1.2,2,-1.5,1,-1,3,1.3
S02000262,S02000275,10,0,5,3,-5,-10,-7,18,8,6,1.9,8,0.8,3,0.9,10,-0.7
S02000262,S02000277,0,0,0,6,0,0,6,6,6,2,-1.4,3,-1.6,1,-1.1,3,1.4
S02000262,S02000278,5,0,0,4,-5,-5,-1,9,4,3,1.3,4,0.6,2,-1.3,5,-0.5
S02000262,S02000279,0,0,0,7,0,0,7,7,7,2,-1.5,3,-1.7,1,-1.1,4,1.5
S02000262,S02000281,16,6,6,14,-10,-10,-2,42,26,13,0.8,18,1,8,-0.6,24,-0.8
S02000262,S02000285,0,0,0,3,0,0,3,3,3,1,-1,1,-1.1,1,-0.7,2,1
S02000262,S02000597,0,0,0,3,0,0,3,3,3,1,-1,1,-1.1,1,-0.7,2,1
S02000262,S02000607,4,0,0,0,-4,-4,-4,4,0,1,2.5,2,1.8,1,-0.9,2,-1.5
S02000262,S02000609,0,0,0,5,0,0,5,5,5,2,-1.2,2,-1.5,1,-1,3,1.3
S02000262,S02000610,4,0,0,0,-4,-4,-4,4,0,1,2.5,2,1.8,1,-0.9,2,-1.5
S02000262,S02000611,0,11,0,5,0,11,5,16,16,5,-2.2,7,1.6,3,-1.7,9,-1.4
S02000262,S02000625,0,0,0,3,0,0,3,3,3,1,-1,1,-1.1,1,-0.7,2,1
S02000262,S02000628,9,0,0,0,-9,-9,-9,9,0,3,3.7,4,2.6,2,-1.3,5,-2.3
S02000262,S02000633,9,0,0,6,-9,-9,-3,15,6,5,2,6,1,3,-1.7,9,-0.9
S02000262,S02000634,10,0,0,0,-10,-10,-10,10,0,3,3.9,4,2.8,2,-1.4,6,-2.4
S02000262,S02000635,6,0,0,3,-6,-6,-3,9,3,3,1.9,4,1.1,2,-1.3,5,-1
S02000262,S02000640,3,0,0,0,-3,-3,-3,3,0,1,2.1,1,1.5,1,-0.7,2,-1.3
S02000262,S02000644,5,0,9,0,4,-5,-5,14,9,4,0.3,6,-0.4,3,4,8,0.3
S02000262,S02000647,0,0,0,4,0,0,4,4,4,1,-1.1,2,-1.3,1,-0.9,2,1.1
S02000262,S02000649,0,0,3,0,3,0,0,3,3,1,-1,1,-1.1,1,3.3,2,1
S02000262,S02000651,3,3,5,0,2,0,-3,11,8,3,-0.2,5,0.6,2,2.1,6,-0.5
S02000262,S02000655,47,15,128,47,81,-32,0,237,190,74,-3.1,101,-3.9,44,12.7,136,3.3
S02000262,S02000656,6,13,5,0,-1,7,-6,24,18,7,-0.5,10,2.8,4,0.3,14,-2.4
S02000262,S02000658,89,5,24,85,-65,-84,-4,203,114,63,3.2,86,0.8,38,-2.2,117,-0.7
S02000262,S02000659,0,0,3,3,3,0,3,6,6,2,-1.4,3,-1.6,1,1.8,3,1.4
S02000262,S02000660,13,4,3,3,-10,-9,-10,23,10,7,2.2,10,2.3,4,-0.6,13,-2
S02000262,S02000661,12,0,6,6,-6,-12,-6,24,12,7,1.7,10,0.6,4,0.7,14,-0.5
S02000262,S02000663,0,7,0,3,0,7,3,10,10,3,-1.8,4,1.3,2,-1.4,6,-1.1
S02000262,S02000664,10,0,3,0,-7,-10,-10,13,3,4,3,6,1.9,2,0.4,7,-1.6
S02000262,S02000665,4,0,0,0,-4,-4,-4,4,0,1,2.5,2,1.8,1,-0.9,2,-1.5
S02000262,S02000666,0,0,0,4,0,0,4,4,4,1,-1.1,2,-1.3,1,-0.9,2,1.1
S02000262,S02000668,5,0,0,0,-5,-5,-5,5,0,2,2.8,2,2,1,-1,3,-1.7
S02000262,S02000669,0,0,4,4,4,0,4,8,8,2,-1.6,3,-1.8,1,2.1,5,1.6
S02000262,S02000670,20,14,3,7,-17,-6,-13,44,24,14,1.7,19,3.5,8,-1.8,25,-3
S02000262,S02000671,0,0,0,4,0,0,4,4,4,1,-1.1,2,-1.3,1,-0.9,2,1.1
S02000262,S02000672,0,0,0,20,0,0,20,20,20,6,-2.5,9,-2.9,4,-1.9,11,2.5
S02000262,S02000674,0,0,0,3,0,0,3,3,3,1,-1,1,-1.1,1,-0.7,2,1
S02000262,S02000675,0,0,0,4,0,0,4,4,4,1,-1.1,2,-1.3,1,-0.9,2,1.1
S02000262,S02000676,0,0,5,4,5,0,4,9,9,3,-1.7,4,-2,2,2.6,5,1.7
S02000262,S02000680,4,0,0,8,-4,-4,4,12,8,4,0.1,5,-0.5,2,-1.5,7,0.4
S02000262,S02000684,0,6,0,0,0,6,0,6,6,2,-1.4,3,2.2,1,-1.1,3,-1.9
S02000262,S02000687,7,0,0,9,-7,-7,2,16,9,5,0.9,7,0.1,3,-1.7,9,-0.1
S02000262,S02000688,0,0,0,4,0,0,4,4,4,1,-1.1,2,-1.3,1,-0.9,2,1.1
S02000262,S02000689,24,0,0,10,-24,-24,-14,34,10,11,4.1,14,2.5,6,-2.5,20,-2.2
S02000262,S02000690,3,0,0,0,-3,-3,-3,3,0,1,2.1,1,1.5,1,-0.7,2,-1.3
S02000262,S02000691,38,0,0,5,-38,-38,-33,43,5,13,6.7,18,4.6,8,-2.8,25,-4
S02000262,S02000692,3,4,4,0,1,1,-3,11,8,3,-0.2,5,1.1,2,1.4,6,-0.9
S02000262,S02000694,4,0,5,4,1,-4,0,13,9,4,0,6,-0.7,2,1.7,7,0.6
S02000262,S02000695,3,0,0,18,-3,-3,15,21,18,7,-1.4,9,-2,4,-2,12,1.7
S02000262,S02000701,0,0,0,8,0,0,8,8,8,2,-1.6,3,-1.8,1,-1.2,5,1.6
S02000262,S02000702,0,3,0,0,0,3,0,3,3,1,-1,1,1.5,1,-0.7,2,-1.3
S02000262,S02000708,0,0,0,5,0,0,5,5,5,2,-1.2,2,-1.5,1,-1,3,1.3
S02000262,S02000710,3,0,0,3,-3,-3,0,6,3,2,0.8,3,0.3,1,-1.1,3,-0.2
S02000262,S02000923,0,0,0,3,0,0,3,3,3,1,-1,1,-1.1,1,-0.7,2,1
S02000262,S02001000,3,0,0,5,-3,-3,2,8,5,2,0.3,3,-0.2,1,-1.2,5,0.2
S02000262,S02001010,6,3,4,0,-2,-3,-6,13,7,4,1,6,1.5,2,1,7,-1.3
S02000262,S02001013,0,8,0,0,0,8,0,8,8,2,-1.6,3,2.5,1,-1.2,5,-2.1
S02000262,S02001014,0,3,0,0,0,3,0,3,3,1,-1,1,1.5,1,-0.7,2,-1.3
S02000262,S02001015,0,3,0,3,0,3,3,6,6,2,-1.4,3,0.3,1,-1.1,3,-0.2
S02000262,S02001185,5,0,4,3,-1,-5,-2,12,7,4,0.7,5,0,2,1.2,7,0
S02000263,S02000263,4,5,4,6,0,1,2,19,15,6,-0.8,8,0.3,4,0.3,11,-0.3
S02000263,S02000265,0,0,0,4,0,0,4,4,4,1,-1.1,2,-1.3,1,-0.9,2,1.1
S02000263,S02000266,0,0,0,12,0,0,12,12,12,4,-1.9,5,-2.3,2,-1.5,7,1.9
S02000263,S02000269,5,0,0,13,-5,-5,8,18,13,6,-0.3,8,-1,3,-1.8,10,0.8
S02000263,S02000270,0,0,3,0,3,0,0,3,3,1,-1,1,-1.1,1,3.3,2,1
S02000263,S02000272,3,0,3,9,0,-3,6,15,12,5,-0.8,6,-1.3,3,0.1,9,1.2
S02000263,S02000273,0,0,0,7,0,0,7,7,7,2,-1.5,3,-1.7,1,-1.1,4,1.5
S02000263,S02000276,5,0,0,4,-5,-5,-1,9,4,3,1.3,4,0.6,2,-1.3,5,-0.5
S02000263,S02000279,0,0,3,18,3,0,18,21,21,7,-2.6,9,-3,4,-0.4,12,2.6
S02000263,S02000281,7,3,0,5,-7,-4,-2,15,8,5,1.1,6,1.4,3,-1.7,9,-1.2
S02000263,S02000599,4,0,0,0,-4,-4,-4,4,0,1,2.5,2,1.8,1,-0.9,2,-1.5
S02000263,S02000607,3,0,0,0,-3,-3,-3,3,0,1,2.1,1,1.5,1,-0.7,2,-1.3
S02000263,S02000611,0,0,0,3,0,0,3,3,3,1,-1,1,-1.1,1,-0.7,2,1
S02000263,S02000619,0,3,0,0,0,3,0,3,3,1,-1,1,1.5,1,-0.7,2,-1.3
S02000263,S02000622,0,0,0,3,0,0,3,3,3,1,-1,1,-1.1,1,-0.7,2,1
S02000263,S02000625,0,0,0,4,0,0,4,4,4,1,-1.1,2,-1.3,1,-0.9,2,1.1
S02000263,S02000627,0,0,0,5,0,0,5,5,5,2,-1.2,2,-1.5,1,-1,3,1.3
S02000263,S02000628,6,0,0,3,-6,-6,-3,9,3,3,1.9,4,1.1,2,-1.3,5,-1
S02000263,S02000631,4,0,3,0,-1,-4,-4,7,3,2,1.2,3,0.6,1,1.5,4,-0.5
S02000263,S02000633,5,0,0,3,-5,-5,-2,8,3,2,1.6,3,0.9,1,-1.2,5,-0.7
S02000263,S02000634,3,0,0,0,-3,-3,-3,3,0,1,2.1,1,1.5,1,-0.7,2,-1.3
S02000263,S02000635,0,0,3,0,3,0,0,3,3,1,-1,1,-1.1,1,3.3,2,1
S02000263,S02000638,3,4,0,0,-3,1,-3,7,4,2,0.6,3,2.3,1,-1.1,4,-2
S02000263,S02000642,4,0,3,0,-1,-4,-4,7,3,2,1.2,3,0.6,1,1.5,4,-0.5
S02000263,S02000644,4,0,11,0,7,-4,-4,15,11,5,-0.3,6,-0.9,3,4.9,9,0.8
S02000263,S02000649,0,0,0,3,0,0,3,3,3,1,-1,1,-1.1,1,-0.7,2,1
S02000263,S02000651,0,0,9,3,9,0,3,12,12,4,-1.9,5,-2.3,2,4.6,7,1.9
S02000263,S02000655,32,8,130,31,98,-24,-1,201,169,63,-3.9,85,-4.9,37,15.2,116,4.2
S02000263,S02000656,6,9,0,0,-6,3,-6,15,9,5,0.6,6,3.4,3,-1.7,9,-2.9
S02000263,S02000658,45,9,11,53,-34,-36,8,118,73,37,1.4,50,0.5,22,-2.3,68,-0.5
S02000263,S02000659,0,0,3,0,3,0,0,3,3,1,-1,1,-1.1,1,3.3,2,1
S02000263,S02000660,19,0,0,3,-19,-19,-16,22,3,7,4.6,9,3.2,4,-2,13,-2.7
S02000263,S02000661,14,0,4,7,-10,-14,-7,25,11,8,2.2,11,1,5,-0.3,14,-0.9
S02000263,S02000664,9,0,0,5,-9,-9,-4,14,5,4,2.2,6,1.2,3,-1.6,8,-1.1
S02000263,S02000665,0,0,10,0,10,0,0,10,10,3,-1.8,4,-2.1,2,6,6,1.8
S02000263,S02000666,0,0,0,7,0,0,7,7,7,2,-1.5,3,-1.7,1,-1.1,4,1.5
S02000263,S02000668,6,0,0,0,-6,-6,-6,6,0,2,3,3,2.2,1,-1.1,3,-1.9
S02000263,S02000670,0,3,0,0,0,3,0,3,3,1,-1,1,1.5,1,-0.7,2,-1.3
S02000263,S02000672,0,0,0,48,0,0,48,48,48,15,-3.9,20,-4.5,9,-3,28,3.9
S02000263,S02000675,4,0,0,4,-4,-4,0,8,4,2,1,3,0.3,1,-1.2,5,-0.3
S02000263,S02000676,4,0,3,4,-1,-4,0,11,7,3,0.3,5,-0.3,2,0.7,6,0.3
S02000263,S02000677,0,0,0,5,0,0,5,5,5,2,-1.2,2,-1.5,1,-1,3,1.3
S02000263,S02000679,0,0,0,4,0,0,4,4,4,1,-1.1,2,-1.3,1,-0.9,2,1.1
S02000263,S02000680,0,0,0,3,0,0,3,3,3,1,-1,1,-1.1,1,-0.7,2,1
S02000263,S02000681,3,0,0,5,-3,-3,2,8,5,2,0.3,3,-0.2,1,-1.2,5,0.2
S02000263,S02000684,0,12,0,0,0,12,0,12,12,4,-1.9,5,3.1,2,-1.5,7,-2.6
S02000263,S02000685,5,0,0,0,-5,-5,-5,5,0,2,2.8,2,2,1,-1,3,-1.7
S02000263,S02000688,0,0,0,5,0,0,5,5,5,2,-1.2,2,-1.5,1,-1,3,1.3
S02000263,S02000689,21,4,3,21,-18,-17,0,49,28,15,1.5,21,0.9,9,-2,28,-0.8
S02000263,S02000690,3,0,0,4,-3,-3,1,7,4,2,0.6,3,0,1,-1.1,4,0
S02000263,S02000691,6,0,0,0,-6,-6,-6,6,0,2,3,3,2.2,1,-1.1,3,-1.9
S02000263,S02000693,3,0,0,0,-3,-3,-3,3,0,1,2.1,1,1.5,1,-0.7,2,-1.3
S02000263,S02000695,0,0,3,0,3,0,0,3,3,1,-1,1,-1.1,1,3.3,2,1
S02000263,S02000699,0,0,0,3,0,0,3,3,3,1,-1,1,-1.1,1,-0.7,2,1
S02000263,S02000700,0,3,0,0,0,3,0,3,3,1,-1,1,1.5,1,-0.7,2,-1.3
S02000263,S02000701,3,0,0,0,-3,-3,-3,3,0,1,2.1,1,1.5,1,-0.7,2,-1.3
S02000263,S02000702,5,0,3,14,-2,-5,9,22,17,7,-0.7,9,-1.4,4,-0.5,13,1.2
S02000263,S02000703,0,0,0,3,0,0,3,3,3,1,-1,1,-1.1,1,-0.7,2,1
S02000263,S02000705,0,0,5,9,5,0,9,14,14,4,-2.1,6,-2.4,3,1.5,8,2.1
S02000263,S02000707,3,0,0,3,-3,-3,0,6,3,2,0.8,3,0.3,1,-1.1,3,-0.2
S02000263,S02000711,3,0,0,0,-3,-3,-3,3,0,1,2.1,1,1.5,1,-0.7,2,-1.3
S02000263,S02000712,0,5,0,5,0,5,5,10,10,3,-1.8,4,0.4,2,-1.4,6,-0.3
S02000263,S02000714,0,0,0,3,0,0,3,3,3,1,-1,1,-1.1,1,-0.7,2,1
S02000263,S02000716,6,0,0,0,-6,-6,-6,6,0,2,3,3,2.2,1,-1.1,3,-1.9
S02000263,S02000988,0,0,0,3,0,0,3,3,3,1,-1,1,-1.1,1,-0.7,2,1
S02000263,S02000993,8,0,0,0,-8,-8,-8,8,0,2,3.5,3,2.5,1,-1.2,5,-2.1
S02000263,S02000994,3,0,0,0,-3,-3,-3,3,0,1,2.1,1,1.5,1,-0.7,2,-1.3
S02000263,S02001000,0,0,0,12,0,0,12,12,12,4,-1.9,5,-2.3,2,-1.5,7,1.9
S02000263,S02001010,6,0,0,5,-6,-6,-1,11,5,3,1.4,5,0.6,2,-1.4,6,-0.5
S02000263,S02001013,0,7,0,5,0,7,5,12,12,4,-1.9,5,0.8,2,-1.5,7,-0.7
S02000263,S02001015,0,6,0,5,0,6,5,11,11,3,-1.9,5,0.6,2,-1.4,6,-0.5
S02000263,S02001184,0,3,0,0,0,3,0,3,3,1,-1,1,1.5,1,-0.7,2,-1.3
S02000263,S02001185,12,8,11,7,-1,-4,-5,38,26,12,0,16,1,7,1.5,22,-0.8
S02000263,S02001187,3,0,0,3,-3,-3,0,6,3,2,0.8,3,0.3,1,-1.1,3,-0.2
S02000263,S02001188,0,0,0,5,0,0,5,5,5,2,-1.2,2,-1.5,1,-1,3,1.3
S02000263,S02001192,5,0,0,0,-5,-5,-5,5,0,2,2.8,2,2,1,-1,3,-1.7
S02000264,S02000260,7,13,3,23,-4,6,16,46,39,14,-1.9,20,0.1,9,-1.9,26,-0.1
S02000264,S02000262,10,3,0,20,-10,-7,10,33,23,10,-0.1,14,-0.3,6,-2.5,19,0.2
S02000264,S02000264,25,8,9,96,-16,-17,71,138,113,43,-2.7,59,-3.4,26,-3.3,79,2.9
S02000264,S02000267,0,0,0,3,0,0,3,3,3,1,-1,1,-1.1,1,-0.7,2,1
S02000264,S02000268,8,0,0,11,-8,-8,3,19,11,6,0.9,8,0,4,-1.9,11,0
S02000264,S02000269,0,0,0,10,0,0,10,10,10,3,-1.8,4,-2.1,2,-1.4,6,1.8
S02000264,S02000270,3,7,33,10,30,4,7,53,50,17,-3.3,23,-2.6,10,7.4,30,2.3
S02000264,S02000274,0,0,0,6,0,0,6,6,6,2,-1.4,3,-1.6,1,-1.1,3,1.4
S02000264,S02000275,11,0,0,0,-11,-11,-11,11,0,3,4.1,5,2.9,2,-1.4,6,-2.5
S02000264,S02000277,4,0,0,8,-4,-4,4,12,8,4,0.1,5,-0.5,2,-1.5,7,0.4
S02000264,S02000279,0,0,3,5,3,0,5,8,8,2,-1.6,3,-1.8,1,1.2,5,1.6
S02000264,S02000281,16,4,8,15,-8,-12,-1,43,27,13,0.7,18,0.4,8,0,25,-0.3
S02000264,S02000282,0,0,0,5,0,0,5,5,5,2,-1.2,2,-1.5,1,-1,3,1.3
S02000264,S02000285,0,0,0,3,0,0,3,3,3,1,-1,1,-1.1,1,-0.7,2,1
S02000264,S02000594,0,3,0,0,0,3,0,3,3,1,-1,1,1.5,1,-0.7,2,-1.3
S02000264,S02000599,7,0,0,0,-7,-7,-7,7,0,2,3.3,3,2.3,1,-1.1,4,-2
S02000264,S02000603,0,0,0,3,0,0,3,3,3,1,-1,1,-1.1,1,-0.7,2,1
S02000264,S02000610,0,0,0,4,0,0,4,4,4,1,-1.1,2,-1.3,1,-0.9,2,1.1
S02000264,S02000615,0,0,0,6,0,0,6,6,6,2,-1.4,3,-1.6,1,-1.1,3,1.4
S02000264,S02000628,6,0,5,0,-1,-6,-6,11,5,3,1.4,5,0.6,2,2.1,6,-0.5
S02000264,S02000631,0,4,0,0,0,4,0,4,4,1,-1.1,2,1.8,1,-0.9,2,-1.5
S02000264,S02000632,0,3,0,0,0,3,0,3,3,1,-1,1,1.5,1,-0.7,2,-1.3
S02000264,S02000633,9,4,0,3,-9,-5,-6,16,7,5,1.8,7,2.4,3,-1.7,9,-2
S02000264,S02000634,10,0,4,4,-6,-10,-6,18,8,6,1.9,8,0.8,3,0.4,10,-0.7
S02000264,S02000635,4,0,0,12,-4,-4,8,16,12,5,-0.4,7,-1.1,3,-1.7,9,0.9
S02000264,S02000642,3,0,3,0,0,-3,-3,6,3,2,0.8,3,0.3,1,1.8,3,-0.2
S02000264,S02000644,0,0,5,0,5,0,0,5,5,2,-1.2,2,-1.5,1,4.2,3,1.3
S02000264,S02000649,0,0,0,3,0,0,3,3,3,1,-1,1,-1.1,1,-0.7,2,1
S02000264,S02000651,4,3,9,12,5,-1,8,28,24,9,-1.6,12,-1.4,5,1.7,16,1.2
S02000264,S02000655,66,14,161,66,95,-52,0,307,241,96,-3,131,-4.4,57,13.8,176,3.8
S02000264,S02000656,6,12,3,0,-3,6,-6,21,15,7,-0.2,9,3,4,-0.4,12,-2.6
S02000264,S02000657,0,0,0,4,0,0,4,4,4,1,-1.1,2,-1.3,1,-0.9,2,1.1
S02000264,S02000658,90,12,31,105,-59,-78,15,238,148,74,1.8,101,0.1,44,-2,137,-0.1
S02000264,S02000659,0,0,4,6,4,0,6,10,10,3,-1.8,4,-2.1,2,1.6,6,1.8
S02000264,S02000660,12,5,0,4,-12,-7,-8,21,9,7,2.1,9,2.7,4,-2,12,-2.3
S02000264,S02000661,11,0,7,6,-4,-11,-5,24,13,7,1.3,10,0.2,4,1.2,14,-0.2
S02000264,S02000663,0,3,3,0,3,3,0,6,6,2,-1.4,3,0.3,1,1.8,3,-0.2
S02000264,S02000664,14,0,0,0,-14,-14,-14,14,0,4,4.6,6,3.3,3,-1.6,8,-2.8
S02000264,S02000665,0,0,3,8,3,0,8,11,11,3,-1.9,5,-2.2,2,0.7,6,1.9
S02000264,S02000666,5,0,0,11,-5,-5,6,16,11,5,0,7,-0.7,3,-1.7,9,0.6
S02000264,S02000669,0,3,3,9,3,3,9,15,15,5,-2.2,6,-1.3,3,0.1,9,1.2
S02000264,S02000670,22,7,0,14,-22,-15,-8,43,21,13,2.4,18,2.5,8,-2.8,25,-2.2
S02000264,S02000672,0,0,4,30,4,0,30,34,34,11,-3.3,14,-3.8,6,-0.9,20,3.3
S02000264,S02000674,5,0,0,6,-5,-5,1,11,6,3,0.9,5,0.1,2,-1.4,6,-0.1
S02000264,S02000675,0,3,3,3,3,3,3,9,9,3,-1.7,4,-0.4,2,1,5,0.4
S02000264,S02000676,8,4,4,13,-4,-4,5,29,21,9,-0.3,12,-0.1,5,-0.6,17,0.1
S02000264,S02000679,0,0,0,3,0,0,3,3,3,1,-1,1,-1.1,1,-0.7,2,1
S02000264,S02000680,0,0,0,13,0,0,13,13,13,4,-2,6,-2.4,2,-1.6,7,2
S02000264,S02000683,3,0,0,3,-3,-3,0,6,3,2,0.8,3,0.3,1,-1.1,3,-0.2
S02000264,S02000684,0,10,0,0,0,10,0,10,10,3,-1.8,4,2.8,2,-1.4,6,-2.4
S02000264,S02000685,0,0,0,5,0,0,5,5,5,2,-1.2,2,-1.5,1,-1,3,1.3
S02000264,S02000687,0,0,0,6,0,0,6,6,6,2,-1.4,3,-1.6,1,-1.1,3,1.4
S02000264,S02000688,4,0,0,6,-4,-4,2,10,6,3,0.5,4,-0.1,2,-1.4,6,0.1
S02000264,S02000689,17,0,0,13,-17,-17,-4,30,13,9,2.5,13,1.2,6,-2.4,17,-1
S02000264,S02000691,49,3,4,10,-45,-46,-39,66,17,21,6.3,28,4.5,12,-2.3,38,-3.9
S02000264,S02000692,5,5,0,5,-5,0,0,15,10,5,0.2,6,1.4,3,-1.7,9,-1.2
S02000264,S02000693,9,0,0,3,-9,-9,-6,12,3,4,2.7,5,1.7,2,-1.5,7,-1.5
S02000264,S02000694,0,0,0,5,0,0,5,5,5,2,-1.2,2,-1.5,1,-1,3,1.3
S02000264,S02000695,0,4,0,7,0,4,7,11,11,3,-1.9,5,-0.3,2,-1.4,6,0.3
S02000264,S02000700,0,0,0,3,0,0,3,3,3,1,-1,1,-1.1,1,-0.7,2,1
S02000264,S02000701,8,8,0,8,-8,0,0,24,16,7,0.2,10,1.8,4,-2.1,14,-1.6
S02000264,S02000702,4,0,0,0,-4,-4,-4,4,0,1,2.5,2,1.8,1,-0.9,2,-1.5
S02000264,S02000705,0,4,0,4,0,4,4,8,8,2,-1.6,3,0.3,1,-1.2,5,-0.3
S02000264,S02000713,0,3,0,0,0,3,0,3,3,1,-1,1,1.5,1,-0.7,2,-1.3
S02000264,S02000923,3,5,0,0,-3,2,-3,8,5,2,0.3,3,2.5,1,-1.2,5,-2.1
S02000264,S02000997,0,4,0,0,0,4,0,4,4,1,-1.1,2,1.8,1,-0.9,2,-1.5
S02000264,S02000999,0,0,0,3,0,0,3,3,3,1,-1,1,-1.1,1,-0.7,2,1
S02000264,S02001000,0,0,0,9,0,0,9,9,9,3,-1.7,4,-2,2,-1.3,5,1.7
S02000264,S02001010,11,3,0,3,-11,-8,-8,17,6,5,2.5,7,2.5,3,-1.8,10,-2.2
S02000264,S02001013,0,0,4,5,4,0,5,9,9,3,-1.7,4,-2,2,1.8,5,1.7
S02000264,S02001015,0,3,0,0,0,3,0,3,3,1,-1,1,1.5,1,-0.7,2,-1.3
S02000264,S02001162,0,3,0,0,0,3,0,3,3,1,-1,1,1.5,1,-0.7,2,-1.3
S02000264,S02001185,7,0,3,8,-4,-7,1,18,11,6,0.6,8,-0.2,3,-0.2,10,0.2
S02000264,S02001187,0,0,0,3,0,0,3,3,3,1,-1,1,-1.1,1,-0.7,2,1
S02000265,S02000263,0,3,0,3,0,3,3,6,6,2,-1.4,3,0.3,1,-1.1,3,-0.2
S02000265,S02000265,3,6,0,4,-3,3,1,13,10,4,-0.5,6,1.5,2,-1.6,7,-1.3
S02000265,S02000266,0,0,0,8,0,0,8,8,8,2,-1.6,3,-1.8,1,-1.2,5,1.6
S02000265,S02000269,3,0,0,17,-3,-3,14,20,17,6,-1.3,9,-1.9,4,-1.9,11,1.6
S02000265,S02000271,0,0,0,4,0,0,4,4,4,1,-1.1,2,-1.3,1,-0.9,2,1.1
S02000265,S02000272,0,0,0,5,0,0,5,5,5,2,-1.2,2,-1.5,1,-1,3,1.3
S02000265,S02000275,3,0,0,0,-3,-3,-3,3,0,1,2.1,1,1.5,1,-0.7,2,-1.3
S02000265,S02000276,0,0,0,8,0,0,8,8,8,2,-1.6,3,-1.8,1,-1.2,5,1.6
S02000265,S02000279,5,3,0,11,-5,-2,6,19,14,6,-0.4,8,0,4,-1.9,11,0
S02000265,S02000281,6,0,0,0,-6,-6,-6,6,0,2,3,3,2.2,1,-1.1,3,-1.9
S02000265,S02000282,0,0,0,5,0,0,5,5,5,2,-1.2,2,-1.5,1,-1,3,1.3
S02000265,S02000611,0,5,0,0,0,5,0,5,5,2,-1.2,2,2,1,-1,3,-1.7
S02000265,S02000628,3,0,0,0,-3,-3,-3,3,0,1,2.1,1,1.5,1,-0.7,2,-1.3
S02000265,S02000633,3,0,0,0,-3,-3,-3,3,0,1,2.1,1,1.5,1,-0.7,2,-1.3
S02000265,S02000635,3,0,0,3,-3,-3,0,6,3,2,0.8,3,0.3,1,-1.1,3,-0.2
S02000265,S02000642,0,0,0,3,0,0,3,3,3,1,-1,1,-1.1,1,-0.7,2,1
S02000265,S02000644,0,0,4,0,4,0,0,4,4,1,-1.1,2,-1.3,1,3.8,2,1.1
S02000265,S02000649,0,3,0,0,0,3,0,3,3,1,-1,1,1.5,1,-0.7,2,-1.3
S02000265,S02000651,0,0,3,0,3,0,0,3,3,1,-1,1,-1.1,1,3.3,2,1
S02000265,S02000655,18,7,79,29,61,-11,11,133,115,41,-3.6,57,-4.2,25,11,76,3.6
S02000265,S02000656,0,16,0,0,0,16,0,16,16,5,-2.2,7,3.5,3,-1.7,9,-3
S02000265,S02000658,33,5,16,51,-17,-28,18,105,72,33,0.1,45,-1,19,-0.8,60,0.9
S02000265,S02000659,0,0,7,0,7,0,0,7,7,2,-1.5,3,-1.7,1,5,4,1.5
S02000265,S02000660,17,0,0,0,-17,-17,-17,17,0,5,5.1,7,3.6,3,-1.8,10,-3.1
S02000265,S02000661,5,0,8,8,3,-5,3,21,16,7,-0.6,9,-1.3,4,2.1,12,1.1
S02000265,S02000664,21,0,0,5,-21,-21,-16,26,5,8,4.5,11,3,5,-2.2,15,-2.6
S02000265,S02000665,3,0,4,0,1,-3,-3,7,4,2,0.6,3,0,1,2.4,4,0
S02000265,S02000667,3,0,0,0,-3,-3,-3,3,0,1,2.1,1,1.5,1,-0.7,2,-1.3
S02000265,S02000669,0,0,0,3,0,0,3,3,3,1,-1,1,-1.1,1,-0.7,2,1
S02000265,S02000670,4,3,0,0,-4,-1,-4,7,3,2,1.2,3,2.3,1,-1.1,4,-2
S02000265,S02000672,0,0,0,24,0,0,24,24,24,7,-2.7,10,-3.2,4,-2.1,14,2.7
S02000265,S02000675,3,0,0,0,-3,-3,-3,3,0,1,2.1,1,1.5,1,-0.7,2,-1.3
S02000265,S02000676,4,0,0,3,-4,-4,-1,7,3,2,1.2,3,0.6,1,-1.1,4,-0.5
S02000265,S02000679,0,0,0,3,0,0,3,3,3,1,-1,1,-1.1,1,-0.7,2,1
S02000265,S02000684,6,12,0,4,-6,6,-2,22,16,7,-0.3,9,2.8,4,-2,13,-2.4
S02000265,S02000688,7,0,0,8,-7,-7,1,15,8,5,1.1,6,0.2,3,-1.7,9,-0.2
S02000265,S02000689,37,0,0,15,-37,-37,-22,52,15,16,5.2,22,3.2,10,-3.1,30,-2.7
S02000265,S02000690,4,0,0,3,-4,-4,-1,7,3,2,1.2,3,0.6,1,-1.1,4,-0.5
S02000265,S02000691,5,0,0,5,-5,-5,0,10,5,3,1.1,4,0.4,2,-1.4,6,-0.3
S02000265,S02000693,6,0,0,0,-6,-6,-6,6,0,2,3,3,2.2,1,-1.1,3,-1.9
S02000265,S02000702,4,0,5,7,1,-4,3,16,12,5,-0.4,7,-1.1,3,1.2,9,0.9
S02000265,S02000705,0,3,0,7,0,3,7,10,10,3,-1.8,4,-0.6,2,-1.4,6,0.5
S02000265,S02000712,3,7,0,5,-3,4,2,15,12,5,-0.8,6,1.4,3,-1.7,9,-1.2
S02000265,S02000713,0,0,0,3,0,0,3,3,3,1,-1,1,-1.1,1,-0.7,2,1
S02000265,S02000715,0,0,0,5,0,0,5,5,5,2,-1.2,2,-1.5,1,-1,3,1.3
S02000265,S02000716,4,0,0,0,-4,-4,-4,4,0,1,2.5,2,1.8,1,-0.9,2,-1.5
S02000265,S02000781,3,0,3,0,0,-3,-3,6,3,2,0.8,3,0.3,1,1.8,3,-0.2
S02000265,S02001000,0,0,0,6,0,0,6,6,6,2,-1.4,3,-1.6,1,-1.1,3,1.4
S02000265,S02001007,0,4,0,0,0,4,0,4,4,1,-1.1,2,1.8,1,-0.9,2,-1.5
S02000265,S02001010,3,5,0,5,-3,2,2,13,10,4,-0.5,6,1.1,2,-1.6,7,-0.9
S02000265,S02001015,0,6,3,0,3,6,0,9,9,3,-1.7,4,1.1,2,1,5,-1
S02000265,S02001185,14,3,6,17,-8,-11,3,40,26,12,0.4,17,0,7,-0.5,23,0
S02000265,S02001186,3,0,0,0,-3,-3,-3,3,0,1,2.1,1,1.5,1,-0.7,2,-1.3
S02000265,S02001187,0,0,0,3,0,0,3,3,3,1,-1,1,-1.1,1,-0.7,2,1
S02000265,S02001192,5,0,5,0,0,-5,-5,10,5,3,1.1,4,0.4,2,2.3,6,-0.3
S02000265,S02001194,3,0,0,0,-3,-3,-3,3,0,1,2.1,1,1.5,1,-0.7,2,-1.3
S02000265,S02001196,0,0,0,3,0,0,3,3,3,1,-1,1,-1.1,1,-0.7,2,1
S02000266,S02000260,0,0,4,0,4,0,0,4,4,1,-1.1,2,-1.3,1,3.8,2,1.1
S02000266,S02000263,0,0,5,5,5,0,5,10,10,3,-1.8,4,-2.1,2,2.3,6,1.8
S02000266,S02000266,0,0,0,10,0,0,10,10,10,3,-1.8,4,-2.1,2,-1.4,6,1.8
S02000266,S02000269,0,0,0,18,0,0,18,18,18,6,-2.4,8,-2.8,3,-1.8,10,2.4
S02000266,S02000271,0,0,0,4,0,0,4,4,4,1,-1.1,2,-1.3,1,-0.9,2,1.1
S02000266,S02000272,0,0,0,3,0,0,3,3,3,1,-1,1,-1.1,1,-0.7,2,1
S02000266,S02000273,0,0,0,4,0,0,4,4,4,1,-1.1,2,-1.3,1,-0.9,2,1.1
S02000266,S02000274,0,0,0,3,0,0,3,3,3,1,-1,1,-1.1,1,-0.7,2,1
S02000266,S02000277,0,0,0,3,0,0,3,3,3,1,-1,1,-1.1,1,-0.7,2,1
S02000266,S02000279,6,0,3,18,-3,-6,12,27,21,8,-0.8,11,-1.6,5,-0.9,16,1.4
S02000266,S02000281,6,0,0,3,-6,-6,-3,9,3,3,1.9,4,1.1,2,-1.3,5,-1
S02000266,S02000282,4,0,0,3,-4,-4,-1,7,3,2,1.2,3,0.6,1,-1.1,4,-0.5
S02000266,S02000611,0,3,0,0,0,3,0,3,3,1,-1,1,1.5,1,-0.7,2,-1.3
S02000266,S02000633,3,3,0,3,-3,0,0,9,6,3,0.1,4,1.1,2,-1.3,5,-1
S02000266,S02000644,5,0,6,0,1,-5,-5,11,6,3,0.9,5,0.1,2,2.8,6,-0.1
S02000266,S02000651,0,0,5,6,5,0,6,11,11,3,-1.9,5,-2.2,2,2.1,6,1.9
S02000266,S02000655,34,3,85,34,51,-31,0,156,122,49,-2.1,66,-3.6,29,10.4,90,3.1
S02000266,S02000656,4,0,0,0,-4,-4,-4,4,0,1,2.5,2,1.8,1,-0.9,2,-1.5
S02000266,S02000658,28,5,14,57,-14,-23,29,104,76,32,-0.8,44,-1.7,19,-1.2,60,1.5
S02000266,S02000659,0,0,3,0,3,0,0,3,3,1,-1,1,-1.1,1,3.3,2,1
S02000266,S02000660,16,0,0,0,-16,-16,-16,16,0,5,4.9,7,3.5,3,-1.7,9,-3
S02000266,S02000661,10,3,5,9,-5,-7,-1,27,17,8,0.5,11,0.4,5,0,16,-0.4
S02000266,S02000664,10,0,0,0,-10,-10,-10,10,0,3,3.9,4,2.8,2,-1.4,6,-2.4
S02000266,S02000665,0,0,5,4,5,0,4,9,9,3,-1.7,4,-2,2,2.6,5,1.7
S02000266,S02000666,0,0,0,5,0,0,5,5,5,2,-1.2,2,-1.5,1,-1,3,1.3
S02000266,S02000668,4,0,0,3,-4,-4,-1,7,3,2,1.2,3,0.6,1,-1.1,4,-0.5
S02000266,S02000669,4,0,4,6,0,-4,2,14,10,4,-0.2,6,-0.8,3,0.9,8,0.7
S02000266,S02000670,4,4,0,0,-4,0,-4,8,4,2,1,3,2.5,1,-1.2,5,-2.1
S02000266,S02000671,3,0,0,0,-3,-3,-3,3,0,1,2.1,1,1.5,1,-0.7,2,-1.3
S02000266,S02000672,0,0,4,39,4,0,39,43,43,13,-3.7,18,-4.3,8,-1.4,25,3.7
S02000266,S02000679,0,0,0,3,0,0,3,3,3,1,-1,1,-1.1,1,-0.7,2,1
S02000266,S02000680,0,0,0,5,0,0,5,5,5,2,-1.2,2,-1.5,1,-1,3,1.3
S02000266,S02000681,0,3,3,0,3,3,0,6,6,2,-1.4,3,0.3,1,1.8,3,-0.2
S02000266,S02000682,0,0,0,4,0,0,4,4,4,1,-1.1,2,-1.3,1,-0.9,2,1.1
S02000266,S02000684,3,4,0,0,-3,1,-3,7,4,2,0.6,3,2.3,1,-1.1,4,-2
S02000266,S02000688,0,0,0,7,0,0,7,7,7,2,-1.5,3,-1.7,1,-1.1,4,1.5
S02000266,S02000689,25,0,0,6,-25,-25,-19,31,6,10,4.9,13,3.3,6,-2.4,18,-2.8
S02000266,S02000691,5,0,0,0,-5,-5,-5,5,0,2,2.8,2,2,1,-1,3,-1.7
S02000266,S02000693,5,0,0,0,-5,-5,-5,5,0,2,2.8,2,2,1,-1,3,-1.7
S02000266,S02000699,3,0,0,0,-3,-3,-3,3,0,1,2.1,1,1.5,1,-0.7,2,-1.3
S02000266,S02000701,3,0,0,0,-3,-3,-3,3,0,1,2.1,1,1.5,1,-0.7,2,-1.3
S02000266,S02000702,0,5,3,6,3,5,6,14,14,4,-2.1,6,-0.4,3,0.3,8,0.3
S02000266,S02000705,0,5,0,0,0,5,0,5,5,2,-1.2,2,2,1,-1,3,-1.7
S02000266,S02000710,3,3,7,0,4,0,-3,13,10,4,-0.5,6,0.2,2,3,7,-0.2
S02000266,S02000711,0,0,0,4,0,0,4,4,4,1,-1.1,2,-1.3,1,-0.9,2,1.1
S02000266,S02000712,4,0,0,0,-4,-4,-4,4,0,1,2.5,2,1.8,1,-0.9,2,-1.5
S02000266,S02000713,0,0,3,3,3,0,3,6,6,2,-1.4,3,-1.6,1,1.8,3,1.4
S02000266,S02000716,8,0,0,0,-8,-8,-8,8,0,2,3.5,3,2.5,1,-1.2,5,-2.1
S02000266,S02000992,0,0,0,3,0,0,3,3,3,1,-1,1,-1.1,1,-0.7,2,1
S02000266,S02001000,6,0,0,0,-6,-6,-6,6,0,2,3,3,2.2,1,-1.1,3,-1.9
S02000266,S02001010,6,0,0,0,-6,-6,-6,6,0,2,3,3,2.2,1,-1.1,3,-1.9
S02000266,S02001013,0,5,0,5,0,5,5,10,10,3,-1.8,4,0.4,2,-1.4,6,-0.3
S02000266,S02001014,0,0,3,0,3,0,0,3,3,1,-1,1,-1.1,1,3.3,2,1
S02000266,S02001015,0,3,0,0,0,3,0,3,3,1,-1,1,1.5,1,-0.7,2,-1.3
S02000266,S02001016,4,0,0,0,-4,-4,-4,4,0,1,2.5,2,1.8,1,-0.9,2,-1.5
S02000266,S02001162,0,3,0,0,0,3,0,3,3,1,-1,1,1.5,1,-0.7,2,-1.3
S02000266,S02001185,12,0,6,12,-6,-12,0,30,18,9,0.9,13,-0.2,6,0.2,17,0.2
S02000266,S02001186,0,0,0,3,0,0,3,3,3,1,-1,1,-1.1,1,-0.7,2,1
S02000266,S02001187,0,0,0,3,0,0,3,3,3,1,-1,1,-1.1,1,-0.7,2,1
S02000266,S02001192,0,0,3,0,3,0,0,3,3,1,-1,1,-1.1,1,3.3,2,1
S02000267,S02000260,0,3,0,5,0,3,5,8,8,2,-1.6,3,-0.2,1,-1.2,5,0.2
S02000267,S02000262,0,0,0,6,0,0,6,6,6,2,-1.4,3,-1.6,1,-1.1,3,1.4
S02000267,S02000264,7,3,6,18,-1,-4,11,34,27,11,-1.1,14,-1.2,6,-0.1,20,1
S02000267,S02000267,4,5,3,20,-1,1,16,32,28,10,-1.9,14,-1.2,6,-1.2,18,1.1
S02000267,S02000270,6,8,15,34,9,2,28,63,57,20,-3.1,27,-2.5,12,1,36,2.1
S02000267,S02000274,0,0,0,3,0,0,3,3,3,1,-1,1,-1.1,1,-0.7,2,1
S02000267,S02000275,16,0,0,3,-16,-16,-13,19,3,6,4.1,8,2.8,4,-1.9,11,-2.4
S02000267,S02000276,0,0,0,8,0,0,8,8,8,2,-1.6,3,-1.8,1,-1.2,5,1.6
S02000267,S02000277,0,0,0,12,0,0,12,12,12,4,-1.9,5,-2.3,2,-1.5,7,1.9
S02000267,S02000278,0,0,0,6,0,0,6,6,6,2,-1.4,3,-1.6,1,-1.1,3,1.4
S02000267,S02000279,0,0,0,4,0,0,4,4,4,1,-1.1,2,-1.3,1,-0.9,2,1.1
S02000267,S02000281,30,16,15,31,-15,-14,1,92,62,29,0.3,39,1.1,17,-0.5,53,-0.9
S02000267,S02000282,3,0,0,0,-3,-3,-3,3,0,1,2.1,1,1.5,1,-0.7,2,-1.3
S02000267,S02000286,5,0,0,4,-5,-5,-1,9,4,3,1.3,4,0.6,2,-1.3,5,-0.5
S02000267,S02000608,4,0,0,0,-4,-4,-4,4,0,1,2.5,2,1.8,1,-0.9,2,-1.5
S02000267,S02000614,0,0,0,3,0,0,3,3,3,1,-1,1,-1.1,1,-0.7,2,1
S02000267,S02000628,3,5,0,0,-3,2,-3,8,5,2,0.3,3,2.5,1,-1.2,5,-2.1
S02000267,S02000631,3,3,0,0,-3,0,-3,6,3,2,0.8,3,2.2,1,-1.1,3,-1.9
S02000267,S02000632,3,3,0,0,-3,0,-3,6,3,2,0.8,3,2.2,1,-1.1,3,-1.9
S02000267,S02000633,8,0,0,5,-8,-8,-3,13,5,4,2,6,1.1,2,-1.6,7,-0.9
S02000267,S02000634,0,0,3,0,3,0,0,3,3,1,-1,1,-1.1,1,3.3,2,1
S02000267,S02000635,0,0,0,3,0,0,3,3,3,1,-1,1,-1.1,1,-0.7,2,1
S02000267,S02000644,0,0,8,0,8,0,0,8,8,2,-1.6,3,-1.8,1,5.4,5,1.6
S02000267,S02000651,0,0,3,3,3,0,3,6,6,2,-1.4,3,-1.6,1,1.8,3,1.4
S02000267,S02000654,5,0,0,0,-5,-5,-5,5,0,2,2.8,2,2,1,-1,3,-1.7
S02000267,S02000655,48,3,133,33,85,-45,-15,217,169,68,-2.4,92,-4.3,40,14.7,125,3.7
S02000267,S02000658,52,4,24,53,-28,-48,1,133,81,41,1.6,57,-0.1,25,-0.1,76,0.1
S02000267,S02000659,0,0,3,3,3,0,3,6,6,2,-1.4,3,-1.6,1,1.8,3,1.4
S02000267,S02000660,9,0,0,0,-9,-9,-9,9,0,3,3.7,4,2.6,2,-1.3,5,-2.3
S02000267,S02000661,8,3,6,0,-2,-5,-8,17,9,5,1.2,7,1.4,3,1.6,10,-1.2
S02000267,S02000663,0,9,0,0,0,9,0,9,9,3,-1.7,4,2.6,2,-1.3,5,-2.3
S02000267,S02000664,10,0,0,5,-10,-10,-5,15,5,5,2.5,6,1.4,3,-1.7,9,-1.2
S02000267,S02000665,0,0,6,0,6,0,0,6,6,2,-1.4,3,-1.6,1,4.6,3,1.4
S02000267,S02000666,4,0,0,0,-4,-4,-4,4,0,1,2.5,2,1.8,1,-0.9,2,-1.5
S02000267,S02000669,0,0,0,4,0,0,4,4,4,1,-1.1,2,-1.3,1,-0.9,2,1.1
S02000267,S02000672,0,0,0,26,0,0,26,26,26,8,-2.8,11,-3.3,5,-2.2,15,2.9
S02000267,S02000675,0,3,0,4,0,3,4,7,7,2,-1.5,3,0,1,-1.1,4,0
S02000267,S02000676,3,0,0,3,-3,-3,0,6,3,2,0.8,3,0.3,1,-1.1,3,-0.2
S02000267,S02000680,4,0,0,5,-4,-4,1,9,5,3,0.7,4,0.1,2,-1.3,5,-0.1
S02000267,S02000684,0,5,0,4,0,5,4,9,9,3,-1.7,4,0.6,2,-1.3,5,-0.5
S02000267,S02000688,3,0,0,0,-3,-3,-3,3,0,1,2.1,1,1.5,1,-0.7,2,-1.3
S02000267,S02000689,4,0,0,9,-4,-4,5,13,9,4,0,6,-0.7,2,-1.6,7,0.6
S02000267,S02000691,31,0,3,8,-28,-31,-23,42,11,13,5,18,3.1,8,-1.7,24,-2.7
S02000267,S02000693,3,0,0,0,-3,-3,-3,3,0,1,2.1,1,1.5,1,-0.7,2,-1.3
S02000267,S02000695,0,0,0,4,0,0,4,4,4,1,-1.1,2,-1.3,1,-0.9,2,1.1
S02000267,S02000697,4,0,0,0,-4,-4,-4,4,0,1,2.5,2,1.8,1,-0.9,2,-1.5
S02000267,S02000710,0,3,0,0,0,3,0,3,3,1,-1,1,1.5,1,-0.7,2,-1.3
S02000267,S02000716,4,0,0,0,-4,-4,-4,4,0,1,2.5,2,1.8,1,-0.9,2,-1.5
S02000267,S02000923,0,4,0,0,0,4,0,4,4,1,-1.1,2,1.8,1,-0.9,2,-1.5
S02000267,S02000925,0,0,0,3,0,0,3,3,3,1,-1,1,-1.1,1,-0.7,2,1
S02000267,S02000993,4,0,0,0,-4,-4,-4,4,0,1,2.5,2,1.8,1,-0.9,2,-1.5
S02000267,S02001000,3,0,0,0,-3,-3,-3,3,0,1,2.1,1,1.5,1,-0.7,2,-1.3
S02000267,S02001010,4,0,0,0,-4,-4,-4,4,0,1,2.5,2,1.8,1,-0.9,2,-1.5
S02000267,S02001013,0,0,0,4,0,0,4,4,4,1,-1.1,2,-1.3,1,-0.9,2,1.1
S02000267,S02001014,3,0,0,0,-3,-3,-3,3,0,1,2.1,1,1.5,1,-0.7,2,-1.3
S02000267,S02001016,0,3,0,0,0,3,0,3,3,1,-1,1,1.5,1,-0.7,2,-1.3
S02000267,S02001185,0,0,0,3,0,0,3,3,3,1,-1,1,-1.1,1,-0.7,2,1
S02000268,S02000260,3,7,3,9,0,4,6,22,19,7,-1.5,9,0.2,4,-0.5,13,-0.2
S02000268,S02000262,8,3,0,18,-8,-5,10,29,21,9,-0.3,12,-0.4,5,-2.3,17,0.3
S02000268,S02000264,19,8,12,85,-7,-11,66,124,105,39,-3.2,53,-3.5,23,-2.3,71,3
S02000268,S02000268,22,5,0,32,-22,-17,10,59,37,18,0.8,25,0.4,11,-3.3,34,-0.3
S02000268,S02000269,0,0,0,3,0,0,3,3,3,1,-1,1,-1.1,1,-0.7,2,1
S02000268,S02000270,0,0,28,17,28,0,17,45,45,14,-3.7,19,-4.4,8,6.8,26,3.8
S02000268,S02000271,0,0,0,3,0,0,3,3,3,1,-1,1,-1.1,1,-0.7,2,1
S02000268,S02000274,0,0,0,8,0,0,8,8,8,2,-1.6,3,-1.8,1,-1.2,5,1.6
S02000268,S02000275,17,0,3,0,-14,-17,-17,20,3,6,4.3,9,2.9,4,-0.4,11,-2.5
S02000268,S02000276,0,0,0,4,0,0,4,4,4,1,-1.1,2,-1.3,1,-0.9,2,1.1
S02000268,S02000277,3,0,0,5,-3,-3,2,8,5,2,0.3,3,-0.2,1,-1.2,5,0.2
S02000268,S02000278,6,0,0,4,-6,-6,-2,10,4,3,1.6,4,0.8,2,-1.4,6,-0.7
S02000268,S02000279,3,0,3,0,0,-3,-3,6,3,2,0.8,3,0.3,1,1.8,3,-0.2
S02000268,S02000280,3,0,0,0,-3,-3,-3,3,0,1,2.1,1,1.5,1,-0.7,2,-1.3
S02000268,S02000281,15,18,4,20,-11,3,5,57,42,18,-0.7,24,1.8,11,-2,33,-1.5
S02000268,S02000282,0,0,0,3,0,0,3,3,3,1,-1,1,-1.1,1,-0.7,2,1
S02000268,S02000285,0,0,0,6,0,0,6,6,6,2,-1.4,3,-1.6,1,-1.1,3,1.4
S02000268,S02000287,3,0,0,4,-3,-3,1,7,4,2,0.6,3,0,1,-1.1,4,0
S02000268,S02000597,0,0,3,3,3,0,3,6,6,2,-1.4,3,-1.6,1,1.8,3,1.4
S02000268,S02000599,7,0,0,0,-7,-7,-7,7,0,2,3.3,3,2.3,1,-1.1,4,-2
S02000268,S02000607,5,0,0,0,-5,-5,-5,5,0,2,2.8,2,2,1,-1,3,-1.7
S02000268,S02000610,3,3,0,0,-3,0,-3,6,3,2,0.8,3,2.2,1,-1.1,3,-1.9
S02000268,S02000619,0,0,0,3,0,0,3,3,3,1,-1,1,-1.1,1,-0.7,2,1
S02000268,S02000625,0,0,0,3,0,0,3,3,3,1,-1,1,-1.1,1,-0.7,2,1
S02000268,S02000627,0,0,0,3,0,0,3,3,3,1,-1,1,-1.1,1,-0.7,2,1
S02000268,S02000628,9,0,0,0,-9,-9,-9,9,0,3,3.7,4,2.6,2,-1.3,5,-2.3
S02000268,S02000631,0,0,4,0,4,0,0,4,4,1,-1.1,2,-1.3,1,3.8,2,1.1
S02000268,S02000633,8,0,0,4,-8,-8,-4,12,4,4,2.2,5,1.3,2,-1.5,7,-1.1
S02000268,S02000634,10,0,0,0,-10,-10,-10,10,0,3,3.9,4,2.8,2,-1.4,6,-2.4
S02000268,S02000635,5,0,0,0,-5,-5,-5,5,0,2,2.8,2,2,1,-1,3,-1.7
S02000268,S02000640,0,0,0,3,0,0,3,3,3,1,-1,1,-1.1,1,-0.7,2,1
S02000268,S02000644,5,0,9,0,4,-5,-5,14,9,4,0.3,6,-0.4,3,4,8,0.3
S02000268,S02000646,0,3,0,0,0,3,0,3,3,1,-1,1,1.5,1,-0.7,2,-1.3
S02000268,S02000651,0,0,18,6,18,0,6,24,24,7,-2.7,10,-3.2,4,6.4,14,2.7
S02000268,S02000655,46,9,154,57,108,-37,11,266,220,83,-4,113,-5.5,49,14.9,153,4.7
S02000268,S02000656,3,12,0,0,-3,9,-3,15,12,5,-0.8,6,3.4,3,-1.7,9,-2.9
S02000268,S02000658,70,9,23,107,-47,-61,37,209,139,65,0.6,89,-1,39,-2.5,120,0.9
S02000268,S02000659,0,0,3,0,3,0,0,3,3,1,-1,1,-1.1,1,3.3,2,1
S02000268,S02000660,11,0,4,0,-7,-11,-11,15,4,5,2.9,6,1.8,3,0.7,9,-1.6
S02000268,S02000661,7,4,6,4,-1,-3,-3,21,14,7,0.2,9,0.7,4,1.1,12,-0.6
S02000268,S02000663,0,0,0,8,0,0,8,8,8,2,-1.6,3,-1.8,1,-1.2,5,1.6
S02000268,S02000664,7,0,0,4,-7,-7,-3,11,4,3,1.9,5,1.1,2,-1.4,6,-0.9
S02000268,S02000665,0,0,3,4,3,0,4,7,7,2,-1.5,3,-1.7,1,1.5,4,1.5
S02000268,S02000666,3,0,0,3,-3,-3,0,6,3,2,0.8,3,0.3,1,-1.1,3,-0.2
S02000268,S02000667,4,0,0,0,-4,-4,-4,4,0,1,2.5,2,1.8,1,-0.9,2,-1.5
S02000268,S02000668,0,0,0,4,0,0,4,4,4,1,-1.1,2,-1.3,1,-0.9,2,1.1
S02000268,S02000669,0,0,4,4,4,0,4,8,8,2,-1.6,3,-1.8,1,2.1,5,1.6
S02000268,S02000670,14,9,6,5,-8,-5,-9,34,20,11,1,14,2.2,6,-0.1,20,-1.9
S02000268,S02000672,0,0,4,26,4,0,26,30,30,9,-3.1,13,-3.6,6,-0.7,17,3.1
S02000268,S02000673,0,0,0,3,0,0,3,3,3,1,-1,1,-1.1,1,-0.7,2,1
S02000268,S02000674,0,0,0,4,0,0,4,4,4,1,-1.1,2,-1.3,1,-0.9,2,1.1
S02000268,S02000675,4,0,0,3,-4,-4,-1,7,3,2,1.2,3,0.6,1,-1.1,4,-0.5
S02000268,S02000676,5,5,3,7,-2,0,2,20,15,6,-0.5,9,0.5,4,-0.4,11,-0.4
S02000268,S02000680,4,0,0,9,-4,-4,5,13,9,4,0,6,-0.7,2,-1.6,7,0.6
S02000268,S02000681,0,0,0,3,0,0,3,3,3,1,-1,1,-1.1,1,-0.7,2,1
S02000268,S02000684,0,6,0,3,0,6,3,9,9,3,-1.7,4,1.1,2,-1.3,5,-1
S02000268,S02000685,0,0,0,8,0,0,8,8,8,2,-1.6,3,-1.8,1,-1.2,5,1.6
S02000268,S02000687,0,0,0,6,0,0,6,6,6,2,-1.4,3,-1.6,1,-1.1,3,1.4
S02000268,S02000688,8,0,0,4,-8,-8,-4,12,4,4,2.2,5,1.3,2,-1.5,7,-1.1
S02000268,S02000689,16,0,0,4,-16,-16,-12,20,4,6,3.9,9,2.6,4,-1.9,11,-2.2
S02000268,S02000691,56,4,0,12,-56,-52,-44,72,16,22,7.1,31,5.3,13,-3.6,41,-4.6
S02000268,S02000692,0,0,0,6,0,0,6,6,6,2,-1.4,3,-1.6,1,-1.1,3,1.4
S02000268,S02000693,4,0,0,0,-4,-4,-4,4,0,1,2.5,2,1.8,1,-0.9,2,-1.5
S02000268,S02000694,0,0,0,5,0,0,5,5,5,2,-1.2,2,-1.5,1,-1,3,1.3
S02000268,S02000695,0,0,0,7,0,0,7,7,7,2,-1.5,3,-1.7,1,-1.1,4,1.5
S02000268,S02000701,4,6,0,6,-4,2,2,16,12,5,-0.4,7,1.2,3,-1.7,9,-1.1
S02000268,S02000710,0,0,3,7,3,0,7,10,10,3,-1.8,4,-2.1,2,0.8,6,1.8
S02000268,S02000713,0,5,0,0,0,5,0,5,5,2,-1.2,2,2,1,-1,3,-1.7
S02000268,S02000716,6,0,0,0,-6,-6,-6,6,0,2,3,3,2.2,1,-1.1,3,-1.9
S02000268,S02000923,3,0,0,6,-3,-3,3,9,6,3,0.1,4,-0.4,2,-1.3,5,0.4
S02000268,S02001000,0,0,0,7,0,0,7,7,7,2,-1.5,3,-1.7,1,-1.1,4,1.5
S02000268,S02001003,3,0,0,0,-3,-3,-3,3,0,1,2.1,1,1.5,1,-0.7,2,-1.3
S02000268,S02001010,7,6,3,0,-4,-1,-7,16,9,5,0.9,7,2.4,3,0,9,-2
S02000268,S02001013,3,3,0,0,-3,0,-3,6,3,2,0.8,3,2.2,1,-1.1,3,-1.9
S02000268,S02001014,3,0,0,0,-3,-3,-3,3,0,1,2.1,1,1.5,1,-0.7,2,-1.3
S02000268,S02001015,0,3,0,0,0,3,0,3,3,1,-1,1,1.5,1,-0.7,2,-1.3
S02000268,S02001018,0,0,0,3,0,0,3,3,3,1,-1,1,-1.1,1,-0.7,2,1
S02000268,S02001161,0,4,0,0,0,4,0,4,4,1,-1.1,2,1.8,1,-0.9,2,-1.5
S02000268,S02001162,0,3,0,0,0,3,0,3,3,1,-1,1,1.5,1,-0.7,2,-1.3
S02000268,S02001185,8,0,7,6,-1,-8,-2,21,13,7,0.6,9,-0.3,4,1.6,12,0.3
S02000268,S02001187,3,0,0,0,-3,-3,-3,3,0,1,2.1,1,1.5,1,-0.7,2,-1.3
S02000268,S02001192,0,0,0,4,0,0,4,4,4,1,-1.1,2,-1.3,1,-0.9,2,1.1
S02000269,S02000263,0,0,0,5,0,0,5,5,5,2,-1.2,2,-1.5,1,-1,3,1.3
S02000269,S02000264,0,0,0,5,0,0,5,5,5,2,-1.2,2,-1.5,1,-1,3,1.3
S02000269,S02000266,0,0,0,10,0,0,10,10,10,3,-1.8,4,-2.1,2,-1.4,6,1.8
S02000269,S02000268,0,0,0,3,0,0,3,3,3,1,-1,1,-1.1,1,-0.7,2,1
S02000269,S02000269,3,0,0,11,-3,-3,8,14,11,4,-0.7,6,-1.2,3,-1.6,8,1
S02000269,S02000271,0,0,0,4,0,0,4,4,4,1,-1.1,2,-1.3,1,-0.9,2,1.1
S02000269,S02000272,3,0,3,10,0,-3,7,16,13,5,-0.9,7,-1.5,3,0,9,1.3
S02000269,S02000273,0,0,0,4,0,0,4,4,4,1,-1.1,2,-1.3,1,-0.9,2,1.1
S02000269,S02000276,0,0,0,6,0,0,6,6,6,2,-1.4,3,-1.6,1,-1.1,3,1.4
S02000269,S02000279,0,0,0,9,0,0,9,9,9,3,-1.7,4,-2,2,-1.3,5,1.7
S02000269,S02000281,0,3,0,3,0,3,3,6,6,2,-1.4,3,0.3,1,-1.1,3,-0.2
S02000269,S02000282,0,0,0,3,0,0,3,3,3,1,-1,1,-1.1,1,-0.7,2,1
S02000269,S02000285,0,0,0,3,0,0,3,3,3,1,-1,1,-1.1,1,-0.7,2,1
S02000269,S02000607,4,0,0,0,-4,-4,-4,4,0,1,2.5,2,1.8,1,-0.9,2,-1.5
S02000269,S02000633,3,0,0,4,-3,-3,1,7,4,2,0.6,3,0,1,-1.1,4,0
S02000269,S02000634,0,0,3,8,3,0,8,11,11,3,-1.9,5,-2.2,2,0.7,6,1.9
S02000269,S02000644,0,0,7,3,7,0,3,10,10,3,-1.8,4,-2.1,2,3.8,6,1.8
S02000269,S02000651,0,0,8,5,8,0,5,13,13,4,-2,6,-2.4,2,3.6,7,2
S02000269,S02000655,30,8,98,36,68,-22,6,172,142,54,-3.2,73,-4.1,32,11.7,99,3.5
S02000269,S02000656,3,4,0,0,-3,1,-3,7,4,2,0.6,3,2.3,1,-1.1,4,-2
S02000269,S02000658,24,6,18,45,-6,-18,21,93,69,29,-0.9,40,-1.5,17,0.2,53,1.3
S02000269,S02000659,0,0,3,0,3,0,0,3,3,1,-1,1,-1.1,1,3.3,2,1
S02000269,S02000660,7,3,0,3,-7,-4,-4,13,6,4,1.5,6,1.9,2,-1.6,7,-1.6
S02000269,S02000661,13,0,5,8,-8,-13,-5,26,13,8,1.7,11,0.6,5,0.1,15,-0.5
S02000269,S02000664,7,5,0,8,-7,-2,1,20,13,6,0.3,9,1.2,4,-1.9,11,-1
S02000269,S02000665,3,0,5,5,2,-3,2,13,10,4,-0.5,6,-1.1,2,1.7,7,0.9
S02000269,S02000669,0,0,0,3,0,0,3,3,3,1,-1,1,-1.1,1,-0.7,2,1
S02000269,S02000670,3,3,0,0,-3,0,-3,6,3,2,0.8,3,2.2,1,-1.1,3,-1.9
S02000269,S02000672,0,0,0,30,0,0,30,30,30,9,-3.1,13,-3.6,6,-2.4,17,3.1
S02000269,S02000673,0,3,0,5,0,3,5,8,8,2,-1.6,3,-0.2,1,-1.2,5,0.2
S02000269,S02000676,5,0,3,0,-2,-5,-5,8,3,2,1.6,3,0.9,1,1.2,5,-0.7
S02000269,S02000680,0,0,0,3,0,0,3,3,3,1,-1,1,-1.1,1,-0.7,2,1
S02000269,S02000681,0,0,0,3,0,0,3,3,3,1,-1,1,-1.1,1,-0.7,2,1
S02000269,S02000688,0,0,0,4,0,0,4,4,4,1,-1.1,2,-1.3,1,-0.9,2,1.1
S02000269,S02000689,21,0,0,9,-21,-21,-12,30,9,9,3.8,13,2.3,6,-2.4,17,-2
S02000269,S02000691,7,0,0,0,-7,-7,-7,7,0,2,3.3,3,2.3,1,-1.1,4,-2
S02000269,S02000700,0,0,0,3,0,0,3,3,3,1,-1,1,-1.1,1,-0.7,2,1
S02000269,S02000701,5,0,0,0,-5,-5,-5,5,0,2,2.8,2,2,1,-1,3,-1.7
S02000269,S02000702,0,0,3,8,3,0,8,11,11,3,-1.9,5,-2.2,2,0.7,6,1.9
S02000269,S02000710,0,3,11,0,11,3,0,14,14,4,-2.1,6,-1.2,3,5.2,8,1
S02000269,S02000712,3,0,0,0,-3,-3,-3,3,0,1,2.1,1,1.5,1,-0.7,2,-1.3
S02000269,S02000713,0,0,0,4,0,0,4,4,4,1,-1.1,2,-1.3,1,-0.9,2,1.1
S02000269,S02000716,9,0,0,0,-9,-9,-9,9,0,3,3.7,4,2.6,2,-1.3,5,-2.3
S02000269,S02000984,3,0,0,0,-3,-3,-3,3,0,1,2.1,1,1.5,1,-0.7,2,-1.3
S02000269,S02001000,4,0,0,8,-4,-4,4,12,8,4,0.1,5,-0.5,2,-1.5,7,0.4
S02000269,S02001010,5,0,0,3,-5,-5,-2,8,3,2,1.6,3,0.9,1,-1.2,5,-0.7
S02000269,S02001185,18,7,6,7,-12,-11,-11,38,20,12,1.8,16,2.2,7,-0.4,22,-1.9
S02000269,S02001189,0,0,0,3,0,0,3,3,3,1,-1,1,-1.1,1,-0.7,2,1
S02000269,S02001199,3,0,0,0,-3,-3,-3,3,0,1,2.1,1,1.5,1,-0.7,2,-1.3
S02000270,S02000262,6,0,0,5,-6,-6,-1,11,5,3,1.4,5,0.6,2,-1.4,6,-0.5
S02000270,S02000263,0,0,0,3,0,0,3,3,3,1,-1,1,-1.1,1,-0.7,2,1
S02000270,S02000264,16,5,0,44,-16,-11,28,65,49,20,-0.9,28,-1.3,12,-3.5,37,1.1
S02000270,S02000266,0,0,0,3,0,0,3,3,3,1,-1,1,-1.1,1,-0.7,2,1
S02000270,S02000267,8,0,0,14,-8,-8,6,22,14,7,0.4,9,-0.4,4,-2,13,0.4
S02000270,S02000268,6,0,0,4,-6,-6,-2,10,4,3,1.6,4,0.8,2,-1.4,6,-0.7
S02000270,S02000270,15,8,19,56,4,-7,41,98,83,31,-2.8,42,-2.9,18,0.2,56,2.5
S02000270,S02000272,0,0,3,0,3,0,0,3,3,1,-1,1,-1.1,1,3.3,2,1
S02000270,S02000274,5,0,0,5,-5,-5,0,10,5,3,1.1,4,0.4,2,-1.4,6,-0.3
S02000270,S02000275,26,8,5,15,-21,-18,-11,54,28,17,2.2,23,2.3,10,-1.6,31,-2
S02000270,S02000277,4,0,3,16,-1,-4,12,23,19,7,-1.2,10,-1.8,4,-0.6,13,1.6
S02000270,S02000278,0,0,0,4,0,0,4,4,4,1,-1.1,2,-1.3,1,-0.9,2,1.1
S02000270,S02000279,0,0,0,5,0,0,5,5,5,2,-1.2,2,-1.5,1,-1,3,1.3
S02000270,S02000280,5,0,0,6,-5,-5,1,11,6,3,0.9,5,0.1,2,-1.4,6,-0.1
S02000270,S02000281,36,44,32,64,-4,8,28,176,140,55,-2.5,75,0.6,33,-0.1,101,-0.5
S02000270,S02000282,3,0,0,0,-3,-3,-3,3,0,1,2.1,1,1.5,1,-0.7,2,-1.3
S02000270,S02000283,0,0,0,3,0,0,3,3,3,1,-1,1,-1.1,1,-0.7,2,1
S02000270,S02000286,7,0,0,0,-7,-7,-7,7,0,2,3.3,3,2.3,1,-1.1,4,-2
S02000270,S02000287,3,0,0,4,-3,-3,1,7,4,2,0.6,3,0,1,-1.1,4,0
S02000270,S02000607,3,0,0,0,-3,-3,-3,3,0,1,2.1,1,1.5,1,-0.7,2,-1.3
S02000270,S02000611,0,4,0,3,0,4,3,7,7,2,-1.5,3,0.6,1,-1.1,4,-0.5
S02000270,S02000620,0,3,0,0,0,3,0,3,3,1,-1,1,1.5,1,-0.7,2,-1.3
S02000270,S02000624,0,3,0,0,0,3,0,3,3,1,-1,1,1.5,1,-0.7,2,-1.3
S02000270,S02000626,0,0,0,3,0,0,3,3,3,1,-1,1,-1.1,1,-0.7,2,1
S02000270,S02000628,4,0,0,0,-4,-4,-4,4,0,1,2.5,2,1.8,1,-0.9,2,-1.5
S02000270,S02000633,6,3,0,5,-6,-3,-1,14,8,4,0.8,6,1.2,3,-1.6,8,-1.1
S02000270,S02000634,6,3,6,6,0,-3,0,21,15,7,-0.2,9,0,4,1.1,12,0
S02000270,S02000640,0,0,0,3,0,0,3,3,3,1,-1,1,-1.1,1,-0.7,2,1
S02000270,S02000642,0,0,5,0,5,0,0,5,5,2,-1.2,2,-1.5,1,4.2,3,1.3
S02000270,S02000643,4,0,0,0,-4,-4,-4,4,0,1,2.5,2,1.8,1,-0.9,2,-1.5
S02000270,S02000644,3,3,3,0,0,0,-3,9,6,3,0.1,4,1.1,2,1,5,-1
S02000270,S02000645,0,0,0,3,0,0,3,3,3,1,-1,1,-1.1,1,-0.7,2,1
S02000270,S02000649,0,0,3,0,3,0,0,3,3,1,-1,1,-1.1,1,3.3,2,1
S02000270,S02000651,0,0,6,0,6,0,0,6,6,2,-1.4,3,-1.6,1,4.6,3,1.4
S02000270,S02000652,3,0,0,0,-3,-3,-3,3,0,1,2.1,1,1.5,1,-0.7,2,-1.3
S02000270,S02000654,4,0,0,0,-4,-4,-4,4,0,1,2.5,2,1.8,1,-0.9,2,-1.5
S02000270,S02000655,45,11,125,45,80,-34,0,226,181,70,-3,96,-4.1,42,12.9,130,3.5
S02000270,S02000656,0,5,0,0,0,5,0,5,5,2,-1.2,2,2,1,-1,3,-1.7
S02000270,S02000658,66,8,17,88,-49,-58,22,179,113,56,1.4,76,-0.2,33,-2.8,103,0.2
S02000270,S02000659,0,0,5,4,5,0,4,9,9,3,-1.7,4,-2,2,2.6,5,1.7
S02000270,S02000660,3,0,0,5,-3,-3,2,8,5,2,0.3,3,-0.2,1,-1.2,5,0.2
S02000270,S02000661,25,0,5,0,-20,-25,-25,30,5,9,5.1,13,3.4,6,-0.2,17,-2.9
S02000270,S02000663,0,3,0,6,0,3,6,9,9,3,-1.7,4,-0.4,2,-1.3,5,0.4
S02000270,S02000664,9,3,0,0,-9,-6,-9,12,3,4,2.7,5,3.1,2,-1.5,7,-2.6
S02000270,S02000665,0,0,6,5,6,0,5,11,11,3,-1.9,5,-2.2,2,2.8,6,1.9
S02000270,S02000666,0,0,0,3,0,0,3,3,3,1,-1,1,-1.1,1,-0.7,2,1
S02000270,S02000667,4,0,0,0,-4,-4,-4,4,0,1,2.5,2,1.8,1,-0.9,2,-1.5
S02000270,S02000668,3,0,0,3,-3,-3,0,6,3,2,0.8,3,0.3,1,-1.1,3,-0.2
S02000270,S02000669,0,0,0,4,0,0,4,4,4,1,-1.1,2,-1.3,1,-0.9,2,1.1
S02000270,S02000670,13,8,0,0,-13,-5,-13,21,8,7,2.5,9,4,4,-2,12,-3.5
S02000270,S02000672,0,0,5,33,5,0,33,38,38,12,-3.4,16,-4,7,-0.8,22,3.5
S02000270,S02000674,4,0,0,0,-4,-4,-4,4,0,1,2.5,2,1.8,1,-0.9,2,-1.5
S02000270,S02000675,3,0,0,4,-3,-3,1,7,4,2,0.6,3,0,1,-1.1,4,0
S02000270,S02000676,10,7,0,5,-10,-3,-5,22,12,7,1.2,9,2.5,4,-2,13,-2.1
S02000270,S02000684,0,5,0,4,0,5,4,9,9,3,-1.7,4,0.6,2,-1.3,5,-0.5
S02000270,S02000685,4,0,0,5,-4,-4,1,9,5,3,0.7,4,0.1,2,-1.3,5,-0.1
S02000270,S02000689,15,0,3,11,-12,-15,-4,29,14,9,2,12,0.8,5,-1,17,-0.7
S02000270,S02000691,30,0,3,0,-27,-30,-30,33,3,10,6.2,14,4.3,6,-1.3,19,-3.7
S02000270,S02000693,4,0,0,0,-4,-4,-4,4,0,1,2.5,2,1.8,1,-0.9,2,-1.5
S02000270,S02000695,0,0,0,3,0,0,3,3,3,1,-1,1,-1.1,1,-0.7,2,1
S02000270,S02000701,4,6,0,0,-4,2,-4,10,6,3,0.5,4,2.8,2,-1.4,6,-2.4
S02000270,S02000702,0,0,0,3,0,0,3,3,3,1,-1,1,-1.1,1,-0.7,2,1
S02000270,S02000712,0,3,0,0,0,3,0,3,3,1,-1,1,1.5,1,-0.7,2,-1.3
S02000270,S02000713,0,0,0,3,0,0,3,3,3,1,-1,1,-1.1,1,-0.7,2,1
S02000270,S02000716,7,0,0,0,-7,-7,-7,7,0,2,3.3,3,2.3,1,-1.1,4,-2
S02000270,S02000923,0,3,0,5,0,3,5,8,8,2,-1.6,3,-0.2,1,-1.2,5,0.2
S02000270,S02000925,3,3,0,0,-3,0,-3,6,3,2,0.8,3,2.2,1,-1.1,3,-1.9
S02000270,S02000926,0,0,0,3,0,0,3,3,3,1,-1,1,-1.1,1,-0.7,2,1
S02000270,S02000927,0,0,0,3,0,0,3,3,3,1,-1,1,-1.1,1,-0.7,2,1
S02000270,S02000984,3,0,0,0,-3,-3,-3,3,0,1,2.1,1,1.5,1,-0.7,2,-1.3
S02000270,S02000985,3,0,0,0,-3,-3,-3,3,0,1,2.1,1,1.5,1,-0.7,2,-1.3
S02000270,S02001000,3,0,0,5,-3,-3,2,8,5,2,0.3,3,-0.2,1,-1.2,5,0.2
S02000270,S02001010,3,7,0,0,-3,4,-3,10,7,3,-0.1,4,2.8,2,-1.4,6,-2.4
S02000270,S02001015,0,0,3,3,3,0,3,6,6,2,-1.4,3,-1.6,1,1.8,3,1.4
S02000270,S02001185,4,0,5,0,1,-4,-4,9,5,3,0.7,4,0.1,2,2.6,5,-0.1
S02000270,S02001195,0,0,0,3,0,0,3,3,3,1,-1,1,-1.1,1,-0.7,2,1
S02000271,S02000262,0,0,0,4,0,0,4,4,4,1,-1.1,2,-1.3,1,-0.9,2,1.1
S02000271,S02000263,5,0,3,0,-2,-5,-5,8,3,2,1.6,3,0.9,1,1.2,5,-0.7
S02000271,S02000264,3,0,3,5,0,-3,2,11,8,3,-0.2,5,-0.8,2,0.7,6,0.7
S02000271,S02000265,0,0,0,4,0,0,4,4,4,1,-1.1,2,-1.3,1,-0.9,2,1.1
S02000271,S02000266,0,0,0,9,0,0,9,9,9,3,-1.7,4,-2,2,-1.3,5,1.7
S02000271,S02000268,0,0,0,3,0,0,3,3,3,1,-1,1,-1.1,1,-0.7,2,1
S02000271,S02000269,3,0,0,11,-3,-3,8,14,11,4,-0.7,6,-1.2,3,-1.6,8,1
S02000271,S02000270,0,0,3,3,3,0,3,6,6,2,-1.4,3,-1.6,1,1.8,3,1.4
S02000271,S02000271,3,4,3,15,0,1,12,25,22,8,-1.7,11,-1.1,5,-0.8,14,1
S02000271,S02000272,10,0,5,18,-5,-10,8,33,23,10,-0.1,14,-1.1,6,-0.4,19,0.9
S02000271,S02000273,0,0,0,5,0,0,5,5,5,2,-1.2,2,-1.5,1,-1,3,1.3
S02000271,S02000275,3,0,0,0,-3,-3,-3,3,0,1,2.1,1,1.5,1,-0.7,2,-1.3
S02000271,S02000276,4,3,0,29,-4,-1,25,36,32,11,-2.2,15,-2.1,7,-2.6,21,1.8
S02000271,S02000277,0,0,0,5,0,0,5,5,5,2,-1.2,2,-1.5,1,-1,3,1.3
S02000271,S02000279,8,0,0,18,-8,-8,10,26,18,8,0,11,-0.9,5,-2.2,15,0.8
S02000271,S02000282,0,0,0,3,0,0,3,3,3,1,-1,1,-1.1,1,-0.7,2,1
S02000271,S02000285,0,0,0,7,0,0,7,7,7,2,-1.5,3,-1.7,1,-1.1,4,1.5
S02000271,S02000286,0,0,0,3,0,0,3,3,3,1,-1,1,-1.1,1,-0.7,2,1
S02000271,S02000599,3,0,0,0,-3,-3,-3,3,0,1,2.1,1,1.5,1,-0.7,2,-1.3
S02000271,S02000604,3,0,0,0,-3,-3,-3,3,0,1,2.1,1,1.5,1,-0.7,2,-1.3
S02000271,S02000607,4,0,0,0,-4,-4,-4,4,0,1,2.5,2,1.8,1,-0.9,2,-1.5
S02000271,S02000612,0,0,0,3,0,0,3,3,3,1,-1,1,-1.1,1,-0.7,2,1
S02000271,S02000616,0,0,0,3,0,0,3,3,3,1,-1,1,-1.1,1,-0.7,2,1
S02000271,S02000625,0,0,0,5,0,0,5,5,5,2,-1.2,2,-1.5,1,-1,3,1.3
S02000271,S02000628,3,0,0,0,-3,-3,-3,3,0,1,2.1,1,1.5,1,-0.7,2,-1.3
S02000271,S02000631,0,5,0,0,0,5,0,5,5,2,-1.2,2,2,1,-1,3,-1.7
S02000271,S02000633,4,0,0,0,-4,-4,-4,4,0,1,2.5,2,1.8,1,-0.9,2,-1.5
S02000271,S02000634,4,0,0,4,-4,-4,0,8,4,2,1,3,0.3,1,-1.2,5,-0.3
S02000271,S02000644,0,6,10,0,10,6,0,16,16,5,-2.2,7,-0.3,3,4.1,9,0.3
S02000271,S02000651,0,0,3,4,3,0,4,7,7,2,-1.5,3,-1.7,1,1.5,4,1.5
S02000271,S02000655,45,9,128,48,83,-36,3,230,185,72,-3.1,98,-4.4,43,13.1,132,3.8
S02000271,S02000656,0,5,0,3,0,5,3,8,8,2,-1.6,3,0.9,1,-1.2,5,-0.7
S02000271,S02000658,47,6,20,55,-27,-41,8,128,81,40,1.1,54,-0.2,24,-0.8,74,0.2
S02000271,S02000660,19,4,0,7,-19,-15,-12,30,11,9,3.2,13,2.9,6,-2.4,17,-2.5
S02000271,S02000661,28,0,6,8,-22,-28,-20,42,14,13,4.1,18,2.4,8,-0.6,24,-2.1
S02000271,S02000664,14,0,0,6,-14,-14,-8,20,6,6,3.1,9,1.9,4,-1.9,11,-1.6
S02000271,S02000665,0,3,9,7,9,3,7,19,19,6,-2.4,8,-1.8,4,2.9,11,1.5
S02000271,S02000668,4,0,0,0,-4,-4,-4,4,0,1,2.5,2,1.8,1,-0.9,2,-1.5
S02000271,S02000672,4,0,4,51,0,-4,47,59,55,18,-3.4,25,-4.2,11,-2.1,34,3.6
S02000271,S02000673,0,3,0,0,0,3,0,3,3,1,-1,1,1.5,1,-0.7,2,-1.3
S02000271,S02000675,0,0,0,4,0,0,4,4,4,1,-1.1,2,-1.3,1,-0.9,2,1.1
S02000271,S02000676,5,0,0,3,-5,-5,-2,8,3,2,1.6,3,0.9,1,-1.2,5,-0.7
S02000271,S02000677,7,0,0,0,-7,-7,-7,7,0,2,3.3,3,2.3,1,-1.1,4,-2
S02000271,S02000680,0,0,0,5,0,0,5,5,5,2,-1.2,2,-1.5,1,-1,3,1.3
S02000271,S02000682,3,0,0,0,-3,-3,-3,3,0,1,2.1,1,1.5,1,-0.7,2,-1.3
S02000271,S02000684,4,3,0,6,-4,-1,2,13,9,4,0,6,0.6,2,-1.6,7,-0.5
S02000271,S02000688,4,0,0,4,-4,-4,0,8,4,2,1,3,0.3,1,-1.2,5,-0.3
S02000271,S02000689,38,0,0,14,-38,-38,-24,52,14,16,5.4,22,3.4,10,-3.1,30,-2.9
S02000271,S02000690,0,0,0,3,0,0,3,3,3,1,-1,1,-1.1,1,-0.7,2,1
S02000271,S02000691,8,0,0,6,-8,-8,-2,14,6,4,1.7,6,0.8,3,-1.6,8,-0.7
S02000271,S02000693,5,0,0,0,-5,-5,-5,5,0,2,2.8,2,2,1,-1,3,-1.7
S02000271,S02000695,0,3,0,0,0,3,0,3,3,1,-1,1,1.5,1,-0.7,2,-1.3
S02000271,S02000701,0,3,0,4,0,3,4,7,7,2,-1.5,3,0,1,-1.1,4,0
S02000271,S02000702,0,0,4,6,4,0,6,10,10,3,-1.8,4,-2.1,2,1.6,6,1.8
S02000271,S02000705,3,0,0,0,-3,-3,-3,3,0,1,2.1,1,1.5,1,-0.7,2,-1.3
S02000271,S02000710,0,0,3,4,3,0,4,7,7,2,-1.5,3,-1.7,1,1.5,4,1.5
S02000271,S02000712,4,4,0,0,-4,0,-4,8,4,2,1,3,2.5,1,-1.2,5,-2.1
S02000271,S02000715,0,0,0,3,0,0,3,3,3,1,-1,1,-1.1,1,-0.7,2,1
S02000271,S02000716,4,0,0,0,-4,-4,-4,4,0,1,2.5,2,1.8,1,-0.9,2,-1.5
S02000271,S02000925,0,5,0,0,0,5,0,5,5,2,-1.2,2,2,1,-1,3,-1.7
S02000271,S02000993,9,0,0,0,-9,-9,-9,9,0,3,3.7,4,2.6,2,-1.3,5,-2.3
S02000271,S02001000,4,0,0,4,-4,-4,0,8,4,2,1,3,0.3,1,-1.2,5,-0.3
S02000271,S02001010,3,3,0,3,-3,0,0,9,6,3,0.1,4,1.1,2,-1.3,5,-1
S02000271,S02001013,0,4,0,7,0,4,7,11,11,3,-1.9,5,-0.3,2,-1.4,6,0.3
S02000271,S02001015,3,4,7,0,4,1,-3,14,11,4,-0.7,6,0.4,3,2.7,8,-0.4
S02000271,S02001162,0,3,0,0,0,3,0,3,3,1,-1,1,1.5,1,-0.7,2,-1.3
S02000271,S02001185,17,8,11,18,-6,-9,1,54,37,17,0,23,0.4,10,0.3,31,-0.4
S02000271,S02001186,3,0,0,6,-3,-3,3,9,6,3,0.1,4,-0.4,2,-1.3,5,0.4
S02000271,S02001187,8,0,0,3,-8,-8,-5,11,3,3,2.5,5,1.5,2,-1.4,6,-1.3
S02000271,S02001189,0,0,0,4,0,0,4,4,4,1,-1.1,2,-1.3,1,-0.9,2,1.1
S02000271,S02001200,3,0,0,0,-3,-3,-3,3,0,1,2.1,1,1.5,1,-0.7,2,-1.3
S02000271,S02001201,0,0,0,4,0,0,4,4,4,1,-1.1,2,-1.3,1,-0.9,2,1.1
S02000272,S02000262,0,0,0,4,0,0,4,4,4,1,-1.1,2,-1.3,1,-0.9,2,1.1
S02000272,S02000263,0,0,7,6,7,0,6,13,13,4,-2,6,-2.4,2,3,7,2
S02000272,S02000264,0,0,0,5,0,0,5,5,5,2,-1.2,2,-1.5,1,-1,3,1.3
S02000272,S02000266,0,0,0,6,0,0,6,6,6,2,-1.4,3,-1.6,1,-1.1,3,1.4
S02000272,S02000269,3,0,0,6,-3,-3,3,9,6,3,0.1,4,-0.4,2,-1.3,5,0.4
S02000272,S02000270,0,0,0,7,0,0,7,7,7,2,-1.5,3,-1.7,1,-1.1,4,1.5
S02000272,S02000271,0,0,0,5,0,0,5,5,5,2,-1.2,2,-1.5,1,-1,3,1.3
S02000272,S02000272,6,0,10,14,4,-6,8,30,24,9,-1.1,13,-1.9,6,1.9,17,1.6
S02000272,S02000273,0,0,0,4,0,0,4,4,4,1,-1.1,2,-1.3,1,-0.9,2,1.1
S02000272,S02000275,3,0,0,3,-3,-3,0,6,3,2,0.8,3,0.3,1,-1.1,3,-0.2
S02000272,S02000276,3,0,0,22,-3,-3,19,25,22,8,-1.7,11,-2.3,5,-2.2,14,2
S02000272,S02000277,0,0,0,4,0,0,4,4,4,1,-1.1,2,-1.3,1,-0.9,2,1.1
S02000272,S02000279,5,3,0,25,-5,-2,20,33,28,10,-1.6,14,-1.6,6,-2.5,19,1.4
S02000272,S02000281,0,0,0,7,0,0,7,7,7,2,-1.5,3,-1.7,1,-1.1,4,1.5
S02000272,S02000282,0,0,0,4,0,0,4,4,4,1,-1.1,2,-1.3,1,-0.9,2,1.1
S02000272,S02000284,0,3,0,4,0,3,4,7,7,2,-1.5,3,0,1,-1.1,4,0
S02000272,S02000285,0,0,0,4,0,0,4,4,4,1,-1.1,2,-1.3,1,-0.9,2,1.1
S02000272,S02000328,3,0,0,0,-3,-3,-3,3,0,1,2.1,1,1.5,1,-0.7,2,-1.3
S02000272,S02000599,3,0,0,0,-3,-3,-3,3,0,1,2.1,1,1.5,1,-0.7,2,-1.3
S02000272,S02000611,0,3,0,0,0,3,0,3,3,1,-1,1,1.5,1,-0.7,2,-1.3
S02000272,S02000612,0,0,0,3,0,0,3,3,3,1,-1,1,-1.1,1,-0.7,2,1
S02000272,S02000627,3,0,0,0,-3,-3,-3,3,0,1,2.1,1,1.5,1,-0.7,2,-1.3
S02000272,S02000628,5,0,0,0,-5,-5,-5,5,0,2,2.8,2,2,1,-1,3,-1.7
S02000272,S02000633,0,0,0,3,0,0,3,3,3,1,-1,1,-1.1,1,-0.7,2,1
S02000272,S02000634,0,0,4,4,4,0,4,8,8,2,-1.6,3,-1.8,1,2.1,5,1.6
S02000272,S02000644,0,0,3,3,3,0,3,6,6,2,-1.4,3,-1.6,1,1.8,3,1.4
S02000272,S02000649,3,0,0,0,-3,-3,-3,3,0,1,2.1,1,1.5,1,-0.7,2,-1.3
S02000272,S02000651,3,3,7,6,4,0,3,19,16,6,-1.2,8,-0.7,4,1.9,11,0.6
S02000272,S02000655,24,8,122,37,98,-16,13,191,167,59,-4.6,81,-5.5,35,14.6,110,4.7
S02000272,S02000656,4,9,0,0,-4,5,-4,13,9,4,0,6,3.2,2,-1.6,7,-2.7
S02000272,S02000658,24,3,15,72,-9,-21,48,114,90,36,-1.9,48,-3.1,21,-1.3,66,2.7
S02000272,S02000660,18,0,0,0,-18,-18,-18,18,0,6,5.2,8,3.7,3,-1.8,10,-3.2
S02000272,S02000661,11,5,4,8,-7,-6,-3,28,17,9,0.8,12,1.2,5,-0.5,16,-1
S02000272,S02000664,8,0,0,0,-8,-8,-8,8,0,2,3.5,3,2.5,1,-1.2,5,-2.1
S02000272,S02000665,0,0,6,6,6,0,6,12,12,4,-1.9,5,-2.3,2,2.5,7,1.9
S02000272,S02000669,0,0,4,3,4,0,3,7,7,2,-1.5,3,-1.7,1,2.4,4,1.5
S02000272,S02000671,0,0,0,3,0,0,3,3,3,1,-1,1,-1.1,1,-0.7,2,1
S02000272,S02000672,0,0,3,43,3,0,43,46,46,14,-3.8,20,-4.4,9,-1.9,26,3.8
S02000272,S02000675,3,0,0,0,-3,-3,-3,3,0,1,2.1,1,1.5,1,-0.7,2,-1.3
S02000272,S02000676,6,0,0,0,-6,-6,-6,6,0,2,3,3,2.2,1,-1.1,3,-1.9
S02000272,S02000679,0,0,0,3,0,0,3,3,3,1,-1,1,-1.1,1,-0.7,2,1
S02000272,S02000684,0,8,0,0,0,8,0,8,8,2,-1.6,3,2.5,1,-1.2,5,-2.1
S02000272,S02000688,0,0,0,7,0,0,7,7,7,2,-1.5,3,-1.7,1,-1.1,4,1.5
S02000272,S02000689,19,0,0,11,-19,-19,-8,30,11,9,3.2,13,1.7,6,-2.4,17,-1.5
S02000272,S02000690,3,0,0,0,-3,-3,-3,3,0,1,2.1,1,1.5,1,-0.7,2,-1.3
S02000272,S02000691,9,0,0,3,-9,-9,-6,12,3,4,2.7,5,1.7,2,-1.5,7,-1.5
S02000272,S02000693,5,0,0,0,-5,-5,-5,5,0,2,2.8,2,2,1,-1,3,-1.7
S02000272,S02000696,3,0,0,0,-3,-3,-3,3,0,1,2.1,1,1.5,1,-0.7,2,-1.3
S02000272,S02000702,3,0,0,7,-3,-3,4,10,7,3,-0.1,4,-0.6,2,-1.4,6,0.5
S02000272,S02000705,0,0,0,3,0,0,3,3,3,1,-1,1,-1.1,1,-0.7,2,1
S02000272,S02000710,0,0,5,8,5,0,8,13,13,4,-2,6,-2.4,2,1.7,7,2
S02000272,S02000712,4,0,0,0,-4,-4,-4,4,0,1,2.5,2,1.8,1,-0.9,2,-1.5
S02000272,S02000716,3,0,0,0,-3,-3,-3,3,0,1,2.1,1,1.5,1,-0.7,2,-1.3
S02000272,S02000993,4,0,0,0,-4,-4,-4,4,0,1,2.5,2,1.8,1,-0.9,2,-1.5
S02000272,S02000999,0,0,0,3,0,0,3,3,3,1,-1,1,-1.1,1,-0.7,2,1
S02000272,S02001010,10,0,0,0,-10,-10,-10,10,0,3,3.9,4,2.8,2,-1.4,6,-2.4
S02000272,S02001013,0,5,0,3,0,5,3,8,8,2,-1.6,3,0.9,1,-1.2,5,-0.7
S02000272,S02001014,0,4,0,0,0,4,0,4,4,1,-1.1,2,1.8,1,-0.9,2,-1.5
S02000272,S02001015,0,0,0,3,0,0,3,3,3,1,-1,1,-1.1,1,-0.7,2,1
S02000272,S02001185,11,0,5,5,-6,-11,-6,21,10,7,1.7,9,0.7,4,0.6,12,-0.6
S02000272,S02001186,0,0,0,5,0,0,5,5,5,2,-1.2,2,-1.5,1,-1,3,1.3
S02000272,S02001192,7,3,0,0,-7,-4,-7,10,3,3,2.2,4,2.8,2,-1.4,6,-2.4
S02000272,S02001193,0,0,0,3,0,0,3,3,3,1,-1,1,-1.1,1,-0.7,2,1
S02000273,S02000262,0,0,0,3,0,0,3,3,3,1,-1,1,-1.1,1,-0.7,2,1
S02000273,S02000263,0,0,6,4,6,0,4,10,10,3,-1.8,4,-2.1,2,3.1,6,1.8
S02000273,S02000268,0,0,0,3,0,0,3,3,3,1,-1,1,-1.1,1,-0.7,2,1
S02000273,S02000269,4,0,0,8,-4,-4,4,12,8,4,0.1,5,-0.5,2,-1.5,7,0.4
S02000273,S02000270,0,0,0,3,0,0,3,3,3,1,-1,1,-1.1,1,-0.7,2,1
S02000273,S02000271,4,0,0,0,-4,-4,-4,4,0,1,2.5,2,1.8,1,-0.9,2,-1.5
S02000273,S02000272,6,0,6,13,0,-6,7,25,19,8,-0.6,11,-1.4,5,0.6,14,1.2
S02000273,S02000273,0,6,0,16,0,6,16,22,22,7,-2.6,9,-1.1,4,-2,13,0.9
S02000273,S02000276,7,0,0,16,-7,-7,9,23,16,7,-0.1,10,-0.9,4,-2.1,13,0.8
S02000273,S02000279,3,4,4,12,1,1,9,23,20,7,-1.6,10,-0.9,4,-0.1,13,0.8
S02000273,S02000281,3,0,0,3,-3,-3,0,6,3,2,0.8,3,0.3,1,-1.1,3,-0.2
S02000273,S02000282,6,0,0,0,-6,-6,-6,6,0,2,3,3,2.2,1,-1.1,3,-1.9
S02000273,S02000284,0,4,0,0,0,4,0,4,4,1,-1.1,2,1.8,1,-0.9,2,-1.5
S02000273,S02000285,0,0,0,4,0,0,4,4,4,1,-1.1,2,-1.3,1,-0.9,2,1.1
S02000273,S02000608,3,0,0,0,-3,-3,-3,3,0,1,2.1,1,1.5,1,-0.7,2,-1.3
S02000273,S02000628,4,0,0,0,-4,-4,-4,4,0,1,2.5,2,1.8,1,-0.9,2,-1.5
S02000273,S02000633,0,0,3,0,3,0,0,3,3,1,-1,1,-1.1,1,3.3,2,1
S02000273,S02000634,0,0,3,0,3,0,0,3,3,1,-1,1,-1.1,1,3.3,2,1
S02000273,S02000635,0,0,4,0,4,0,0,4,4,1,-1.1,2,-1.3,1,3.8,2,1.1
S02000273,S02000644,0,0,4,0,4,0,0,4,4,1,-1.1,2,-1.3,1,3.8,2,1.1
S02000273,S02000647,4,0,0,0,-4,-4,-4,4,0,1,2.5,2,1.8,1,-0.9,2,-1.5
S02000273,S02000651,0,0,4,0,4,0,0,4,4,1,-1.1,2,-1.3,1,3.8,2,1.1
S02000273,S02000655,33,10,105,27,72,-23,-6,175,142,55,-2.9,74,-3.6,32,12.8,101,3.1
S02000273,S02000656,0,4,0,0,0,4,0,4,4,1,-1.1,2,1.8,1,-0.9,2,-1.5
S02000273,S02000658,24,6,15,46,-9,-18,22,91,67,28,-0.8,39,-1.4,17,-0.4,52,1.2
S02000273,S02000659,0,0,5,0,5,0,0,5,5,2,-1.2,2,-1.5,1,4.2,3,1.3
S02000273,S02000660,7,0,0,0,-7,-7,-7,7,0,2,3.3,3,2.3,1,-1.1,4,-2
S02000273,S02000661,11,0,7,6,-4,-11,-5,24,13,7,1.3,10,0.2,4,1.2,14,-0.2
S02000273,S02000664,11,0,4,0,-7,-11,-11,15,4,5,2.9,6,1.8,3,0.7,9,-1.6
S02000273,S02000665,0,0,6,5,6,0,5,11,11,3,-1.9,5,-2.2,2,2.8,6,1.9
S02000273,S02000668,3,0,0,0,-3,-3,-3,3,0,1,2.1,1,1.5,1,-0.7,2,-1.3
S02000273,S02000672,4,0,3,46,-1,-4,42,53,49,17,-3.1,23,-3.9,10,-2.2,30,3.4
S02000273,S02000673,0,0,0,3,0,0,3,3,3,1,-1,1,-1.1,1,-0.7,2,1
S02000273,S02000675,0,0,0,4,0,0,4,4,4,1,-1.1,2,-1.3,1,-0.9,2,1.1
S02000273,S02000676,3,0,0,4,-3,-3,1,7,4,2,0.6,3,0,1,-1.1,4,0
S02000273,S02000684,5,5,0,0,-5,0,-5,10,5,3,1.1,4,2.8,2,-1.4,6,-2.4
S02000273,S02000687,0,0,0,3,0,0,3,3,3,1,-1,1,-1.1,1,-0.7,2,1
S02000273,S02000688,3,0,0,0,-3,-3,-3,3,0,1,2.1,1,1.5,1,-0.7,2,-1.3
S02000273,S02000689,27,0,0,13,-27,-27,-14,40,13,12,4.1,17,2.4,7,-2.7,23,-2.1
S02000273,S02000690,4,0,0,3,-4,-4,-1,7,3,2,1.2,3,0.6,1,-1.1,4,-0.5
S02000273,S02000691,6,0,0,0,-6,-6,-6,6,0,2,3,3,2.2,1,-1.1,3,-1.9
S02000273,S02000693,3,0,0,0,-3,-3,-3,3,0,1,2.1,1,1.5,1,-0.7,2,-1.3
S02000273,S02000701,3,0,0,0,-3,-3,-3,3,0,1,2.1,1,1.5,1,-0.7,2,-1.3
S02000273,S02000702,4,0,0,10,-4,-4,6,14,10,4,-0.2,6,-0.8,3,-1.6,8,0.7
S02000273,S02000705,6,0,0,7,-6,-6,1,13,7,4,1,6,0.2,2,-1.6,7,-0.2
S02000273,S02000710,0,3,5,0,5,3,0,8,8,2,-1.6,3,-0.2,1,2.9,5,0.2
S02000273,S02000712,0,6,4,0,4,6,0,10,10,3,-1.8,4,0.8,2,1.6,6,-0.7
S02000273,S02000716,3,0,0,0,-3,-3,-3,3,0,1,2.1,1,1.5,1,-0.7,2,-1.3
S02000273,S02000923,0,3,0,0,0,3,0,3,3,1,-1,1,1.5,1,-0.7,2,-1.3
S02000273,S02000993,4,0,0,0,-4,-4,-4,4,0,1,2.5,2,1.8,1,-0.9,2,-1.5
S02000273,S02001000,6,0,0,7,-6,-6,1,13,7,4,1,6,0.2,2,-1.6,7,-0.2
S02000273,S02001013,0,3,0,0,0,3,0,3,3,1,-1,1,1.5,1,-0.7,2,-1.3
S02000273,S02001014,3,0,0,0,-3,-3,-3,3,0,1,2.1,1,1.5,1,-0.7,2,-1.3
S02000273,S02001015,0,0,3,0,3,0,0,3,3,1,-1,1,-1.1,1,3.3,2,1
S02000273,S02001185,6,0,8,6,2,-6,0,20,14,6,-0.1,9,-0.9,4,2.2,11,0.7
S02000273,S02001186,0,0,0,3,0,0,3,3,3,1,-1,1,-1.1,1,-0.7,2,1
S02000273,S02001187,3,0,0,3,-3,-3,0,6,3,2,0.8,3,0.3,1,-1.1,3,-0.2
S02000273,S02001189,3,0,0,0,-3,-3,-3,3,0,1,2.1,1,1.5,1,-0.7,2,-1.3
S02000273,S02001194,4,0,0,0,-4,-4,-4,4,0,1,2.5,2,1.8,1,-0.9,2,-1.5
S02000274,S02000260,3,0,0,0,-3,-3,-3,3,0,1,2.1,1,1.5,1,-0.7,2,-1.3
S02000274,S02000262,0,0,0,8,0,0,8,8,8,2,-1.6,3,-1.8,1,-1.2,5,1.6
S02000274,S02000264,7,3,0,24,-7,-4,17,34,27,11,-1.1,14,-1.2,6,-2.5,20,1
S02000274,S02000267,0,4,0,3,0,4,3,7,7,2,-1.5,3,0.6,1,-1.1,4,-0.5
S02000274,S02000270,0,7,32,22,32,7,22,61,61,19,-4.4,26,-3.7,11,6.2,35,3.2
S02000274,S02000274,10,0,3,17,-7,-10,7,30,20,9,0.2,13,-0.8,6,-1.1,17,0.7
S02000274,S02000275,16,8,5,10,-11,-8,-6,39,23,12,1.1,17,1.8,7,-0.8,22,-1.6
S02000274,S02000277,3,0,0,14,-3,-3,11,17,14,5,-1,7,-1.6,3,-1.8,10,1.4
S02000274,S02000278,0,0,0,3,0,0,3,3,3,1,-1,1,-1.1,1,-0.7,2,1
S02000274,S02000279,4,3,0,0,-4,-1,-4,7,3,2,1.2,3,2.3,1,-1.1,4,-2
S02000274,S02000280,3,0,0,0,-3,-3,-3,3,0,1,2.1,1,1.5,1,-0.7,2,-1.3
S02000274,S02000281,61,21,11,55,-50,-40,-6,148,87,46,2.2,63,2.4,27,-3.1,85,-2.1
S02000274,S02000283,5,0,0,0,-5,-5,-5,5,0,2,2.8,2,2,1,-1,3,-1.7
S02000274,S02000286,13,0,0,6,-13,-13,-7,19,6,6,2.9,8,1.7,4,-1.9,11,-1.5
S02000274,S02000287,6,5,0,4,-6,-1,-2,15,9,5,0.6,6,1.8,3,-1.7,9,-1.6
S02000274,S02000611,0,3,0,0,0,3,0,3,3,1,-1,1,1.5,1,-0.7,2,-1.3
S02000274,S02000628,4,0,0,0,-4,-4,-4,4,0,1,2.5,2,1.8,1,-0.9,2,-1.5
S02000274,S02000634,4,0,0,3,-4,-4,-1,7,3,2,1.2,3,0.6,1,-1.1,4,-0.5
S02000274,S02000635,5,0,0,3,-5,-5,-2,8,3,2,1.6,3,0.9,1,-1.2,5,-0.7
S02000274,S02000648,0,3,0,0,0,3,0,3,3,1,-1,1,1.5,1,-0.7,2,-1.3
S02000274,S02000649,0,3,0,0,0,3,0,3,3,1,-1,1,1.5,1,-0.7,2,-1.3
S02000274,S02000651,0,0,3,0,3,0,0,3,3,1,-1,1,-1.1,1,3.3,2,1
S02000274,S02000655,20,7,68,19,48,-13,-1,114,94,36,-2.6,48,-3.1,21,10.2,66,2.7
S02000274,S02000656,0,4,0,0,0,4,0,4,4,1,-1.1,2,1.8,1,-0.9,2,-1.5
S02000274,S02000658,47,0,7,39,-40,-47,-8,93,46,29,3.4,40,1.2,17,-2.5,53,-1
S02000274,S02000659,0,0,4,0,4,0,0,4,4,1,-1.1,2,-1.3,1,3.8,2,1.1
S02000274,S02000660,3,0,4,0,1,-3,-3,7,4,2,0.6,3,0,1,2.4,4,0
S02000274,S02000661,3,0,3,0,0,-3,-3,6,3,2,0.8,3,0.3,1,1.8,3,-0.2
S02000274,S02000663,0,3,0,6,0,3,6,9,9,3,-1.7,4,-0.4,2,-1.3,5,0.4
S02000274,S02000664,6,0,0,0,-6,-6,-6,6,0,2,3,3,2.2,1,-1.1,3,-1.9
S02000274,S02000665,0,0,0,4,0,0,4,4,4,1,-1.1,2,-1.3,1,-0.9,2,1.1
S02000274,S02000667,3,0,0,0,-3,-3,-3,3,0,1,2.1,1,1.5,1,-0.7,2,-1.3
S02000274,S02000669,0,0,4,0,4,0,0,4,4,1,-1.1,2,-1.3,1,3.8,2,1.1
S02000274,S02000670,6,0,0,3,-6,-6,-3,9,3,3,1.9,4,1.1,2,-1.3,5,-1
S02000274,S02000672,0,0,0,11,0,0,11,11,11,3,-1.9,5,-2.2,2,-1.4,6,1.9
S02000274,S02000674,4,0,0,3,-4,-4,-1,7,3,2,1.2,3,0.6,1,-1.1,4,-0.5
S02000274,S02000676,0,0,0,5,0,0,5,5,5,2,-1.2,2,-1.5,1,-1,3,1.3
S02000274,S02000680,3,0,0,4,-3,-3,1,7,4,2,0.6,3,0,1,-1.1,4,0
S02000274,S02000684,0,6,0,0,0,6,0,6,6,2,-1.4,3,2.2,1,-1.1,3,-1.9
S02000274,S02000689,12,0,0,3,-12,-12,-9,15,3,5,3.4,6,2.2,3,-1.7,9,-1.9
S02000274,S02000691,42,0,0,0,-42,-42,-42,42,0,13,8,18,5.7,8,-2.8,24,-4.9
S02000274,S02000692,3,0,0,0,-3,-3,-3,3,0,1,2.1,1,1.5,1,-0.7,2,-1.3
S02000274,S02000695,0,0,0,4,0,0,4,4,4,1,-1.1,2,-1.3,1,-0.9,2,1.1
S02000274,S02000697,4,0,0,0,-4,-4,-4,4,0,1,2.5,2,1.8,1,-0.9,2,-1.5
S02000274,S02000777,0,0,0,3,0,0,3,3,3,1,-1,1,-1.1,1,-0.7,2,1
S02000274,S02001010,6,0,0,4,-6,-6,-2,10,4,3,1.6,4,0.8,2,-1.4,6,-0.7
S02000274,S02001013,0,3,0,0,0,3,0,3,3,1,-1,1,1.5,1,-0.7,2,-1.3
S02000274,S02001015,3,3,0,4,-3,0,1,10,7,3,-0.1,4,0.8,2,-1.4,6,-0.7
S02000274,S02001162,0,0,0,3,0,0,3,3,3,1,-1,1,-1.1,1,-0.7,2,1
S02000274,S02001185,0,0,5,0,5,0,0,5,5,2,-1.2,2,-1.5,1,4.2,3,1.3
S02000275,S02000260,3,0,0,0,-3,-3,-3,3,0,1,2.1,1,1.5,1,-0.7,2,-1.3
S02000275,S02000262,0,0,0,3,0,0,3,3,3,1,-1,1,-1.1,1,-0.7,2,1
S02000275,S02000264,7,3,3,22,-4,-4,15,35,28,11,-1.2,15,-1.3,6,-1.4,20,1.1
S02000275,S02000267,4,0,0,8,-4,-4,4,12,8,4,0.1,5,-0.5,2,-1.5,7,0.4
S02000275,S02000268,0,0,0,4,0,0,4,4,4,1,-1.1,2,-1.3,1,-0.9,2,1.1
S02000275,S02000270,10,7,30,22,20,-3,12,69,59,21,-2.5,29,-2.3,13,4.8,40,2
S02000275,S02000274,0,0,0,9,0,0,9,9,9,3,-1.7,4,-2,2,-1.3,5,1.7
S02000275,S02000275,29,9,9,14,-20,-20,-15,61,32,19,2.3,26,2.4,11,-0.7,35,-2
S02000275,S02000276,0,0,0,3,0,0,3,3,3,1,-1,1,-1.1,1,-0.7,2,1
S02000275,S02000277,0,0,0,17,0,0,17,17,17,5,-2.3,7,-2.7,3,-1.8,10,2.3
S02000275,S02000278,3,0,0,0,-3,-3,-3,3,0,1,2.1,1,1.5,1,-0.7,2,-1.3
S02000275,S02000279,0,0,0,4,0,0,4,4,4,1,-1.1,2,-1.3,1,-0.9,2,1.1
S02000275,S02000280,5,0,0,0,-5,-5,-5,5,0,2,2.8,2,2,1,-1,3,-1.7
S02000275,S02000281,49,37,15,62,-34,-12,13,163,114,51,-0.2,69,2,30,-2.8,94,-1.7
S02000275,S02000286,12,0,0,3,-12,-12,-9,15,3,5,3.4,6,2.2,3,-1.7,9,-1.9
S02000275,S02000287,3,5,0,5,-3,2,2,13,10,4,-0.5,6,1.1,2,-1.6,7,-0.9
S02000275,S02000603,0,0,0,3,0,0,3,3,3,1,-1,1,-1.1,1,-0.7,2,1
S02000275,S02000625,0,0,0,4,0,0,4,4,4,1,-1.1,2,-1.3,1,-0.9,2,1.1
S02000275,S02000628,7,0,0,0,-7,-7,-7,7,0,2,3.3,3,2.3,1,-1.1,4,-2
S02000275,S02000629,3,0,0,0,-3,-3,-3,3,0,1,2.1,1,1.5,1,-0.7,2,-1.3
S02000275,S02000633,9,0,0,0,-9,-9,-9,9,0,3,3.7,4,2.6,2,-1.3,5,-2.3
S02000275,S02000634,4,0,0,0,-4,-4,-4,4,0,1,2.5,2,1.8,1,-0.9,2,-1.5
S02000275,S02000642,0,0,3,0,3,0,0,3,3,1,-1,1,-1.1,1,3.3,2,1
S02000275,S02000644,0,0,5,0,5,0,0,5,5,2,-1.2,2,-1.5,1,4.2,3,1.3
S02000275,S02000651,0,3,4,0,4,3,0,7,7,2,-1.5,3,0,1,2.4,4,0
S02000275,S02000655,28,4,79,21,51,-24,-7,132,104,41,-2,56,-3.2,24,11,76,2.8
S02000275,S02000656,0,5,0,0,0,5,0,5,5,2,-1.2,2,2,1,-1,3,-1.7
S02000275,S02000657,0,0,0,3,0,0,3,3,3,1,-1,1,-1.1,1,-0.7,2,1
S02000275,S02000658,42,6,13,45,-29,-36,3,106,64,33,1.6,45,0.4,20,-1.5,61,-0.4
S02000275,S02000660,8,0,0,0,-8,-8,-8,8,0,2,3.5,3,2.5,1,-1.2,5,-2.1
S02000275,S02000661,3,0,5,3,2,-3,0,11,8,3,-0.2,5,-0.8,2,2.1,6,0.7
S02000275,S02000663,0,3,0,0,0,3,0,3,3,1,-1,1,1.5,1,-0.7,2,-1.3
S02000275,S02000664,9,0,0,0,-9,-9,-9,9,0,3,3.7,4,2.6,2,-1.3,5,-2.3
S02000275,S02000665,0,0,3,4,3,0,4,7,7,2,-1.5,3,-1.7,1,1.5,4,1.5
S02000275,S02000667,5,0,0,0,-5,-5,-5,5,0,2,2.8,2,2,1,-1,3,-1.7
S02000275,S02000669,0,0,0,4,0,0,4,4,4,1,-1.1,2,-1.3,1,-0.9,2,1.1
S02000275,S02000670,6,0,0,0,-6,-6,-6,6,0,2,3,3,2.2,1,-1.1,3,-1.9
S02000275,S02000672,0,0,0,14,0,0,14,14,14,4,-2.1,6,-2.4,3,-1.6,8,2.1
S02000275,S02000676,5,0,0,5,-5,-5,0,10,5,3,1.1,4,0.4,2,-1.4,6,-0.3
S02000275,S02000680,0,0,0,3,0,0,3,3,3,1,-1,1,-1.1,1,-0.7,2,1
S02000275,S02000684,0,5,0,0,0,5,0,5,5,2,-1.2,2,2,1,-1,3,-1.7
S02000275,S02000689,16,0,0,5,-16,-16,-11,21,5,7,3.7,9,2.4,4,-2,12,-2
S02000275,S02000691,25,3,0,0,-25,-22,-25,28,3,9,5.5,12,4.7,5,-2.3,16,-4
S02000275,S02000693,4,0,0,0,-4,-4,-4,4,0,1,2.5,2,1.8,1,-0.9,2,-1.5
S02000275,S02000695,0,0,0,8,0,0,8,8,8,2,-1.6,3,-1.8,1,-1.2,5,1.6
S02000275,S02000697,4,0,0,0,-4,-4,-4,4,0,1,2.5,2,1.8,1,-0.9,2,-1.5
S02000275,S02000710,0,0,3,0,3,0,0,3,3,1,-1,1,-1.1,1,3.3,2,1
S02000275,S02000925,3,3,0,0,-3,0,-3,6,3,2,0.8,3,2.2,1,-1.1,3,-1.9
S02000275,S02000927,0,3,0,0,0,3,0,3,3,1,-1,1,1.5,1,-0.7,2,-1.3
S02000275,S02001010,7,0,0,0,-7,-7,-7,7,0,2,3.3,3,2.3,1,-1.1,4,-2
S02000275,S02001015,0,3,3,0,3,3,0,6,6,2,-1.4,3,0.3,1,1.8,3,-0.2
S02000275,S02001154,0,0,0,3,0,0,3,3,3,1,-1,1,-1.1,1,-0.7,2,1
S02000275,S02001161,5,0,0,0,-5,-5,-5,5,0,2,2.8,2,2,1,-1,3,-1.7
S02000275,S02001185,0,3,0,0,0,3,0,3,3,1,-1,1,1.5,1,-0.7,2,-1.3
S02000275,S02001188,0,0,0,3,0,0,3,3,3,1,-1,1,-1.1,1,-0.7,2,1
S02000275,S02001190,0,3,0,0,0,3,0,3,3,1,-1,1,1.5,1,-0.7,2,-1.3
S02000276,S02000263,3,0,4,3,1,-3,0,10,7,3,-0.1,4,-0.6,2,1.6,6,0.5
S02000276,S02000264,4,0,0,5,-4,-4,1,9,5,3,0.7,4,0.1,2,-1.3,5,-0.1
S02000276,S02000266,0,0,0,6,0,0,6,6,6,2,-1.4,3,-1.6,1,-1.1,3,1.4
S02000276,S02000269,11,0,4,20,-7,-11,9,35,24,11,0,15,-1,6,-1,20,0.9
S02000276,S02000270,0,0,0,3,0,0,3,3,3,1,-1,1,-1.1,1,-0.7,2,1
S02000276,S02000271,5,5,0,4,-5,0,-1,14,9,4,0.3,6,1.7,3,-1.6,8,-1.4
S02000276,S02000272,4,0,10,18,6,-4,14,32,28,10,-1.9,14,-2.6,6,1.7,18,2.2
S02000276,S02000273,0,0,0,7,0,0,7,7,7,2,-1.5,3,-1.7,1,-1.1,4,1.5
S02000276,S02000274,0,0,0,5,0,0,5,5,5,2,-1.2,2,-1.5,1,-1,3,1.3
S02000276,S02000275,3,0,0,0,-3,-3,-3,3,0,1,2.1,1,1.5,1,-0.7,2,-1.3
S02000276,S02000276,18,4,0,34,-18,-14,16,56,38,17,0.1,24,-0.4,10,-3.2,32,0.3
S02000276,S02000277,0,0,0,8,0,0,8,8,8,2,-1.6,3,-1.8,1,-1.2,5,1.6
S02000276,S02000278,3,0,0,0,-3,-3,-3,3,0,1,2.1,1,1.5,1,-0.7,2,-1.3
S02000276,S02000279,7,0,4,25,-3,-7,18,36,29,11,-1.3,15,-2.1,7,-1,21,1.8
S02000276,S02000281,7,0,0,4,-7,-7,-3,11,4,3,1.9,5,1.1,2,-1.4,6,-0.9
S02000276,S02000284,0,0,0,3,0,0,3,3,3,1,-1,1,-1.1,1,-0.7,2,1
S02000276,S02000285,0,0,0,7,0,0,7,7,7,2,-1.5,3,-1.7,1,-1.1,4,1.5
S02000276,S02000312,0,0,0,3,0,0,3,3,3,1,-1,1,-1.1,1,-0.7,2,1
S02000276,S02000597,0,0,3,0,3,0,0,3,3,1,-1,1,-1.1,1,3.3,2,1
S02000276,S02000599,4,3,0,0,-4,-1,-4,7,3,2,1.2,3,2.3,1,-1.1,4,-2
S02000276,S02000603,0,0,0,3,0,0,3,3,3,1,-1,1,-1.1,1,-0.7,2,1
S02000276,S02000608,3,0,0,0,-3,-3,-3,3,0,1,2.1,1,1.5,1,-0.7,2,-1.3
S02000276,S02000620,0,0,0,3,0,0,3,3,3,1,-1,1,-1.1,1,-0.7,2,1
S02000276,S02000633,4,0,0,0,-4,-4,-4,4,0,1,2.5,2,1.8,1,-0.9,2,-1.5
S02000276,S02000634,6,0,0,6,-6,-6,0,12,6,4,1.2,5,0.4,2,-1.5,7,-0.3
S02000276,S02000635,0,0,0,6,0,0,6,6,6,2,-1.4,3,-1.6,1,-1.1,3,1.4
S02000276,S02000638,4,0,0,0,-4,-4,-4,4,0,1,2.5,2,1.8,1,-0.9,2,-1.5
S02000276,S02000644,3,0,4,0,1,-3,-3,7,4,2,0.6,3,0,1,2.4,4,0
S02000276,S02000651,0,3,13,4,13,3,4,20,20,6,-2.5,9,-1.9,4,4.8,11,1.6
S02000276,S02000655,36,10,124,56,88,-26,20,226,190,70,-4.1,96,-5.1,42,12.7,130,4.4
S02000276,S02000656,3,8,0,0,-3,5,-3,11,8,3,-0.2,5,2.9,2,-1.4,6,-2.5
S02000276,S02000658,41,3,7,67,-34,-38,26,118,77,37,0.7,50,-0.9,22,-3.2,68,0.8
S02000276,S02000659,0,0,3,0,3,0,0,3,3,1,-1,1,-1.1,1,3.3,2,1
S02000276,S02000660,20,0,3,0,-17,-20,-20,23,3,7,4.8,10,3.3,4,-0.6,13,-2.8
S02000276,S02000661,20,0,8,8,-12,-20,-12,36,16,11,2.6,15,1.2,7,0.5,21,-1
S02000276,S02000663,0,5,0,4,0,5,4,9,9,3,-1.7,4,0.6,2,-1.3,5,-0.5
S02000276,S02000664,21,0,0,8,-21,-21,-13,29,8,9,4,12,2.5,5,-2.3,17,-2.1
S02000276,S02000665,0,0,11,5,11,0,5,16,16,5,-2.2,7,-2.6,3,4.7,9,2.2
S02000276,S02000666,0,0,0,5,0,0,5,5,5,2,-1.2,2,-1.5,1,-1,3,1.3
S02000276,S02000668,3,0,0,0,-3,-3,-3,3,0,1,2.1,1,1.5,1,-0.7,2,-1.3
S02000276,S02000669,3,0,4,6,1,-3,3,13,10,4,-0.5,6,-1.1,2,1,7,0.9
S02000276,S02000670,7,0,0,0,-7,-7,-7,7,0,2,3.3,3,2.3,1,-1.1,4,-2
S02000276,S02000671,0,0,0,3,0,0,3,3,3,1,-1,1,-1.1,1,-0.7,2,1
S02000276,S02000672,0,0,4,47,4,0,47,51,51,16,-4,22,-4.7,9,-1.8,29,4
S02000276,S02000673,0,0,0,7,0,0,7,7,7,2,-1.5,3,-1.7,1,-1.1,4,1.5
S02000276,S02000676,5,7,0,0,-5,2,-5,12,7,4,0.7,5,3.1,2,-1.5,7,-2.6
S02000276,S02000677,0,4,0,0,0,4,0,4,4,1,-1.1,2,1.8,1,-0.9,2,-1.5
S02000276,S02000679,0,0,0,3,0,0,3,3,3,1,-1,1,-1.1,1,-0.7,2,1
S02000276,S02000681,3,0,0,0,-3,-3,-3,3,0,1,2.1,1,1.5,1,-0.7,2,-1.3
S02000276,S02000684,3,12,0,0,-3,9,-3,15,12,5,-0.8,6,3.4,3,-1.7,9,-2.9
S02000276,S02000687,0,0,0,4,0,0,4,4,4,1,-1.1,2,-1.3,1,-0.9,2,1.1
S02000276,S02000688,5,0,0,3,-5,-5,-2,8,3,2,1.6,3,0.9,1,-1.2,5,-0.7
S02000276,S02000689,36,0,0,13,-36,-36,-23,49,13,15,5.3,21,3.3,9,-3,28,-2.9
S02000276,S02000691,11,0,0,6,-11,-11,-5,17,6,5,2.5,7,1.4,3,-1.8,10,-1.2
S02000276,S02000693,4,0,0,0,-4,-4,-4,4,0,1,2.5,2,1.8,1,-0.9,2,-1.5
S02000276,S02000696,3,0,0,0,-3,-3,-3,3,0,1,2.1,1,1.5,1,-0.7,2,-1.3
S02000276,S02000701,3,0,0,0,-3,-3,-3,3,0,1,2.1,1,1.5,1,-0.7,2,-1.3
S02000276,S02000702,3,0,5,11,2,-3,8,19,16,6,-1.2,8,-1.8,4,0.8,11,1.5
S02000276,S02000705,4,0,0,0,-4,-4,-4,4,0,1,2.5,2,1.8,1,-0.9,2,-1.5
S02000276,S02000710,0,0,5,8,5,0,8,13,13,4,-2,6,-2.4,2,1.7,7,2
S02000276,S02000712,5,4,3,6,-2,-1,1,18,13,6,-0.3,8,0.5,3,-0.2,10,-0.4
S02000276,S02000713,0,0,0,4,0,0,4,4,4,1,-1.1,2,-1.3,1,-0.9,2,1.1
S02000276,S02000716,10,0,0,0,-10,-10,-10,10,0,3,3.9,4,2.8,2,-1.4,6,-2.4
S02000276,S02000925,3,0,0,0,-3,-3,-3,3,0,1,2.1,1,1.5,1,-0.7,2,-1.3
S02000276,S02000993,4,0,0,0,-4,-4,-4,4,0,1,2.5,2,1.8,1,-0.9,2,-1.5
S02000276,S02001000,3,0,0,5,-3,-3,2,8,5,2,0.3,3,-0.2,1,-1.2,5,0.2
S02000276,S02001010,23,4,0,0,-23,-19,-23,27,4,8,5,11,4.6,5,-2.2,16,-3.9
S02000276,S02001013,3,5,3,8,0,2,5,19,16,6,-1.2,8,0,4,-0.3,11,0
S02000276,S02001015,0,7,3,5,3,7,5,15,15,5,-2.2,6,0.2,3,0.1,9,-0.2
S02000276,S02001185,19,6,16,15,-3,-13,-4,56,37,17,0.4,24,0.2,10,1.8,32,-0.2
S02000276,S02001186,0,0,0,4,0,0,4,4,4,1,-1.1,2,-1.3,1,-0.9,2,1.1
S02000276,S02001187,8,0,0,6,-8,-8,-2,14,6,4,1.7,6,0.8,3,-1.6,8,-0.7
S02000276,S02001189,3,0,0,4,-3,-3,1,7,4,2,0.6,3,0,1,-1.1,4,0
S02000276,S02001190,0,3,0,3,0,3,3,6,6,2,-1.4,3,0.3,1,-1.1,3,-0.2
S02000276,S02001192,5,3,0,4,-5,-2,-1,12,7,4,0.7,5,1.3,2,-1.5,7,-1.1
S02000276,S02001194,4,0,0,0,-4,-4,-4,4,0,1,2.5,2,1.8,1,-0.9,2,-1.5
S02000276,S02001198,0,0,0,3,0,0,3,3,3,1,-1,1,-1.1,1,-0.7,2,1
S02000277,S02000260,9,0,0,3,-9,-9,-6,12,3,4,2.7,5,1.7,2,-1.5,7,-1.5
S02000277,S02000262,3,0,0,3,-3,-3,0,6,3,2,0.8,3,0.3,1,-1.1,3,-0.2
S02000277,S02000264,15,0,5,31,-10,-15,16,51,36,16,-0.2,22,-1.4,9,-1.4,29,1.2
S02000277,S02000267,0,0,0,4,0,0,4,4,4,1,-1.1,2,-1.3,1,-0.9,2,1.1
S02000277,S02000268,5,0,0,0,-5,-5,-5,5,0,2,2.8,2,2,1,-1,3,-1.7
S02000277,S02000269,0,0,0,3,0,0,3,3,3,1,-1,1,-1.1,1,-0.7,2,1
S02000277,S02000270,7,7,24,13,17,0,6,51,44,16,-2.2,22,-1.7,9,4.7,29,1.4
S02000277,S02000274,4,0,5,18,1,-4,14,27,23,8,-1.5,11,-2.2,5,0,16,1.9
S02000277,S02000275,18,9,4,5,-14,-9,-13,36,18,11,2,15,3,7,-1,21,-2.6
S02000277,S02000277,10,10,5,29,-5,0,19,54,44,17,-1.7,23,-0.6,10,-1.6,31,0.5
S02000277,S02000278,3,0,0,6,-3,-3,3,9,6,3,0.1,4,-0.4,2,-1.3,5,0.4
S02000277,S02000279,0,0,0,4,0,0,4,4,4,1,-1.1,2,-1.3,1,-0.9,2,1.1
S02000277,S02000280,8,6,3,13,-5,-2,5,30,22,9,-0.4,13,0.3,6,-1.1,17,-0.3
S02000277,S02000281,61,50,38,105,-23,-11,44,254,193,79,-2,108,0.3,47,-1.3,146,-0.2
S02000277,S02000283,0,5,0,3,0,5,3,8,8,2,-1.6,3,0.9,1,-1.2,5,-0.7
S02000277,S02000286,7,0,0,0,-7,-7,-7,7,0,2,3.3,3,2.3,1,-1.1,4,-2
S02000277,S02000287,4,4,0,0,-4,0,-4,8,4,2,1,3,2.5,1,-1.2,5,-2.1
S02000277,S02000633,0,0,0,3,0,0,3,3,3,1,-1,1,-1.1,1,-0.7,2,1
S02000277,S02000644,3,0,0,0,-3,-3,-3,3,0,1,2.1,1,1.5,1,-0.7,2,-1.3
S02000277,S02000655,21,4,55,24,34,-17,3,104,83,32,-2,44,-2.9,19,8.2,60,2.5
S02000277,S02000656,4,4,0,0,-4,0,-4,8,4,2,1,3,2.5,1,-1.2,5,-2.1
S02000277,S02000658,37,8,12,26,-25,-29,-11,83,46,26,2.2,35,1.6,15,-0.9,48,-1.4
S02000277,S02000660,5,0,0,3,-5,-5,-2,8,3,2,1.6,3,0.9,1,-1.2,5,-0.7
S02000277,S02000661,0,0,3,6,3,0,6,9,9,3,-1.7,4,-2,2,1,5,1.7
S02000277,S02000663,0,0,7,0,7,0,0,7,7,2,-1.5,3,-1.7,1,5,4,1.5
S02000277,S02000669,0,0,3,0,3,0,0,3,3,1,-1,1,-1.1,1,3.3,2,1
S02000277,S02000670,9,0,0,0,-9,-9,-9,9,0,3,3.7,4,2.6,2,-1.3,5,-2.3
S02000277,S02000672,0,0,0,6,0,0,6,6,6,2,-1.4,3,-1.6,1,-1.1,3,1.4
S02000277,S02000674,0,0,0,3,0,0,3,3,3,1,-1,1,-1.1,1,-0.7,2,1
S02000277,S02000676,0,0,3,3,3,0,3,6,6,2,-1.4,3,-1.6,1,1.8,3,1.4
S02000277,S02000678,0,0,0,4,0,0,4,4,4,1,-1.1,2,-1.3,1,-0.9,2,1.1
S02000277,S02000680,0,0,0,4,0,0,4,4,4,1,-1.1,2,-1.3,1,-0.9,2,1.1
S02000277,S02000684,4,5,0,0,-4,1,-4,9,5,3,0.7,4,2.6,2,-1.3,5,-2.3
S02000277,S02000688,7,0,0,0,-7,-7,-7,7,0,2,3.3,3,2.3,1,-1.1,4,-2
S02000277,S02000689,11,0,0,0,-11,-11,-11,11,0,3,4.1,5,2.9,2,-1.4,6,-2.5
S02000277,S02000691,42,0,3,6,-39,-42,-36,51,9,16,6.6,22,4.4,9,-2.1,29,-3.8
S02000277,S02000697,8,0,0,0,-8,-8,-8,8,0,2,3.5,3,2.5,1,-1.2,5,-2.1
S02000277,S02000716,3,0,0,0,-3,-3,-3,3,0,1,2.1,1,1.5,1,-0.7,2,-1.3
S02000277,S02001000,0,0,0,6,0,0,6,6,6,2,-1.4,3,-1.6,1,-1.1,3,1.4
S02000277,S02001010,0,3,0,0,0,3,0,3,3,1,-1,1,1.5,1,-0.7,2,-1.3
S02000277,S02001185,0,0,4,0,4,0,0,4,4,1,-1.1,2,-1.3,1,3.8,2,1.1
S02000277,S02001192,3,0,0,0,-3,-3,-3,3,0,1,2.1,1,1.5,1,-0.7,2,-1.3
S02000278,S02000260,3,3,0,0,-3,0,-3,6,3,2,0.8,3,2.2,1,-1.1,3,-1.9
S02000278,S02000262,0,0,0,5,0,0,5,5,5,2,-1.2,2,-1.5,1,-1,3,1.3
S02000278,S02000263,0,0,0,3,0,0,3,3,3,1,-1,1,-1.1,1,-0.7,2,1
S02000278,S02000264,3,0,0,21,-3,-3,18,24,21,7,-1.6,10,-2.3,4,-2.1,14,1.9
S02000278,S02000266,0,0,0,18,0,0,18,18,18,6,-2.4,8,-2.8,3,-1.8,10,2.4
S02000278,S02000268,0,0,0,5,0,0,5,5,5,2,-1.2,2,-1.5,1,-1,3,1.3
S02000278,S02000270,0,0,11,16,11,0,16,27,27,8,-2.9,11,-3.4,5,2.7,16,2.9
S02000278,S02000272,0,0,0,3,0,0,3,3,3,1,-1,1,-1.1,1,-0.7,2,1
S02000278,S02000275,8,0,4,4,-4,-8,-4,16,8,5,1.4,7,0.5,3,0.6,9,-0.4
S02000278,S02000276,0,0,0,3,0,0,3,3,3,1,-1,1,-1.1,1,-0.7,2,1
S02000278,S02000277,0,0,0,4,0,0,4,4,4,1,-1.1,2,-1.3,1,-0.9,2,1.1
S02000278,S02000278,14,4,5,45,-9,-10,31,68,54,21,-1.6,29,-2,13,-2.1,39,1.7
S02000278,S02000279,4,0,0,9,-4,-4,5,13,9,4,0,6,-0.7,2,-1.6,7,0.6
S02000278,S02000280,0,0,0,4,0,0,4,4,4,1,-1.1,2,-1.3,1,-0.9,2,1.1
S02000278,S02000281,18,14,3,14,-15,-4,-4,49,31,15,0.7,21,2.4,9,-2,28,-2.1
S02000278,S02000284,0,0,0,3,0,0,3,3,3,1,-1,1,-1.1,1,-0.7,2,1
S02000278,S02000285,3,0,0,0,-3,-3,-3,3,0,1,2.1,1,1.5,1,-0.7,2,-1.3
S02000278,S02000287,0,0,4,4,4,0,4,8,8,2,-1.6,3,-1.8,1,2.1,5,1.6
S02000278,S02000626,0,0,0,3,0,0,3,3,3,1,-1,1,-1.1,1,-0.7,2,1
S02000278,S02000633,6,0,0,0,-6,-6,-6,6,0,2,3,3,2.2,1,-1.1,3,-1.9
S02000278,S02000634,7,0,0,0,-7,-7,-7,7,0,2,3.3,3,2.3,1,-1.1,4,-2
S02000278,S02000635,3,0,0,0,-3,-3,-3,3,0,1,2.1,1,1.5,1,-0.7,2,-1.3
S02000278,S02000644,0,3,0,0,0,3,0,3,3,1,-1,1,1.5,1,-0.7,2,-1.3
S02000278,S02000655,32,7,59,29,27,-25,-3,127,95,40,-1.2,54,-2,23,7.3,73,1.8
S02000278,S02000656,3,6,0,0,-3,3,-3,9,6,3,0.1,4,2.6,2,-1.3,5,-2.3
S02000278,S02000658,34,5,14,39,-20,-29,5,92,58,29,1,39,0,17,-0.7,53,0
S02000278,S02000660,10,0,0,0,-10,-10,-10,10,0,3,3.9,4,2.8,2,-1.4,6,-2.4
S02000278,S02000661,6,0,0,0,-6,-6,-6,6,0,2,3,3,2.2,1,-1.1,3,-1.9
S02000278,S02000664,3,0,0,0,-3,-3,-3,3,0,1,2.1,1,1.5,1,-0.7,2,-1.3
S02000278,S02000665,0,0,5,0,5,0,0,5,5,2,-1.2,2,-1.5,1,4.2,3,1.3
S02000278,S02000666,0,0,0,4,0,0,4,4,4,1,-1.1,2,-1.3,1,-0.9,2,1.1
S02000278,S02000667,3,0,0,0,-3,-3,-3,3,0,1,2.1,1,1.5,1,-0.7,2,-1.3
S02000278,S02000669,0,0,4,3,4,0,3,7,7,2,-1.5,3,-1.7,1,2.4,4,1.5
S02000278,S02000670,5,0,4,0,-1,-5,-5,9,4,3,1.3,4,0.6,2,1.8,5,-0.5
S02000278,S02000672,0,0,0,26,0,0,26,26,26,8,-2.8,11,-3.3,5,-2.2,15,2.9
S02000278,S02000674,4,0,0,0,-4,-4,-4,4,0,1,2.5,2,1.8,1,-0.9,2,-1.5
S02000278,S02000675,4,0,0,5,-4,-4,1,9,5,3,0.7,4,0.1,2,-1.3,5,-0.1
S02000278,S02000676,5,0,0,3,-5,-5,-2,8,3,2,1.6,3,0.9,1,-1.2,5,-0.7
S02000278,S02000689,12,0,0,4,-12,-12,-8,16,4,5,3.1,7,2,3,-1.7,9,-1.7
S02000278,S02000691,15,0,0,3,-15,-15,-12,18,3,6,4,8,2.7,3,-1.8,10,-2.3
S02000278,S02000693,4,0,0,0,-4,-4,-4,4,0,1,2.5,2,1.8,1,-0.9,2,-1.5
S02000278,S02000695,0,0,0,4,0,0,4,4,4,1,-1.1,2,-1.3,1,-0.9,2,1.1
S02000278,S02000696,4,0,0,0,-4,-4,-4,4,0,1,2.5,2,1.8,1,-0.9,2,-1.5
S02000278,S02000701,3,13,0,0,-3,10,-3,16,13,5,-0.9,7,3.5,3,-1.7,9,-3
S02000278,S02000702,3,0,0,4,-3,-3,1,7,4,2,0.6,3,0,1,-1.1,4,0
S02000278,S02000710,0,0,3,3,3,0,3,6,6,2,-1.4,3,-1.6,1,1.8,3,1.4
S02000278,S02000712,0,5,0,0,0,5,0,5,5,2,-1.2,2,2,1,-1,3,-1.7
S02000278,S02000713,0,0,0,6,0,0,6,6,6,2,-1.4,3,-1.6,1,-1.1,3,1.4
S02000278,S02000716,4,0,0,3,-4,-4,-1,7,3,2,1.2,3,0.6,1,-1.1,4,-0.5
S02000278,S02000923,3,0,3,0,0,-3,-3,6,3,2,0.8,3,0.3,1,1.8,3,-0.2
S02000278,S02000984,3,0,0,0,-3,-3,-3,3,0,1,2.1,1,1.5,1,-0.7,2,-1.3
S02000278,S02001000,0,0,0,4,0,0,4,4,4,1,-1.1,2,-1.3,1,-0.9,2,1.1
S02000278,S02001010,6,0,0,4,-6,-6,-2,10,4,3,1.6,4,0.8,2,-1.4,6,-0.7
S02000278,S02001013,0,3,0,0,0,3,0,3,3,1,-1,1,1.5,1,-0.7,2,-1.3
S02000278,S02001015,0,0,0,3,0,0,3,3,3,1,-1,1,-1.1,1,-0.7,2,1
S02000278,S02001016,0,4,0,0,0,4,0,4,4,1,-1.1,2,1.8,1,-0.9,2,-1.5
S02000278,S02001185,8,0,7,0,-1,-8,-8,15,7,5,1.5,6,0.6,3,2.5,9,-0.6
S02000278,S02001186,3,0,0,0,-3,-3,-3,3,0,1,2.1,1,1.5,1,-0.7,2,-1.3
S02000278,S02001195,3,0,0,0,-3,-3,-3,3,0,1,2.1,1,1.5,1,-0.7,2,-1.3
S02000279,S02000262,0,0,0,8,0,0,8,8,8,2,-1.6,3,-1.8,1,-1.2,5,1.6
S02000279,S02000263,0,0,0,3,0,0,3,3,3,1,-1,1,-1.1,1,-0.7,2,1
S02000279,S02000264,0,0,0,5,0,0,5,5,5,2,-1.2,2,-1.5,1,-1,3,1.3
S02000279,S02000266,0,0,0,6,0,0,6,6,6,2,-1.4,3,-1.6,1,-1.1,3,1.4
S02000279,S02000269,3,0,0,12,-3,-3,9,15,12,5,-0.8,6,-1.3,3,-1.7,9,1.2
S02000279,S02000270,0,0,0,7,0,0,7,7,7,2,-1.5,3,-1.7,1,-1.1,4,1.5
S02000279,S02000272,3,0,3,14,0,-3,11,20,17,6,-1.3,9,-1.9,4,-0.4,11,1.6
S02000279,S02000273,0,0,0,7,0,0,7,7,7,2,-1.5,3,-1.7,1,-1.1,4,1.5
S02000279,S02000275,3,0,0,0,-3,-3,-3,3,0,1,2.1,1,1.5,1,-0.7,2,-1.3
S02000279,S02000276,0,0,0,11,0,0,11,11,11,3,-1.9,5,-2.2,2,-1.4,6,1.9
S02000279,S02000277,0,0,0,4,0,0,4,4,4,1,-1.1,2,-1.3,1,-0.9,2,1.1
S02000279,S02000278,0,0,0,6,0,0,6,6,6,2,-1.4,3,-1.6,1,-1.1,3,1.4
S02000279,S02000279,16,7,5,58,-11,-9,42,86,70,27,-2.1,37,-2.2,16,-2.7,49,1.9
S02000279,S02000281,4,0,0,0,-4,-4,-4,4,0,1,2.5,2,1.8,1,-0.9,2,-1.5
S02000279,S02000282,0,0,5,11,5,0,11,16,16,5,-2.2,7,-2.6,3,1.2,9,2.2
S02000279,S02000284,4,5,0,3,-4,1,-1,12,8,4,0.1,5,1.7,2,-1.5,7,-1.5
S02000279,S02000285,3,0,0,10,-3,-3,7,13,10,4,-0.5,6,-1.1,2,-1.6,7,0.9
S02000279,S02000599,3,4,0,0,-3,1,-3,7,4,2,0.6,3,2.3,1,-1.1,4,-2
S02000279,S02000625,0,0,0,5,0,0,5,5,5,2,-1.2,2,-1.5,1,-1,3,1.3
S02000279,S02000628,3,0,0,0,-3,-3,-3,3,0,1,2.1,1,1.5,1,-0.7,2,-1.3
S02000279,S02000631,0,0,0,4,0,0,4,4,4,1,-1.1,2,-1.3,1,-0.9,2,1.1
S02000279,S02000633,4,3,0,0,-4,-1,-4,7,3,2,1.2,3,2.3,1,-1.1,4,-2
S02000279,S02000634,5,0,3,3,-2,-5,-2,11,6,3,0.9,5,0.1,2,0.7,6,-0.1
S02000279,S02000635,0,0,4,0,4,0,0,4,4,1,-1.1,2,-1.3,1,3.8,2,1.1
S02000279,S02000644,0,0,15,0,15,0,0,15,15,5,-2.2,6,-2.5,3,7.3,9,2.2
S02000279,S02000651,0,0,5,4,5,0,4,9,9,3,-1.7,4,-2,2,2.6,5,1.7
S02000279,S02000655,31,7,97,30,66,-24,-1,165,134,51,-2.8,70,-3.8,31,12,95,3.3
S02000279,S02000656,5,5,0,6,-5,0,1,16,11,5,0,7,1.2,3,-1.7,9,-1.1
S02000279,S02000658,23,4,10,52,-13,-19,29,89,66,28,-0.9,38,-1.8,16,-1.6,51,1.5
S02000279,S02000659,0,0,8,3,8,0,3,11,11,3,-1.9,5,-2.2,2,4.2,6,1.9
S02000279,S02000660,10,0,0,3,-10,-10,-7,13,3,4,3,6,1.9,2,-1.6,7,-1.6
S02000279,S02000661,10,0,5,3,-5,-10,-7,18,8,6,1.9,8,0.8,3,0.9,10,-0.7
S02000279,S02000664,8,0,0,5,-8,-8,-3,13,5,4,2,6,1.1,2,-1.6,7,-0.9
S02000279,S02000665,0,4,7,4,7,4,4,15,15,5,-2.2,6,-0.9,3,2.5,9,0.8
S02000279,S02000668,5,0,0,4,-5,-5,-1,9,4,3,1.3,4,0.6,2,-1.3,5,-0.5
S02000279,S02000670,3,3,0,0,-3,0,-3,6,3,2,0.8,3,2.2,1,-1.1,3,-1.9
S02000279,S02000672,0,0,0,42,0,0,42,42,42,13,-3.6,18,-4.2,8,-2.8,24,3.6
S02000279,S02000675,0,0,0,4,0,0,4,4,4,1,-1.1,2,-1.3,1,-0.9,2,1.1
S02000279,S02000676,9,5,3,0,-6,-4,-9,17,8,5,1.6,7,2.5,3,-0.1,10,-2.2
S02000279,S02000682,0,0,0,3,0,0,3,3,3,1,-1,1,-1.1,1,-0.7,2,1
S02000279,S02000683,0,0,0,3,0,0,3,3,3,1,-1,1,-1.1,1,-0.7,2,1
S02000279,S02000684,0,5,0,0,0,5,0,5,5,2,-1.2,2,2,1,-1,3,-1.7
S02000279,S02000688,6,0,0,0,-6,-6,-6,6,0,2,3,3,2.2,1,-1.1,3,-1.9
S02000279,S02000689,21,0,0,14,-21,-21,-7,35,14,11,3.1,15,1.6,6,-2.5,20,-1.4
S02000279,S02000691,8,0,0,4,-8,-8,-4,12,4,4,2.2,5,1.3,2,-1.5,7,-1.1
S02000279,S02000692,3,0,0,0,-3,-3,-3,3,0,1,2.1,1,1.5,1,-0.7,2,-1.3
S02000279,S02000693,4,0,0,0,-4,-4,-4,4,0,1,2.5,2,1.8,1,-0.9,2,-1.5
S02000279,S02000696,0,3,0,0,0,3,0,3,3,1,-1,1,1.5,1,-0.7,2,-1.3
S02000279,S02000701,0,3,0,0,0,3,0,3,3,1,-1,1,1.5,1,-0.7,2,-1.3
S02000279,S02000702,0,0,3,0,3,0,0,3,3,1,-1,1,-1.1,1,3.3,2,1
S02000279,S02000705,0,0,0,3,0,0,3,3,3,1,-1,1,-1.1,1,-0.7,2,1
S02000279,S02000710,3,0,0,4,-3,-3,1,7,4,2,0.6,3,0,1,-1.1,4,0
S02000279,S02000711,0,0,0,7,0,0,7,7,7,2,-1.5,3,-1.7,1,-1.1,4,1.5
S02000279,S02000712,7,0,0,0,-7,-7,-7,7,0,2,3.3,3,2.3,1,-1.1,4,-2
S02000279,S02000713,0,0,0,3,0,0,3,3,3,1,-1,1,-1.1,1,-0.7,2,1
S02000279,S02000927,0,4,0,0,0,4,0,4,4,1,-1.1,2,1.8,1,-0.9,2,-1.5
S02000279,S02001000,3,0,4,6,1,-3,3,13,10,4,-0.5,6,-1.1,2,1,7,0.9
S02000279,S02001010,7,0,0,0,-7,-7,-7,7,0,2,3.3,3,2.3,1,-1.1,4,-2
S02000279,S02001013,0,5,0,4,0,5,4,9,9,3,-1.7,4,0.6,2,-1.3,5,-0.5
S02000279,S02001185,8,6,6,8,-2,-2,0,28,20,9,-0.2,12,0.6,5,0.4,16,-0.5
S02000279,S02001187,9,0,0,4,-9,-9,-5,13,4,4,2.5,6,1.5,2,-1.6,7,-1.3
S02000279,S02001192,0,0,3,0,3,0,0,3,3,1,-1,1,-1.1,1,3.3,2,1
S02000280,S02000260,5,0,0,3,-5,-5,-2,8,3,2,1.6,3,0.9,1,-1.2,5,-0.7
S02000280,S02000264,12,4,6,29,-6,-8,17,51,39,16,-1,22,-1.2,9,-1.1,29,1.1
S02000280,S02000267,0,0,0,4,0,0,4,4,4,1,-1.1,2,-1.3,1,-0.9,2,1.1
S02000280,S02000268,0,0,0,4,0,0,4,4,4,1,-1.1,2,-1.3,1,-0.9,2,1.1
S02000280,S02000270,8,6,17,18,9,-2,10,49,41,15,-1.9,21,-1.5,9,2.6,28,1.3
S02000280,S02000274,3,0,0,8,-3,-3,5,11,8,3,-0.2,5,-0.8,2,-1.4,6,0.7
S02000280,S02000275,9,14,0,5,-9,5,-4,28,19,9,0.1,12,3.2,5,-2.3,16,-2.8
S02000280,S02000277,9,5,3,21,-6,-4,12,38,29,12,-0.8,16,-0.5,7,-1.5,22,0.5
S02000280,S02000279,0,0,0,3,0,0,3,3,3,1,-1,1,-1.1,1,-0.7,2,1
S02000280,S02000280,7,3,3,18,-4,-4,11,31,24,10,-0.9,13,-0.9,6,-1.1,18,0.8
S02000280,S02000281,82,46,23,63,-59,-36,-19,214,132,67,1.9,91,3.9,40,-2.6,123,-3.3
S02000280,S02000283,0,6,0,0,0,6,0,6,6,2,-1.4,3,2.2,1,-1.1,3,-1.9
S02000280,S02000286,16,0,0,0,-16,-16,-16,16,0,5,4.9,7,3.5,3,-1.7,9,-3
S02000280,S02000287,3,0,0,0,-3,-3,-3,3,0,1,2.1,1,1.5,1,-0.7,2,-1.3
S02000280,S02000602,0,0,0,3,0,0,3,3,3,1,-1,1,-1.1,1,-0.7,2,1
S02000280,S02000608,3,0,0,0,-3,-3,-3,3,0,1,2.1,1,1.5,1,-0.7,2,-1.3
S02000280,S02000622,0,0,0,3,0,0,3,3,3,1,-1,1,-1.1,1,-0.7,2,1
S02000280,S02000633,0,0,0,3,0,0,3,3,3,1,-1,1,-1.1,1,-0.7,2,1
S02000280,S02000634,5,0,0,3,-5,-5,-2,8,3,2,1.6,3,0.9,1,-1.2,5,-0.7
S02000280,S02000635,3,0,0,0,-3,-3,-3,3,0,1,2.1,1,1.5,1,-0.7,2,-1.3
S02000280,S02000648,0,0,0,4,0,0,4,4,4,1,-1.1,2,-1.3,1,-0.9,2,1.1
S02000280,S02000655,13,0,49,21,36,-13,8,83,70,26,-2.5,35,-3.8,15,8.6,48,3.2
S02000280,S02000656,0,4,0,0,0,4,0,4,4,1,-1.1,2,1.8,1,-0.9,2,-1.5
S02000280,S02000658,35,0,5,26,-30,-35,-9,66,31,21,3.2,28,1.3,12,-2.1,38,-1.1
S02000280,S02000661,0,0,0,5,0,0,5,5,5,2,-1.2,2,-1.5,1,-1,3,1.3
S02000280,S02000664,4,0,0,0,-4,-4,-4,4,0,1,2.5,2,1.8,1,-0.9,2,-1.5
S02000280,S02000665,0,0,0,3,0,0,3,3,3,1,-1,1,-1.1,1,-0.7,2,1
S02000280,S02000667,4,0,0,0,-4,-4,-4,4,0,1,2.5,2,1.8,1,-0.9,2,-1.5
S02000280,S02000670,7,4,0,5,-7,-3,-2,16,9,5,0.9,7,1.6,3,-1.7,9,-1.4
S02000280,S02000672,0,0,0,5,0,0,5,5,5,2,-1.2,2,-1.5,1,-1,3,1.3
S02000280,S02000675,0,0,0,4,0,0,4,4,4,1,-1.1,2,-1.3,1,-0.9,2,1.1
S02000280,S02000676,6,4,0,0,-6,-2,-6,10,4,3,1.6,4,2.8,2,-1.4,6,-2.4
S02000280,S02000685,0,0,0,3,0,0,3,3,3,1,-1,1,-1.1,1,-0.7,2,1
S02000280,S02000687,3,0,0,0,-3,-3,-3,3,0,1,2.1,1,1.5,1,-0.7,2,-1.3
S02000280,S02000689,7,0,0,4,-7,-7,-3,11,4,3,1.9,5,1.1,2,-1.4,6,-0.9
S02000280,S02000691,38,0,0,3,-38,-38,-35,41,3,13,7.1,17,4.9,8,-2.8,24,-4.2
S02000280,S02000695,0,0,0,3,0,0,3,3,3,1,-1,1,-1.1,1,-0.7,2,1
S02000280,S02000697,5,0,0,0,-5,-5,-5,5,0,2,2.8,2,2,1,-1,3,-1.7
S02000280,S02000716,3,0,0,0,-3,-3,-3,3,0,1,2.1,1,1.5,1,-0.7,2,-1.3
S02000280,S02001010,3,0,0,0,-3,-3,-3,3,0,1,2.1,1,1.5,1,-0.7,2,-1.3
S02000280,S02001013,0,3,0,0,0,3,0,3,3,1,-1,1,1.5,1,-0.7,2,-1.3
S02000280,S02001014,0,4,3,0,3,4,0,7,7,2,-1.5,3,0.6,1,1.5,4,-0.5
S02000280,S02001157,0,3,0,0,0,3,0,3,3,1,-1,1,1.5,1,-0.7,2,-1.3
S02000280,S02001185,4,3,0,4,-4,-1,0,11,7,3,0.3,5,1.1,2,-1.4,6,-0.9
S02000281,S02000260,4,0,3,0,-1,-4,-4,7,3,2,1.2,3,0.6,1,1.5,4,-0.5
S02000281,S02000262,6,0,0,6,-6,-6,0,12,6,4,1.2,5,0.4,2,-1.5,7,-0.3
S02000281,S02000264,14,6,9,18,-5,-8,4,47,33,15,-0.2,20,0,9,0.1,27,0
S02000281,S02000267,0,0,0,7,0,0,7,7,7,2,-1.5,3,-1.7,1,-1.1,4,1.5
S02000281,S02000268,0,0,0,6,0,0,6,6,6,2,-1.4,3,-1.6,1,-1.1,3,1.4
S02000281,S02000269,3,0,0,3,-3,-3,0,6,3,2,0.8,3,0.3,1,-1.1,3,-0.2
S02000281,S02000270,3,7,40,31,37,4,28,81,78,25,-4.4,34,-4.2,15,6.5,47,3.6
S02000281,S02000274,0,0,0,6,0,0,6,6,6,2,-1.4,3,-1.6,1,-1.1,3,1.4
S02000281,S02000275,19,7,4,11,-15,-12,-8,41,22,13,1.7,17,2.1,8,-1.3,24,-1.8
S02000281,S02000277,7,0,0,13,-7,-7,6,20,13,6,0.3,9,-0.5,4,-1.9,11,0.4
S02000281,S02000278,4,3,0,5,-4,-1,1,12,8,4,0.1,5,0.8,2,-1.5,7,-0.7
S02000281,S02000279,6,0,0,4,-6,-6,-2,10,4,3,1.6,4,0.8,2,-1.4,6,-0.7
S02000281,S02000280,10,7,0,0,-10,-3,-10,17,7,5,2,7,3.6,3,-1.8,10,-3.1
S02000281,S02000281,65,40,26,87,-39,-25,22,218,153,68,-0.4,93,1.3,40,-2.3,125,-1.1
S02000281,S02000286,16,0,0,5,-16,-16,-11,21,5,7,3.7,9,2.4,4,-2,12,-2
S02000281,S02000287,4,5,0,4,-4,1,0,13,9,4,0,6,1.5,2,-1.6,7,-1.3
S02000281,S02000599,3,0,0,0,-3,-3,-3,3,0,1,2.1,1,1.5,1,-0.7,2,-1.3
S02000281,S02000607,4,0,0,0,-4,-4,-4,4,0,1,2.5,2,1.8,1,-0.9,2,-1.5
S02000281,S02000618,3,0,0,0,-3,-3,-3,3,0,1,2.1,1,1.5,1,-0.7,2,-1.3
S02000281,S02000631,5,0,0,0,-5,-5,-5,5,0,2,2.8,2,2,1,-1,3,-1.7
S02000281,S02000633,6,3,0,6,-6,-3,0,15,9,5,0.6,6,1,3,-1.7,9,-0.9
S02000281,S02000634,3,0,0,4,-3,-3,1,7,4,2,0.6,3,0,1,-1.1,4,0
S02000281,S02000635,3,0,0,0,-3,-3,-3,3,0,1,2.1,1,1.5,1,-0.7,2,-1.3
S02000281,S02000638,5,0,0,0,-5,-5,-5,5,0,2,2.8,2,2,1,-1,3,-1.7
S02000281,S02000644,3,0,5,0,2,-3,-3,8,5,2,0.3,3,-0.2,1,2.9,5,0.2
S02000281,S02000651,0,4,6,4,6,4,4,14,14,4,-2.1,6,-0.8,3,2.1,8,0.7
S02000281,S02000655,25,7,114,28,89,-18,3,174,149,54,-4,74,-4.9,32,14.4,100,4.2
S02000281,S02000656,0,7,0,0,0,7,0,7,7,2,-1.5,3,2.3,1,-1.1,4,-2
S02000281,S02000657,0,0,0,3,0,0,3,3,3,1,-1,1,-1.1,1,-0.7,2,1
S02000281,S02000658,56,6,12,52,-44,-50,-4,126,70,39,2.7,54,1.1,23,-2.3,72,-1
S02000281,S02000660,7,3,0,0,-7,-4,-7,10,3,3,2.2,4,2.8,2,-1.4,6,-2.4
S02000281,S02000661,6,0,0,0,-6,-6,-6,6,0,2,3,3,2.2,1,-1.1,3,-1.9
S02000281,S02000663,0,3,0,0,0,3,0,3,3,1,-1,1,1.5,1,-0.7,2,-1.3
S02000281,S02000664,8,0,0,0,-8,-8,-8,8,0,2,3.5,3,2.5,1,-1.2,5,-2.1
S02000281,S02000665,0,0,0,3,0,0,3,3,3,1,-1,1,-1.1,1,-0.7,2,1
S02000281,S02000667,3,0,0,0,-3,-3,-3,3,0,1,2.1,1,1.5,1,-0.7,2,-1.3
S02000281,S02000670,5,0,0,0,-5,-5,-5,5,0,2,2.8,2,2,1,-1,3,-1.7
S02000281,S02000672,0,0,0,20,0,0,20,20,20,6,-2.5,9,-2.9,4,-1.9,11,2.5
S02000281,S02000675,0,0,0,3,0,0,3,3,3,1,-1,1,-1.1,1,-0.7,2,1
S02000281,S02000676,4,4,0,4,-4,0,0,12,8,4,0.1,5,1.3,2,-1.5,7,-1.1
S02000281,S02000684,0,4,0,0,0,4,0,4,4,1,-1.1,2,1.8,1,-0.9,2,-1.5
S02000281,S02000689,9,0,0,3,-9,-9,-6,12,3,4,2.7,5,1.7,2,-1.5,7,-1.5
S02000281,S02000691,35,0,3,0,-32,-35,-35,38,3,12,6.7,16,4.7,7,-1.5,22,-4
S02000281,S02000693,5,0,0,0,-5,-5,-5,5,0,2,2.8,2,2,1,-1,3,-1.7
S02000281,S02000695,0,3,0,5,0,3,5,8,8,2,-1.6,3,-0.2,1,-1.2,5,0.2
S02000281,S02000705,4,0,0,3,-4,-4,-1,7,3,2,1.2,3,0.6,1,-1.1,4,-0.5
S02000281,S02000710,0,3,0,0,0,3,0,3,3,1,-1,1,1.5,1,-0.7,2,-1.3
S02000281,S02000711,3,0,0,0,-3,-3,-3,3,0,1,2.1,1,1.5,1,-0.7,2,-1.3
S02000281,S02000715,0,0,0,3,0,0,3,3,3,1,-1,1,-1.1,1,-0.7,2,1
S02000281,S02000923,0,6,0,3,0,6,3,9,9,3,-1.7,4,1.1,2,-1.3,5,-1
S02000281,S02000925,5,0,0,0,-5,-5,-5,5,0,2,2.8,2,2,1,-1,3,-1.7
S02000281,S02000999,0,0,0,4,0,0,4,4,4,1,-1.1,2,-1.3,1,-0.9,2,1.1
S02000281,S02001000,0,0,0,3,0,0,3,3,3,1,-1,1,-1.1,1,-0.7,2,1
S02000281,S02001010,8,3,0,0,-8,-5,-8,11,3,3,2.5,5,2.9,2,-1.4,6,-2.5
S02000281,S02001013,0,3,0,4,0,3,4,7,7,2,-1.5,3,0,1,-1.1,4,0
S02000281,S02001015,0,5,0,4,0,5,4,9,9,3,-1.7,4,0.6,2,-1.3,5,-0.5
S02000281,S02001185,4,0,0,0,-4,-4,-4,4,0,1,2.5,2,1.8,1,-0.9,2,-1.5
S02000282,S02000262,0,0,0,4,0,0,4,4,4,1,-1.1,2,-1.3,1,-0.9,2,1.1
S02000282,S02000264,4,3,0,5,-4,-1,1,12,8,4,0.1,5,0.8,2,-1.5,7,-0.7
S02000282,S02000266,0,0,0,5,0,0,5,5,5,2,-1.2,2,-1.5,1,-1,3,1.3
S02000282,S02000269,4,0,0,8,-4,-4,4,12,8,4,0.1,5,-0.5,2,-1.5,7,0.4
S02000282,S02000270,3,0,3,7,0,-3,4,13,10,4,-0.5,6,-1.1,2,0.4,7,0.9
S02000282,S02000272,5,0,3,10,-2,-5,5,18,13,6,-0.3,8,-1,3,-0.2,10,0.8
S02000282,S02000275,3,0,0,0,-3,-3,-3,3,0,1,2.1,1,1.5,1,-0.7,2,-1.3
S02000282,S02000276,0,0,0,3,0,0,3,3,3,1,-1,1,-1.1,1,-0.7,2,1
S02000282,S02000277,0,0,0,3,0,0,3,3,3,1,-1,1,-1.1,1,-0.7,2,1
S02000282,S02000279,10,0,5,35,-5,-10,25,50,40,16,-1.4,21,-2.4,9,-1.4,29,2.1
S02000282,S02000281,5,0,0,6,-5,-5,1,11,6,3,0.9,5,0.1,2,-1.4,6,-0.1
S02000282,S02000282,6,4,5,23,-1,-2,17,38,32,12,-1.7,16,-1.5,7,-0.8,22,1.3
S02000282,S02000284,0,3,3,0,3,3,0,6,6,2,-1.4,3,0.3,1,1.8,3,-0.2
S02000282,S02000285,3,0,0,12,-3,-3,9,15,12,5,-0.8,6,-1.3,3,-1.7,9,1.2
S02000282,S02000607,3,0,0,0,-3,-3,-3,3,0,1,2.1,1,1.5,1,-0.7,2,-1.3
S02000282,S02000612,0,0,0,3,0,0,3,3,3,1,-1,1,-1.1,1,-0.7,2,1
S02000282,S02000628,5,0,0,0,-5,-5,-5,5,0,2,2.8,2,2,1,-1,3,-1.7
S02000282,S02000633,4,0,0,0,-4,-4,-4,4,0,1,2.5,2,1.8,1,-0.9,2,-1.5
S02000282,S02000644,0,0,11,0,11,0,0,11,11,3,-1.9,5,-2.2,2,6.3,6,1.9
S02000282,S02000649,0,3,0,0,0,3,0,3,3,1,-1,1,1.5,1,-0.7,2,-1.3
S02000282,S02000651,3,0,3,0,0,-3,-3,6,3,2,0.8,3,0.3,1,1.8,3,-0.2
S02000282,S02000655,32,7,102,30,70,-25,-2,171,139,53,-2.9,73,-4,32,12.5,98,3.4
S02000282,S02000656,0,4,0,0,0,4,0,4,4,1,-1.1,2,1.8,1,-0.9,2,-1.5
S02000282,S02000658,33,0,16,43,-17,-33,10,92,59,29,0.8,39,-1,17,-0.2,53,0.8
S02000282,S02000660,14,0,0,0,-14,-14,-14,14,0,4,4.6,6,3.3,3,-1.6,8,-2.8
S02000282,S02000661,15,0,0,4,-15,-15,-11,19,4,6,3.7,8,2.4,4,-1.9,11,-2.1
S02000282,S02000664,8,0,4,5,-4,-8,-3,17,9,5,1.2,7,0.3,3,0.5,10,-0.2
S02000282,S02000665,0,0,4,4,4,0,4,8,8,2,-1.6,3,-1.8,1,2.1,5,1.6
S02000282,S02000672,6,0,3,39,-3,-6,33,48,42,15,-2.3,20,-3.2,9,-2,28,2.7
S02000282,S02000676,4,0,3,0,-1,-4,-4,7,3,2,1.2,3,0.6,1,1.5,4,-0.5
S02000282,S02000684,4,8,0,0,-4,4,-4,12,8,4,0.1,5,3.1,2,-1.5,7,-2.6
S02000282,S02000688,0,0,0,5,0,0,5,5,5,2,-1.2,2,-1.5,1,-1,3,1.3
S02000282,S02000689,16,0,0,20,-16,-16,4,36,20,11,1.4,15,0.2,7,-2.6,21,-0.2
S02000282,S02000690,3,0,0,3,-3,-3,0,6,3,2,0.8,3,0.3,1,-1.1,3,-0.2
S02000282,S02000691,4,0,0,0,-4,-4,-4,4,0,1,2.5,2,1.8,1,-0.9,2,-1.5
S02000282,S02000693,5,0,0,0,-5,-5,-5,5,0,2,2.8,2,2,1,-1,3,-1.7
S02000282,S02000701,0,3,0,4,0,3,4,7,7,2,-1.5,3,0,1,-1.1,4,0
S02000282,S02000702,3,0,0,5,-3,-3,2,8,5,2,0.3,3,-0.2,1,-1.2,5,0.2
S02000282,S02000705,0,0,0,9,0,0,9,9,9,3,-1.7,4,-2,2,-1.3,5,1.7
S02000282,S02000710,0,0,4,4,4,0,4,8,8,2,-1.6,3,-1.8,1,2.1,5,1.6
S02000282,S02000712,3,3,0,0,-3,0,-3,6,3,2,0.8,3,2.2,1,-1.1,3,-1.9
S02000282,S02000713,0,3,0,7,0,3,7,10,10,3,-1.8,4,-0.6,2,-1.4,6,0.5
S02000282,S02000714,0,0,0,3,0,0,3,3,3,1,-1,1,-1.1,1,-0.7,2,1
S02000282,S02000993,4,0,0,0,-4,-4,-4,4,0,1,2.5,2,1.8,1,-0.9,2,-1.5
S02000282,S02001000,0,0,0,3,0,0,3,3,3,1,-1,1,-1.1,1,-0.7,2,1
S02000282,S02001010,7,0,0,0,-7,-7,-7,7,0,2,3.3,3,2.3,1,-1.1,4,-2
S02000282,S02001013,0,0,0,4,0,0,4,4,4,1,-1.1,2,-1.3,1,-0.9,2,1.1
S02000282,S02001015,0,9,0,0,0,9,0,9,9,3,-1.7,4,2.6,2,-1.3,5,-2.3
S02000282,S02001184,5,0,0,0,-5,-5,-5,5,0,2,2.8,2,2,1,-1,3,-1.7
S02000282,S02001185,10,6,8,4,-2,-4,-6,28,18,9,0.4,12,1.2,5,1.2,16,-1
S02000282,S02001186,0,0,0,3,0,0,3,3,3,1,-1,1,-1.1,1,-0.7,2,1
S02000282,S02001192,0,0,0,3,0,0,3,3,3,1,-1,1,-1.1,1,-0.7,2,1
S02000282,S02001194,3,0,0,0,-3,-3,-3,3,0,1,2.1,1,1.5,1,-0.7,2,-1.3
S02000283,S02000260,3,0,0,0,-3,-3,-3,3,0,1,2.1,1,1.5,1,-0.7,2,-1.3
S02000283,S02000264,17,0,3,24,-14,-17,7,44,27,14,0.9,19,-0.4,8,-1.8,25,0.3
S02000283,S02000267,3,0,0,0,-3,-3,-3,3,0,1,2.1,1,1.5,1,-0.7,2,-1.3
S02000283,S02000270,7,9,18,9,11,2,2,43,36,13,-1.7,18,-0.5,8,3.6,25,0.5
S02000283,S02000274,0,0,0,11,0,0,11,11,11,3,-1.9,5,-2.2,2,-1.4,6,1.9
S02000283,S02000275,12,3,0,7,-12,-9,-5,22,10,7,2,9,1.8,4,-2,13,-1.6
S02000283,S02000276,0,0,3,3,3,0,3,6,6,2,-1.4,3,-1.6,1,1.8,3,1.4
S02000283,S02000277,4,0,3,19,-1,-4,15,26,22,8,-1.4,11,-2.1,5,-0.8,15,1.8
S02000283,S02000278,4,0,0,3,-4,-4,-1,7,3,2,1.2,3,0.6,1,-1.1,4,-0.5
S02000283,S02000280,8,0,0,11,-8,-8,3,19,11,6,0.9,8,0,4,-1.9,11,0
S02000283,S02000281,48,28,13,64,-35,-20,16,153,105,48,0.1,65,1.4,28,-2.9,88,-1.2
S02000283,S02000283,14,25,5,18,-9,11,4,62,48,19,-1.2,26,2.5,11,-1.9,36,-2.1
S02000283,S02000285,0,0,0,3,0,0,3,3,3,1,-1,1,-1.1,1,-0.7,2,1
S02000283,S02000286,9,0,0,0,-9,-9,-9,9,0,3,3.7,4,2.6,2,-1.3,5,-2.3
S02000283,S02000287,4,0,0,0,-4,-4,-4,4,0,1,2.5,2,1.8,1,-0.9,2,-1.5
S02000283,S02000633,6,0,0,0,-6,-6,-6,6,0,2,3,3,2.2,1,-1.1,3,-1.9
S02000283,S02000655,9,0,38,13,29,-9,4,60,51,19,-2.2,26,-3.3,11,8.1,34,2.8
S02000283,S02000656,5,7,0,0,-5,2,-5,12,7,4,0.7,5,3.1,2,-1.5,7,-2.6
S02000283,S02000658,32,5,4,24,-28,-27,-8,65,33,20,2.6,28,1.8,12,-2.3,37,-1.5
S02000283,S02000660,5,0,0,0,-5,-5,-5,5,0,2,2.8,2,2,1,-1,3,-1.7
S02000283,S02000661,5,0,0,0,-5,-5,-5,5,0,2,2.8,2,2,1,-1,3,-1.7
S02000283,S02000663,0,0,3,0,3,0,0,3,3,1,-1,1,-1.1,1,3.3,2,1
S02000283,S02000667,8,0,0,0,-8,-8,-8,8,0,2,3.5,3,2.5,1,-1.2,5,-2.1
S02000283,S02000670,0,3,0,0,0,3,0,3,3,1,-1,1,1.5,1,-0.7,2,-1.3
S02000283,S02000672,0,0,0,5,0,0,5,5,5,2,-1.2,2,-1.5,1,-1,3,1.3
S02000283,S02000674,4,0,0,0,-4,-4,-4,4,0,1,2.5,2,1.8,1,-0.9,2,-1.5
S02000283,S02000676,3,0,0,0,-3,-3,-3,3,0,1,2.1,1,1.5,1,-0.7,2,-1.3
S02000283,S02000688,3,0,0,0,-3,-3,-3,3,0,1,2.1,1,1.5,1,-0.7,2,-1.3
S02000283,S02000689,8,0,0,0,-8,-8,-8,8,0,2,3.5,3,2.5,1,-1.2,5,-2.1
S02000283,S02000691,26,0,0,0,-26,-26,-26,26,0,8,6.3,11,4.5,5,-2.2,15,-3.9
S02000283,S02000695,0,0,0,6,0,0,6,6,6,2,-1.4,3,-1.6,1,-1.1,3,1.4
S02000283,S02000701,5,0,0,0,-5,-5,-5,5,0,2,2.8,2,2,1,-1,3,-1.7
S02000283,S02000925,0,3,0,0,0,3,0,3,3,1,-1,1,1.5,1,-0.7,2,-1.3
S02000283,S02001000,0,0,0,3,0,0,3,3,3,1,-1,1,-1.1,1,-0.7,2,1
S02000283,S02001161,4,0,0,0,-4,-4,-4,4,0,1,2.5,2,1.8,1,-0.9,2,-1.5
S02000283,S02001185,3,0,0,0,-3,-3,-3,3,0,1,2.1,1,1.5,1,-0.7,2,-1.3
S02000284,S02000263,0,0,0,4,0,0,4,4,4,1,-1.1,2,-1.3,1,-0.9,2,1.1
S02000284,S02000264,0,0,0,6,0,0,6,6,6,2,-1.4,3,-1.6,1,-1.1,3,1.4
S02000284,S02000265,0,0,0,3,0,0,3,3,3,1,-1,1,-1.1,1,-0.7,2,1
S02000284,S02000268,0,0,0,3,0,0,3,3,3,1,-1,1,-1.1,1,-0.7,2,1
S02000284,S02000269,5,0,0,15,-5,-5,10,20,15,6,-0.5,9,-1.2,4,-1.9,11,1
S02000284,S02000270,0,0,6,0,6,0,0,6,6,2,-1.4,3,-1.6,1,4.6,3,1.4
S02000284,S02000271,0,0,0,9,0,0,9,9,9,3,-1.7,4,-2,2,-1.3,5,1.7
S02000284,S02000272,10,0,0,6,-10,-10,-4,16,6,5,2.2,7,1.2,3,-1.7,9,-1.1
S02000284,S02000273,0,0,0,4,0,0,4,4,4,1,-1.1,2,-1.3,1,-0.9,2,1.1
S02000284,S02000275,0,3,0,0,0,3,0,3,3,1,-1,1,1.5,1,-0.7,2,-1.3
S02000284,S02000276,12,0,0,18,-12,-12,6,30,18,9,0.9,13,-0.2,6,-2.4,17,0.2
S02000284,S02000278,5,0,0,4,-5,-5,-1,9,4,3,1.3,4,0.6,2,-1.3,5,-0.5
S02000284,S02000279,22,11,8,94,-14,-11,72,135,113,42,-3.1,57,-3.2,25,-3.4,78,2.8
S02000284,S02000281,7,8,0,5,-7,1,-2,20,13,6,0.3,9,2.2,4,-1.9,11,-1.9
S02000284,S02000282,10,4,5,11,-5,-6,1,30,20,9,0.2,13,0.3,6,-0.2,17,-0.3
S02000284,S02000284,16,14,0,9,-16,-2,-7,39,23,12,1.1,17,3.3,7,-2.7,22,-2.8
S02000284,S02000285,0,0,0,30,0,0,30,30,30,9,-3.1,13,-3.6,6,-2.4,17,3.1
S02000284,S02000628,0,3,0,0,0,3,0,3,3,1,-1,1,1.5,1,-0.7,2,-1.3
S02000284,S02000633,0,0,0,6,0,0,6,6,6,2,-1.4,3,-1.6,1,-1.1,3,1.4
S02000284,S02000634,4,0,0,0,-4,-4,-4,4,0,1,2.5,2,1.8,1,-0.9,2,-1.5
S02000284,S02000644,3,0,3,0,0,-3,-3,6,3,2,0.8,3,0.3,1,1.8,3,-0.2
S02000284,S02000651,0,0,6,8,6,0,8,14,14,4,-2.1,6,-2.4,3,2.1,8,2.1
S02000284,S02000655,22,7,71,29,49,-15,7,129,107,40,-2.9,55,-3.5,24,9.6,74,3
S02000284,S02000656,5,0,0,3,-5,-5,-2,8,3,2,1.6,3,0.9,1,-1.2,5,-0.7
S02000284,S02000658,24,5,5,38,-19,-19,14,72,48,22,0.3,31,-0.3,13,-2.3,41,0.3
S02000284,S02000660,4,0,0,0,-4,-4,-4,4,0,1,2.5,2,1.8,1,-0.9,2,-1.5
S02000284,S02000661,13,0,3,5,-10,-13,-8,21,8,7,2.5,9,1.4,4,-0.4,12,-1.2
S02000284,S02000663,0,0,0,3,0,0,3,3,3,1,-1,1,-1.1,1,-0.7,2,1
S02000284,S02000664,9,0,0,0,-9,-9,-9,9,0,3,3.7,4,2.6,2,-1.3,5,-2.3
S02000284,S02000665,0,3,0,3,0,3,3,6,6,2,-1.4,3,0.3,1,-1.1,3,-0.2
S02000284,S02000666,0,0,0,5,0,0,5,5,5,2,-1.2,2,-1.5,1,-1,3,1.3
S02000284,S02000667,3,0,0,0,-3,-3,-3,3,0,1,2.1,1,1.5,1,-0.7,2,-1.3
S02000284,S02000668,0,0,0,4,0,0,4,4,4,1,-1.1,2,-1.3,1,-0.9,2,1.1
S02000284,S02000669,0,0,0,3,0,0,3,3,3,1,-1,1,-1.1,1,-0.7,2,1
S02000284,S02000672,0,0,3,17,3,0,17,20,20,6,-2.5,9,-2.9,4,-0.4,11,2.5
S02000284,S02000676,0,3,0,4,0,3,4,7,7,2,-1.5,3,0,1,-1.1,4,0
S02000284,S02000681,0,0,0,4,0,0,4,4,4,1,-1.1,2,-1.3,1,-0.9,2,1.1
S02000284,S02000684,7,11,0,0,-7,4,-7,18,11,6,0.6,8,3.7,3,-1.8,10,-3.2
S02000284,S02000689,21,4,0,12,-21,-17,-9,37,16,12,2.8,16,2.3,7,-2.6,21,-2
S02000284,S02000691,5,0,0,0,-5,-5,-5,5,0,2,2.8,2,2,1,-1,3,-1.7
S02000284,S02000693,4,0,0,0,-4,-4,-4,4,0,1,2.5,2,1.8,1,-0.9,2,-1.5
S02000284,S02000701,0,7,0,0,0,7,0,7,7,2,-1.5,3,2.3,1,-1.1,4,-2
S02000284,S02000702,3,3,0,12,-3,0,9,18,15,6,-1.1,8,-0.6,3,-1.8,10,0.5
S02000284,S02000705,4,4,4,0,0,0,-4,12,8,4,0.1,5,1.3,2,1.2,7,-1.1
S02000284,S02000710,0,0,5,0,5,0,0,5,5,2,-1.2,2,-1.5,1,4.2,3,1.3
S02000284,S02000712,4,0,0,4,-4,-4,0,8,4,2,1,3,0.3,1,-1.2,5,-0.3
S02000284,S02000713,0,0,0,7,0,0,7,7,7,2,-1.5,3,-1.7,1,-1.1,4,1.5
S02000284,S02000716,5,0,0,0,-5,-5,-5,5,0,2,2.8,2,2,1,-1,3,-1.7
S02000284,S02000993,3,0,0,0,-3,-3,-3,3,0,1,2.1,1,1.5,1,-0.7,2,-1.3
S02000284,S02001000,0,0,3,0,3,0,0,3,3,1,-1,1,-1.1,1,3.3,2,1
S02000284,S02001010,5,0,0,6,-5,-5,1,11,6,3,0.9,5,0.1,2,-1.4,6,-0.1
S02000284,S02001013,0,6,0,4,0,6,4,10,10,3,-1.8,4,0.8,2,-1.4,6,-0.7
S02000284,S02001015,0,4,3,0,3,4,0,7,7,2,-1.5,3,0.6,1,1.5,4,-0.5
S02000284,S02001185,14,3,7,13,-7,-11,-1,37,23,12,0.7,16,0.3,7,0.1,21,-0.3
S02000284,S02001189,3,0,0,0,-3,-3,-3,3,0,1,2.1,1,1.5,1,-0.7,2,-1.3
S02000284,S02001192,3,0,0,3,-3,-3,0,6,3,2,0.8,3,0.3,1,-1.1,3,-0.2
S02000285,S02000263,0,0,0,5,0,0,5,5,5,2,-1.2,2,-1.5,1,-1,3,1.3
S02000285,S02000266,0,0,0,7,0,0,7,7,7,2,-1.5,3,-1.7,1,-1.1,4,1.5
S02000285,S02000269,4,0,0,12,-4,-4,8,16,12,5,-0.4,7,-1.1,3,-1.7,9,0.9
S02000285,S02000270,0,0,7,5,7,0,5,12,12,4,-1.9,5,-2.3,2,3.2,7,1.9
S02000285,S02000271,0,0,0,7,0,0,7,7,7,2,-1.5,3,-1.7,1,-1.1,4,1.5
S02000285,S02000272,5,0,3,8,-2,-5,3,16,11,5,0,7,-0.7,3,0,9,0.6
S02000285,S02000273,0,0,0,9,0,0,9,9,9,3,-1.7,4,-2,2,-1.3,5,1.7
S02000285,S02000275,6,0,0,0,-6,-6,-6,6,0,2,3,3,2.2,1,-1.1,3,-1.9
S02000285,S02000276,4,0,0,11,-4,-4,7,15,11,5,-0.3,6,-0.9,3,-1.7,9,0.8
S02000285,S02000278,0,3,0,3,0,3,3,6,6,2,-1.4,3,0.3,1,-1.1,3,-0.2
S02000285,S02000279,4,4,10,40,6,0,36,58,54,18,-3.3,25,-3.4,11,-0.2,33,2.9
S02000285,S02000281,7,0,0,5,-7,-7,-2,12,5,4,1.7,5,0.8,2,-1.5,7,-0.7
S02000285,S02000282,0,0,0,5,0,0,5,5,5,2,-1.2,2,-1.5,1,-1,3,1.3
S02000285,S02000284,3,5,0,6,-3,2,3,14,11,4,-0.7,6,0.8,3,-1.6,8,-0.7
S02000285,S02000285,4,3,0,29,-4,-1,25,36,32,11,-2.2,15,-2.1,7,-2.6,21,1.8
S02000285,S02000599,3,0,0,0,-3,-3,-3,3,0,1,2.1,1,1.5,1,-0.7,2,-1.3
S02000285,S02000607,4,0,0,0,-4,-4,-4,4,0,1,2.5,2,1.8,1,-0.9,2,-1.5
S02000285,S02000616,0,3,0,0,0,3,0,3,3,1,-1,1,1.5,1,-0.7,2,-1.3
S02000285,S02000625,0,0,0,3,0,0,3,3,3,1,-1,1,-1.1,1,-0.7,2,1
S02000285,S02000634,0,0,4,3,4,0,3,7,7,2,-1.5,3,-1.7,1,2.4,4,1.5
S02000285,S02000644,6,0,3,0,-3,-6,-6,9,3,3,1.9,4,1.1,2,1,5,-1
S02000285,S02000651,0,0,4,4,4,0,4,8,8,2,-1.6,3,-1.8,1,2.1,5,1.6
S02000285,S02000655,24,8,96,29,72,-16,5,157,133,49,-3.6,67,-4.3,29,12.4,90,3.7
S02000285,S02000656,0,12,0,0,0,12,0,12,12,4,-1.9,5,3.1,2,-1.5,7,-2.6
S02000285,S02000658,30,6,17,48,-13,-24,18,101,71,31,-0.3,43,-1.1,19,-0.4,58,0.9
S02000285,S02000660,13,0,0,6,-13,-13,-7,19,6,6,2.9,8,1.7,4,-1.9,11,-1.5
S02000285,S02000661,17,3,4,5,-13,-14,-12,29,12,9,2.7,12,2.2,5,-0.6,17,-1.9
S02000285,S02000663,0,0,3,3,3,0,3,6,6,2,-1.4,3,-1.6,1,1.8,3,1.4
S02000285,S02000664,8,0,0,4,-8,-8,-4,12,4,4,2.2,5,1.3,2,-1.5,7,-1.1
S02000285,S02000665,0,0,0,3,0,0,3,3,3,1,-1,1,-1.1,1,-0.7,2,1
S02000285,S02000670,6,5,0,0,-6,-1,-6,11,5,3,1.4,5,2.9,2,-1.4,6,-2.5
S02000285,S02000672,0,0,0,37,0,0,37,37,37,12,-3.4,16,-4,7,-2.6,21,3.4
S02000285,S02000673,0,3,0,0,0,3,0,3,3,1,-1,1,1.5,1,-0.7,2,-1.3
S02000285,S02000675,3,0,0,4,-3,-3,1,7,4,2,0.6,3,0,1,-1.1,4,0
S02000285,S02000676,0,0,0,5,0,0,5,5,5,2,-1.2,2,-1.5,1,-1,3,1.3
S02000285,S02000680,4,0,0,4,-4,-4,0,8,4,2,1,3,0.3,1,-1.2,5,-0.3
S02000285,S02000684,0,5,0,0,0,5,0,5,5,2,-1.2,2,2,1,-1,3,-1.7
S02000285,S02000689,12,0,0,19,-12,-12,7,31,19,10,0.8,13,-0.3,6,-2.4,18,0.3
S02000285,S02000690,4,0,0,0,-4,-4,-4,4,0,1,2.5,2,1.8,1,-0.9,2,-1.5
S02000285,S02000691,6,0,0,0,-6,-6,-6,6,0,2,3,3,2.2,1,-1.1,3,-1.9
S02000285,S02000693,5,0,0,0,-5,-5,-5,5,0,2,2.8,2,2,1,-1,3,-1.7
S02000285,S02000702,0,0,0,6,0,0,6,6,6,2,-1.4,3,-1.6,1,-1.1,3,1.4
S02000285,S02000710,0,0,5,0,5,0,0,5,5,2,-1.2,2,-1.5,1,4.2,3,1.3
S02000285,S02000713,0,0,0,3,0,0,3,3,3,1,-1,1,-1.1,1,-0.7,2,1
S02000285,S02000716,6,0,0,3,-6,-6,-3,9,3,3,1.9,4,1.1,2,-1.3,5,-1
S02000285,S02000993,3,0,0,0,-3,-3,-3,3,0,1,2.1,1,1.5,1,-0.7,2,-1.3
S02000285,S02001000,0,0,0,7,0,0,7,7,7,2,-1.5,3,-1.7,1,-1.1,4,1.5
S02000285,S02001010,14,0,0,0,-14,-14,-14,14,0,4,4.6,6,3.3,3,-1.6,8,-2.8
S02000285,S02001013,0,0,0,7,0,0,7,7,7,2,-1.5,3,-1.7,1,-1.1,4,1.5
S02000285,S02001015,4,7,3,0,-1,3,-4,14,10,4,-0.2,6,2.1,3,0.3,8,-1.8
S02000285,S02001185,19,8,4,10,-15,-11,-9,41,22,13,1.7,17,2.3,8,-1.3,24,-2
S02000285,S02001187,8,0,0,3,-8,-8,-5,11,3,3,2.5,5,1.5,2,-1.4,6,-1.3
S02000285,S02001192,4,0,4,5,0,-4,1,13,9,4,0,6,-0.7,2,1,7,0.6
S02000285,S02001194,4,0,0,0,-4,-4,-4,4,0,1,2.5,2,1.8,1,-0.9,2,-1.5
S02000285,S02001198,0,0,0,4,0,0,4,4,4,1,-1.1,2,-1.3,1,-0.9,2,1.1
S02000285,S02001200,3,0,0,0,-3,-3,-3,3,0,1,2.1,1,1.5,1,-0.7,2,-1.3
S02000285,S02001201,0,0,0,3,0,0,3,3,3,1,-1,1,-1.1,1,-0.7,2,1
S02000286,S02000260,0,3,0,5,0,3,5,8,8,2,-1.6,3,-0.2,1,-1.2,5,0.2
S02000286,S02000262,4,0,0,6,-4,-4,2,10,6,3,0.5,4,-0.1,2,-1.4,6,0.1
S02000286,S02000264,12,9,4,23,-8,-3,11,48,36,15,-0.8,20,0.1,9,-1.6,28,-0.1
S02000286,S02000266,0,0,0,4,0,0,4,4,4,1,-1.1,2,-1.3,1,-0.9,2,1.1
S02000286,S02000268,0,0,0,3,0,0,3,3,3,1,-1,1,-1.1,1,-0.7,2,1
S02000286,S02000270,7,9,20,17,13,2,10,53,46,17,-2.3,23,-1.4,10,3.3,30,1.2
S02000286,S02000274,0,0,0,6,0,0,6,6,6,2,-1.4,3,-1.6,1,-1.1,3,1.4
S02000286,S02000275,19,6,0,9,-19,-13,-10,34,15,11,2.6,14,2.8,6,-2.5,20,-2.4
S02000286,S02000276,0,0,0,4,0,0,4,4,4,1,-1.1,2,-1.3,1,-0.9,2,1.1
S02000286,S02000277,7,0,0,9,-7,-7,2,16,9,5,0.9,7,0.1,3,-1.7,9,-0.1
S02000286,S02000278,3,0,3,6,0,-3,3,12,9,4,-0.4,5,-0.9,2,0.5,7,0.8
S02000286,S02000279,5,0,0,6,-5,-5,1,11,6,3,0.9,5,0.1,2,-1.4,6,-0.1
S02000286,S02000280,0,0,0,6,0,0,6,6,6,2,-1.4,3,-1.6,1,-1.1,3,1.4
S02000286,S02000281,38,35,25,60,-13,-3,22,158,120,49,-1.6,67,0.7,29,-0.8,91,-0.6
S02000286,S02000286,21,11,0,35,-21,-10,14,67,46,21,0,28,0.7,12,-3.5,39,-0.6
S02000286,S02000287,14,5,0,16,-14,-9,2,35,21,11,0.9,15,1.1,6,-2.5,20,-0.9
S02000286,S02000590,0,0,0,3,0,0,3,3,3,1,-1,1,-1.1,1,-0.7,2,1
S02000286,S02000599,3,0,0,0,-3,-3,-3,3,0,1,2.1,1,1.5,1,-0.7,2,-1.3
S02000286,S02000630,3,0,0,0,-3,-3,-3,3,0,1,2.1,1,1.5,1,-0.7,2,-1.3
S02000286,S02000632,3,0,0,0,-3,-3,-3,3,0,1,2.1,1,1.5,1,-0.7,2,-1.3
S02000286,S02000633,4,0,0,0,-4,-4,-4,4,0,1,2.5,2,1.8,1,-0.9,2,-1.5
S02000286,S02000634,9,0,4,4,-5,-9,-5,17,8,5,1.6,7,0.7,3,0.5,10,-0.6
S02000286,S02000635,3,0,0,0,-3,-3,-3,3,0,1,2.1,1,1.5,1,-0.7,2,-1.3
S02000286,S02000644,0,0,3,0,3,0,0,3,3,1,-1,1,-1.1,1,3.3,2,1
S02000286,S02000651,0,0,9,3,9,0,3,12,12,4,-1.9,5,-2.3,2,4.6,7,1.9
S02000286,S02000655,25,11,86,41,61,-14,16,163,138,51,-3.6,69,-4,30,10.2,94,3.4
S02000286,S02000656,5,5,0,0,-5,0,-5,10,5,3,1.1,4,2.8,2,-1.4,6,-2.4
S02000286,S02000657,0,0,0,4,0,0,4,4,4,1,-1.1,2,-1.3,1,-0.9,2,1.1
S02000286,S02000658,63,5,17,66,-46,-58,3,151,88,47,2.3,64,0.5,28,-2.1,87,-0.4
S02000286,S02000660,11,0,0,0,-11,-11,-11,11,0,3,4.1,5,2.9,2,-1.4,6,-2.5
S02000286,S02000661,8,0,0,0,-8,-8,-8,8,0,2,3.5,3,2.5,1,-1.2,5,-2.1
S02000286,S02000663,0,0,4,0,4,0,0,4,4,1,-1.1,2,-1.3,1,3.8,2,1.1
S02000286,S02000664,4,0,0,4,-4,-4,0,8,4,2,1,3,0.3,1,-1.2,5,-0.3
S02000286,S02000665,0,3,5,0,5,3,0,8,8,2,-1.6,3,-0.2,1,2.9,5,0.2
S02000286,S02000667,5,0,0,0,-5,-5,-5,5,0,2,2.8,2,2,1,-1,3,-1.7
S02000286,S02000668,0,0,0,5,0,0,5,5,5,2,-1.2,2,-1.5,1,-1,3,1.3
S02000286,S02000670,5,0,0,0,-5,-5,-5,5,0,2,2.8,2,2,1,-1,3,-1.7
S02000286,S02000671,0,0,0,3,0,0,3,3,3,1,-1,1,-1.1,1,-0.7,2,1
S02000286,S02000672,0,0,0,15,0,0,15,15,15,5,-2.2,6,-2.5,3,-1.7,9,2.2
S02000286,S02000675,0,3,0,0,0,3,0,3,3,1,-1,1,1.5,1,-0.7,2,-1.3
S02000286,S02000676,3,0,0,6,-3,-3,3,9,6,3,0.1,4,-0.4,2,-1.3,5,0.4
S02000286,S02000680,0,0,0,4,0,0,4,4,4,1,-1.1,2,-1.3,1,-0.9,2,1.1
S02000286,S02000684,3,0,0,0,-3,-3,-3,3,0,1,2.1,1,1.5,1,-0.7,2,-1.3
S02000286,S02000689,13,0,0,6,-13,-13,-7,19,6,6,2.9,8,1.7,4,-1.9,11,-1.5
S02000286,S02000691,31,0,4,0,-27,-31,-31,35,4,11,6.1,15,4.2,6,-1,20,-3.6
S02000286,S02000693,5,0,0,0,-5,-5,-5,5,0,2,2.8,2,2,1,-1,3,-1.7
S02000286,S02000695,0,0,0,4,0,0,4,4,4,1,-1.1,2,-1.3,1,-0.9,2,1.1
S02000286,S02000705,0,0,0,4,0,0,4,4,4,1,-1.1,2,-1.3,1,-0.9,2,1.1
S02000286,S02000710,0,0,3,0,3,0,0,3,3,1,-1,1,-1.1,1,3.3,2,1
S02000286,S02000713,0,0,0,3,0,0,3,3,3,1,-1,1,-1.1,1,-0.7,2,1
S02000286,S02000716,3,0,0,0,-3,-3,-3,3,0,1,2.1,1,1.5,1,-0.7,2,-1.3
S02000286,S02000923,0,3,0,0,0,3,0,3,3,1,-1,1,1.5,1,-0.7,2,-1.3
S02000286,S02000925,3,0,0,0,-3,-3,-3,3,0,1,2.1,1,1.5,1,-0.7,2,-1.3
S02000286,S02001000,0,0,0,5,0,0,5,5,5,2,-1.2,2,-1.5,1,-1,3,1.3
S02000286,S02001010,6,0,0,0,-6,-6,-6,6,0,2,3,3,2.2,1,-1.1,3,-1.9
S02000286,S02001157,0,0,0,3,0,0,3,3,3,1,-1,1,-1.1,1,-0.7,2,1
S02000286,S02001161,7,0,0,0,-7,-7,-7,7,0,2,3.3,3,2.3,1,-1.1,4,-2
S02000286,S02001162,0,0,3,0,3,0,0,3,3,1,-1,1,-1.1,1,3.3,2,1
S02000286,S02001184,3,0,0,0,-3,-3,-3,3,0,1,2.1,1,1.5,1,-0.7,2,-1.3
S02000286,S02001185,8,0,10,0,2,-8,-8,18,10,6,1,8,0.1,3,3.7,10,-0.1
S02000287,S02000260,0,3,0,3,0,3,3,6,6,2,-1.4,3,0.3,1,-1.1,3,-0.2
S02000287,S02000262,0,0,0,4,0,0,4,4,4,1,-1.1,2,-1.3,1,-0.9,2,1.1
S02000287,S02000264,14,4,6,29,-8,-10,15,53,39,17,-0.6,23,-1,10,-1.2,30,0.8
S02000287,S02000267,3,0,0,0,-3,-3,-3,3,0,1,2.1,1,1.5,1,-0.7,2,-1.3
S02000287,S02000268,3,0,0,0,-3,-3,-3,3,0,1,2.1,1,1.5,1,-0.7,2,-1.3
S02000287,S02000269,3,0,0,0,-3,-3,-3,3,0,1,2.1,1,1.5,1,-0.7,2,-1.3
S02000287,S02000270,3,7,19,9,16,4,6,38,35,12,-2.6,16,-1.5,7,4.5,22,1.3
S02000287,S02000274,0,0,0,3,0,0,3,3,3,1,-1,1,-1.1,1,-0.7,2,1
S02000287,S02000275,24,6,0,6,-24,-18,-18,36,12,11,3.8,15,3.8,7,-2.6,21,-3.2
S02000287,S02000277,3,0,0,7,-3,-3,4,10,7,3,-0.1,4,-0.6,2,-1.4,6,0.5
S02000287,S02000278,22,3,3,15,-19,-19,-7,43,21,13,2.4,18,1.6,8,-1.8,25,-1.4
S02000287,S02000279,0,0,4,10,4,0,10,14,14,4,-2.1,6,-2.4,3,0.9,8,2.1
S02000287,S02000280,4,0,0,0,-4,-4,-4,4,0,1,2.5,2,1.8,1,-0.9,2,-1.5
S02000287,S02000281,58,48,12,49,-46,-10,-9,167,109,52,0.8,71,4.2,31,-3.4,96,-3.6
S02000287,S02000282,6,0,0,0,-6,-6,-6,6,0,2,3,3,2.2,1,-1.1,3,-1.9
S02000287,S02000283,0,0,0,5,0,0,5,5,5,2,-1.2,2,-1.5,1,-1,3,1.3
S02000287,S02000286,23,3,0,16,-23,-20,-7,42,19,13,2.7,18,1.9,8,-2.8,24,-1.7
S02000287,S02000287,54,34,5,76,-49,-20,22,169,115,53,0.2,72,1.9,31,-4.7,97,-1.6
S02000287,S02000597,0,0,0,4,0,0,4,4,4,1,-1.1,2,-1.3,1,-0.9,2,1.1
S02000287,S02000603,0,0,0,3,0,0,3,3,3,1,-1,1,-1.1,1,-0.7,2,1
S02000287,S02000608,7,0,0,0,-7,-7,-7,7,0,2,3.3,3,2.3,1,-1.1,4,-2
S02000287,S02000628,7,0,0,0,-7,-7,-7,7,0,2,3.3,3,2.3,1,-1.1,4,-2
S02000287,S02000633,9,4,0,4,-9,-5,-5,17,8,5,1.6,7,2.1,3,-1.8,10,-1.8
S02000287,S02000634,9,0,0,0,-9,-9,-9,9,0,3,3.7,4,2.6,2,-1.3,5,-2.3
S02000287,S02000635,3,0,0,0,-3,-3,-3,3,0,1,2.1,1,1.5,1,-0.7,2,-1.3
S02000287,S02000644,0,0,3,0,3,0,0,3,3,1,-1,1,-1.1,1,3.3,2,1
S02000287,S02000651,0,0,7,5,7,0,5,12,12,4,-1.9,5,-2.3,2,3.2,7,1.9
S02000287,S02000654,3,0,0,0,-3,-3,-3,3,0,1,2.1,1,1.5,1,-0.7,2,-1.3
S02000287,S02000655,21,8,80,35,59,-13,14,144,123,45,-3.6,61,-4.1,27,10.3,83,3.5
S02000287,S02000656,0,5,0,0,0,5,0,5,5,2,-1.2,2,2,1,-1,3,-1.7
S02000287,S02000658,65,4,10,55,-55,-61,-10,134,69,42,3.6,57,1.6,25,-3,77,-1.4
S02000287,S02000659,3,0,3,0,0,-3,-3,6,3,2,0.8,3,0.3,1,1.8,3,-0.2
S02000287,S02000660,10,0,0,0,-10,-10,-10,10,0,3,3.9,4,2.8,2,-1.4,6,-2.4
S02000287,S02000661,7,0,6,5,-1,-7,-2,18,11,6,0.6,8,-0.2,3,1.5,10,0.2
S02000287,S02000663,0,0,3,0,3,0,0,3,3,1,-1,1,-1.1,1,3.3,2,1
S02000287,S02000664,7,0,0,0,-7,-7,-7,7,0,2,3.3,3,2.3,1,-1.1,4,-2
S02000287,S02000667,4,0,0,0,-4,-4,-4,4,0,1,2.5,2,1.8,1,-0.9,2,-1.5
S02000287,S02000668,3,0,0,3,-3,-3,0,6,3,2,0.8,3,0.3,1,-1.1,3,-0.2
S02000287,S02000670,3,0,0,3,-3,-3,0,6,3,2,0.8,3,0.3,1,-1.1,3,-0.2
S02000287,S02000672,0,0,0,18,0,0,18,18,18,6,-2.4,8,-2.8,3,-1.8,10,2.4
S02000287,S02000676,6,5,0,8,-6,-1,2,19,13,6,0,8,1,4,-1.9,11,-0.9
S02000287,S02000680,0,3,0,6,0,3,6,9,9,3,-1.7,4,-0.4,2,-1.3,5,0.4
S02000287,S02000684,3,4,0,0,-3,1,-3,7,4,2,0.6,3,2.3,1,-1.1,4,-2
S02000287,S02000688,10,0,0,4,-10,-10,-6,14,4,4,2.7,6,1.7,3,-1.6,8,-1.4
S02000287,S02000689,26,0,0,6,-26,-26,-20,32,6,10,5.1,14,3.4,6,-2.4,18,-2.9
S02000287,S02000691,36,3,0,0,-36,-33,-36,39,3,12,6.8,17,5.5,7,-2.7,22,-4.7
S02000287,S02000695,0,0,0,3,0,0,3,3,3,1,-1,1,-1.1,1,-0.7,2,1
S02000287,S02000697,11,0,0,0,-11,-11,-11,11,0,3,4.1,5,2.9,2,-1.4,6,-2.5
S02000287,S02000701,0,0,0,4,0,0,4,4,4,1,-1.1,2,-1.3,1,-0.9,2,1.1
S02000287,S02000702,0,4,0,0,0,4,0,4,4,1,-1.1,2,1.8,1,-0.9,2,-1.5
S02000287,S02000705,10,0,0,3,-10,-10,-7,13,3,4,3,6,1.9,2,-1.6,7,-1.6
S02000287,S02000711,3,0,0,0,-3,-3,-3,3,0,1,2.1,1,1.5,1,-0.7,2,-1.3
S02000287,S02000713,0,0,0,13,0,0,13,13,13,4,-2,6,-2.4,2,-1.6,7,2
S02000287,S02000716,0,0,0,4,0,0,4,4,4,1,-1.1,2,-1.3,1,-0.9,2,1.1
S02000287,S02000923,4,0,0,0,-4,-4,-4,4,0,1,2.5,2,1.8,1,-0.9,2,-1.5
S02000287,S02000998,3,0,0,0,-3,-3,-3,3,0,1,2.1,1,1.5,1,-0.7,2,-1.3
S02000287,S02001000,0,0,0,6,0,0,6,6,6,2,-1.4,3,-1.6,1,-1.1,3,1.4
S02000287,S02001010,5,4,0,4,-5,-1,-1,13,8,4,0.5,6,1.5,2,-1.6,7,-1.3
S02000287,S02001013,0,0,0,4,0,0,4,4,4,1,-1.1,2,-1.3,1,-0.9,2,1.1
S02000287,S02001015,0,5,0,0,0,5,0,5,5,2,-1.2,2,2,1,-1,3,-1.7
S02000287,S02001161,14,0,0,0,-14,-14,-14,14,0,4,4.6,6,3.3,3,-1.6,8,-2.8
S02000287,S02001185,11,7,6,0,-5,-4,-11,24,13,7,1.3,10,2.4,4,0.7,14,-2.1
S02000287,S02001189,3,0,0,0,-3,-3,-3,3,0,1,2.1,1,1.5,1,-0.7,2,-1.3
S02000310,S02000310,12,16,6,66,-6,4,54,100,88,31,-3.4,43,-2.2,19,-2.9,57,1.9
S02000310,S02000311,0,0,0,30,0,0,30,30,30,9,-3.1,13,-3.6,6,-2.4,17,3.1
S02000310,S02000312,0,0,5,5,5,0,5,10,10,3,-1.8,4,-2.1,2,2.3,6,1.8
S02000310,S02000313,9,0,0,14,-9,-9,5,23,14,7,0.7,10,-0.3,4,-2.1,13,0.2
S02000310,S02000316,3,0,0,0,-3,-3,-3,3,0,1,2.1,1,1.5,1,-0.7,2,-1.3
S02000310,S02000317,8,0,6,14,-2,-8,6,28,20,9,-0.2,12,-1.1,5,0.4,16,1
S02000310,S02000318,0,0,0,10,0,0,10,10,10,3,-1.8,4,-2.1,2,-1.4,6,1.8
S02000310,S02000319,5,0,0,9,-5,-5,4,14,9,4,0.3,6,-0.4,3,-1.6,8,0.3
S02000310,S02000321,0,0,0,3,0,0,3,3,3,1,-1,1,-1.1,1,-0.7,2,1
S02000310,S02000323,3,0,0,5,-3,-3,2,8,5,2,0.3,3,-0.2,1,-1.2,5,0.2
S02000310,S02000324,7,0,0,10,-7,-7,3,17,10,5,0.7,7,-0.1,3,-1.8,10,0.1
S02000310,S02000325,5,0,0,4,-5,-5,-1,9,4,3,1.3,4,0.6,2,-1.3,5,-0.5
S02000310,S02000326,0,0,0,3,0,0,3,3,3,1,-1,1,-1.1,1,-0.7,2,1
S02000310,S02000327,8,0,0,14,-8,-8,6,22,14,7,0.4,9,-0.4,4,-2,13,0.4
S02000310,S02000328,7,4,0,10,-7,-3,3,21,14,7,0.2,9,0.7,4,-2,12,-0.6
S02000310,S02000584,4,0,0,0,-4,-4,-4,4,0,1,2.5,2,1.8,1,-0.9,2,-1.5
S02000310,S02000585,3,0,0,0,-3,-3,-3,3,0,1,2.1,1,1.5,1,-0.7,2,-1.3
S02000310,S02000587,0,3,0,0,0,3,0,3,3,1,-1,1,1.5,1,-0.7,2,-1.3
S02000310,S02000588,0,5,0,3,0,5,3,8,8,2,-1.6,3,0.9,1,-1.2,5,-0.7
S02000310,S02000590,0,0,0,5,0,0,5,5,5,2,-1.2,2,-1.5,1,-1,3,1.3
S02000310,S02000593,0,0,0,3,0,0,3,3,3,1,-1,1,-1.1,1,-0.7,2,1
S02000310,S02000596,0,0,0,4,0,0,4,4,4,1,-1.1,2,-1.3,1,-0.9,2,1.1
S02000310,S02000597,0,0,0,3,0,0,3,3,3,1,-1,1,-1.1,1,-0.7,2,1
S02000310,S02000598,0,0,0,5,0,0,5,5,5,2,-1.2,2,-1.5,1,-1,3,1.3
S02000310,S02000599,3,13,0,3,-3,10,0,19,16,6,-1.2,8,2.8,4,-1.9,11,-2.4
S02000310,S02000601,3,0,0,0,-3,-3,-3,3,0,1,2.1,1,1.5,1,-0.7,2,-1.3
S02000310,S02000602,3,3,0,4,-3,0,1,10,7,3,-0.1,4,0.8,2,-1.4,6,-0.7
S02000310,S02000603,0,0,0,5,0,0,5,5,5,2,-1.2,2,-1.5,1,-1,3,1.3
S02000310,S02000607,23,0,0,0,-23,-23,-23,23,0,7,5.9,10,4.2,4,-2.1,13,-3.6
S02000310,S02000608,4,0,0,0,-4,-4,-4,4,0,1,2.5,2,1.8,1,-0.9,2,-1.5
S02000310,S02000609,0,0,0,8,0,0,8,8,8,2,-1.6,3,-1.8,1,-1.2,5,1.6
S02000310,S02000610,3,0,0,3,-3,-3,0,6,3,2,0.8,3,0.3,1,-1.1,3,-0.2
S02000310,S02000611,5,0,0,0,-5,-5,-5,5,0,2,2.8,2,2,1,-1,3,-1.7
S02000310,S02000612,0,0,0,5,0,0,5,5,5,2,-1.2,2,-1.5,1,-1,3,1.3
S02000310,S02000614,0,0,0,3,0,0,3,3,3,1,-1,1,-1.1,1,-0.7,2,1
S02000310,S02000622,0,0,0,4,0,0,4,4,4,1,-1.1,2,-1.3,1,-0.9,2,1.1
S02000310,S02000624,0,0,0,3,0,0,3,3,3,1,-1,1,-1.1,1,-0.7,2,1
S02000310,S02000625,0,0,0,4,0,0,4,4,4,1,-1.1,2,-1.3,1,-0.9,2,1.1
S02000310,S02000627,6,0,0,0,-6,-6,-6,6,0,2,3,3,2.2,1,-1.1,3,-1.9
S02000310,S02000628,12,0,0,0,-12,-12,-12,12,0,4,4.3,5,3.1,2,-1.5,7,-2.6
S02000310,S02000631,0,5,0,5,0,5,5,10,10,3,-1.8,4,0.4,2,-1.4,6,-0.3
S02000310,S02000632,3,0,0,0,-3,-3,-3,3,0,1,2.1,1,1.5,1,-0.7,2,-1.3
S02000310,S02000633,5,6,0,0,-5,1,-5,11,6,3,0.9,5,2.9,2,-1.4,6,-2.5
S02000310,S02000634,10,0,0,8,-10,-10,-2,18,8,6,1.9,8,0.8,3,-1.8,10,-0.7
S02000310,S02000638,9,0,0,0,-9,-9,-9,9,0,3,3.7,4,2.6,2,-1.3,5,-2.3
S02000310,S02000644,3,3,8,0,5,0,-3,14,11,4,-0.7,6,0,3,3.4,8,0
S02000310,S02000647,0,0,0,3,0,0,3,3,3,1,-1,1,-1.1,1,-0.7,2,1
S02000310,S02000651,0,0,5,12,5,0,12,17,17,5,-2.3,7,-2.7,3,1,10,2.3
S02000310,S02000655,37,9,123,48,86,-28,11,217,180,68,-3.7,92,-4.8,40,13.1,125,4.1
S02000310,S02000656,3,3,0,0,-3,0,-3,6,3,2,0.8,3,2.2,1,-1.1,3,-1.9
S02000310,S02000658,31,3,17,63,-14,-28,32,114,83,36,-0.8,48,-2.1,21,-0.9,66,1.8
S02000310,S02000660,29,4,0,0,-29,-25,-29,33,4,10,5.8,14,5.1,6,-2.5,19,-4.4
S02000310,S02000661,7,0,9,5,2,-7,-2,21,14,7,0.2,9,-0.6,4,2.6,12,0.6
S02000310,S02000664,5,0,0,0,-5,-5,-5,5,0,2,2.8,2,2,1,-1,3,-1.7
S02000310,S02000665,0,0,3,0,3,0,0,3,3,1,-1,1,-1.1,1,3.3,2,1
S02000310,S02000669,0,0,0,7,0,0,7,7,7,2,-1.5,3,-1.7,1,-1.1,4,1.5
S02000310,S02000672,0,0,0,28,0,0,28,28,28,9,-3,12,-3.5,5,-2.3,16,3
S02000310,S02000684,0,4,0,0,0,4,0,4,4,1,-1.1,2,1.8,1,-0.9,2,-1.5
S02000310,S02000689,7,0,0,0,-7,-7,-7,7,0,2,3.3,3,2.3,1,-1.1,4,-2
S02000310,S02000692,3,0,0,0,-3,-3,-3,3,0,1,2.1,1,1.5,1,-0.7,2,-1.3
S02000310,S02000784,0,0,0,4,0,0,4,4,4,1,-1.1,2,-1.3,1,-0.9,2,1.1
S02000310,S02000989,0,0,0,3,0,0,3,3,3,1,-1,1,-1.1,1,-0.7,2,1
S02000310,S02000993,4,0,0,0,-4,-4,-4,4,0,1,2.5,2,1.8,1,-0.9,2,-1.5
S02000310,S02000994,3,0,0,0,-3,-3,-3,3,0,1,2.1,1,1.5,1,-0.7,2,-1.3
S02000310,S02001000,5,0,0,8,-5,-5,3,13,8,4,0.5,6,-0.2,2,-1.6,7,0.2
S02000310,S02001007,0,3,0,0,0,3,0,3,3,1,-1,1,1.5,1,-0.7,2,-1.3
S02000310,S02001010,9,0,0,5,-9,-9,-4,14,5,4,2.2,6,1.2,3,-1.6,8,-1.1
S02000310,S02001013,0,0,0,7,0,0,7,7,7,2,-1.5,3,-1.7,1,-1.1,4,1.5
S02000310,S02001015,0,4,0,0,0,4,0,4,4,1,-1.1,2,1.8,1,-0.9,2,-1.5
S02000310,S02001159,0,0,0,3,0,0,3,3,3,1,-1,1,-1.1,1,-0.7,2,1
S02000310,S02001185,4,0,3,0,-1,-4,-4,7,3,2,1.2,3,0.6,1,1.5,4,-0.5
S02000311,S02000278,0,0,0,3,0,0,3,3,3,1,-1,1,-1.1,1,-0.7,2,1
S02000311,S02000310,0,0,0,4,0,0,4,4,4,1,-1.1,2,-1.3,1,-0.9,2,1.1
S02000311,S02000311,17,6,0,43,-17,-11,26,66,49,21,-0.8,28,-1,12,-3.5,38,0.8
S02000311,S02000312,3,3,5,16,2,0,13,27,24,8,-1.9,11,-1.6,5,0,16,1.4
S02000311,S02000313,5,0,4,42,-1,-5,37,51,46,16,-2.7,22,-3.6,9,-1.8,29,3.1
S02000311,S02000314,3,0,0,0,-3,-3,-3,3,0,1,2.1,1,1.5,1,-0.7,2,-1.3
S02000311,S02000316,0,0,0,7,0,0,7,7,7,2,-1.5,3,-1.7,1,-1.1,4,1.5
S02000311,S02000317,6,4,0,9,-6,-2,3,19,13,6,0,8,0.7,4,-1.9,11,-0.6
S02000311,S02000318,11,0,0,19,-11,-11,8,30,19,9,0.5,13,-0.5,6,-2.4,17,0.4
S02000311,S02000319,6,0,0,6,-6,-6,0,12,6,4,1.2,5,0.4,2,-1.5,7,-0.3
S02000311,S02000320,0,4,0,0,0,4,0,4,4,1,-1.1,2,1.8,1,-0.9,2,-1.5
S02000311,S02000321,0,0,0,5,0,0,5,5,5,2,-1.2,2,-1.5,1,-1,3,1.3
S02000311,S02000322,0,0,0,5,0,0,5,5,5,2,-1.2,2,-1.5,1,-1,3,1.3
S02000311,S02000323,0,0,0,5,0,0,5,5,5,2,-1.2,2,-1.5,1,-1,3,1.3
S02000311,S02000324,4,0,0,27,-4,-4,23,31,27,10,-1.8,13,-2.5,6,-2.4,18,2.2
S02000311,S02000325,0,0,0,3,0,0,3,3,3,1,-1,1,-1.1,1,-0.7,2,1
S02000311,S02000326,3,0,0,4,-3,-3,1,7,4,2,0.6,3,0,1,-1.1,4,0
S02000311,S02000327,7,0,0,22,-7,-7,15,29,22,9,-0.7,12,-1.5,5,-2.3,17,1.3
S02000311,S02000328,13,0,3,13,-10,-13,0,29,16,9,1.3,12,0.2,5,-1,17,-0.2
S02000311,S02000587,3,3,0,0,-3,0,-3,6,3,2,0.8,3,2.2,1,-1.1,3,-1.9
S02000311,S02000588,4,0,0,0,-4,-4,-4,4,0,1,2.5,2,1.8,1,-0.9,2,-1.5
S02000311,S02000590,0,0,0,3,0,0,3,3,3,1,-1,1,-1.1,1,-0.7,2,1
S02000311,S02000594,0,3,0,0,0,3,0,3,3,1,-1,1,1.5,1,-0.7,2,-1.3
S02000311,S02000596,0,0,0,3,0,0,3,3,3,1,-1,1,-1.1,1,-0.7,2,1
S02000311,S02000597,4,0,0,18,-4,-4,14,22,18,7,-1.1,9,-1.8,4,-2,13,1.5
S02000311,S02000599,14,3,0,6,-14,-11,-8,23,9,7,2.6,10,2.3,4,-2.1,13,-2
S02000311,S02000602,3,3,0,9,-3,0,6,15,12,5,-0.8,6,-0.2,3,-1.7,9,0.1
S02000311,S02000603,0,0,0,10,0,0,10,10,10,3,-1.8,4,-2.1,2,-1.4,6,1.8
S02000311,S02000607,27,0,0,0,-27,-27,-27,27,0,8,6.4,11,4.6,5,-2.2,16,-3.9
S02000311,S02000609,0,0,0,7,0,0,7,7,7,2,-1.5,3,-1.7,1,-1.1,4,1.5
S02000311,S02000610,0,0,0,4,0,0,4,4,4,1,-1.1,2,-1.3,1,-0.9,2,1.1
S02000311,S02000611,0,3,0,6,0,3,6,9,9,3,-1.7,4,-0.4,2,-1.3,5,0.4
S02000311,S02000612,0,0,0,5,0,0,5,5,5,2,-1.2,2,-1.5,1,-1,3,1.3
S02000311,S02000614,0,0,0,3,0,0,3,3,3,1,-1,1,-1.1,1,-0.7,2,1
S02000311,S02000615,0,3,0,4,0,3,4,7,7,2,-1.5,3,0,1,-1.1,4,0
S02000311,S02000625,0,0,0,8,0,0,8,8,8,2,-1.6,3,-1.8,1,-1.2,5,1.6
S02000311,S02000627,8,0,0,5,-8,-8,-3,13,5,4,2,6,1.1,2,-1.6,7,-0.9
S02000311,S02000628,13,0,0,3,-13,-13,-10,16,3,5,3.6,7,2.4,3,-1.7,9,-2
S02000311,S02000629,0,0,0,3,0,0,3,3,3,1,-1,1,-1.1,1,-0.7,2,1
S02000311,S02000631,4,3,4,3,0,-1,-1,14,10,4,-0.2,6,0.4,3,0.9,8,-0.4
S02000311,S02000633,0,0,0,10,0,0,10,10,10,3,-1.8,4,-2.1,2,-1.4,6,1.8
S02000311,S02000634,10,5,4,11,-6,-5,1,30,20,9,0.2,13,0.6,6,-0.7,17,-0.5
S02000311,S02000635,0,0,0,3,0,0,3,3,3,1,-1,1,-1.1,1,-0.7,2,1
S02000311,S02000637,3,0,0,0,-3,-3,-3,3,0,1,2.1,1,1.5,1,-0.7,2,-1.3
S02000311,S02000638,0,0,0,4,0,0,4,4,4,1,-1.1,2,-1.3,1,-0.9,2,1.1
S02000311,S02000642,4,0,0,3,-4,-4,-1,7,3,2,1.2,3,0.6,1,-1.1,4,-0.5
S02000311,S02000644,3,0,4,5,1,-3,2,12,9,4,-0.4,5,-0.9,2,1.2,7,0.8
S02000311,S02000651,3,0,15,5,12,-3,2,23,20,7,-1.6,10,-2.2,4,5.2,13,1.9
S02000311,S02000655,37,21,157,63,120,-16,26,278,241,87,-5.3,118,-5.5,51,14.7,160,4.8
S02000311,S02000656,0,7,0,3,0,7,3,10,10,3,-1.8,4,1.3,2,-1.4,6,-1.1
S02000311,S02000658,30,0,25,87,-5,-30,57,142,112,44,-2.1,60,-3.9,26,-0.2,82,3.4
S02000311,S02000659,0,0,5,0,5,0,0,5,5,2,-1.2,2,-1.5,1,4.2,3,1.3
S02000311,S02000660,25,4,6,12,-19,-21,-13,47,22,15,2.7,20,2,9,-0.9,27,-1.7
S02000311,S02000661,10,0,7,5,-3,-10,-5,22,12,7,1.2,9,0.2,4,1.5,13,-0.2
S02000311,S02000664,5,0,0,0,-5,-5,-5,5,0,2,2.8,2,2,1,-1,3,-1.7
S02000311,S02000665,0,0,8,8,8,0,8,16,16,5,-2.2,7,-2.6,3,2.9,9,2.2
S02000311,S02000666,0,0,0,4,0,0,4,4,4,1,-1.1,2,-1.3,1,-0.9,2,1.1
S02000311,S02000668,3,0,0,0,-3,-3,-3,3,0,1,2.1,1,1.5,1,-0.7,2,-1.3
S02000311,S02000669,0,0,6,3,6,0,3,9,9,3,-1.7,4,-2,2,3.4,5,1.7
S02000311,S02000670,0,4,0,0,0,4,0,4,4,1,-1.1,2,1.8,1,-0.9,2,-1.5
S02000311,S02000672,5,0,3,33,-2,-5,28,41,36,13,-2.2,17,-3,8,-1.7,24,2.6
S02000311,S02000676,0,0,4,6,4,0,6,10,10,3,-1.8,4,-2.1,2,1.6,6,1.8
S02000311,S02000684,0,4,0,0,0,4,0,4,4,1,-1.1,2,1.8,1,-0.9,2,-1.5
S02000311,S02000689,7,0,0,6,-7,-7,-1,13,6,4,1.5,6,0.6,2,-1.6,7,-0.5
S02000311,S02000691,3,0,0,0,-3,-3,-3,3,0,1,2.1,1,1.5,1,-0.7,2,-1.3
S02000311,S02000692,0,3,0,3,0,3,3,6,6,2,-1.4,3,0.3,1,-1.1,3,-0.2
S02000311,S02000695,0,0,3,0,3,0,0,3,3,1,-1,1,-1.1,1,3.3,2,1
S02000311,S02000716,0,0,0,3,0,0,3,3,3,1,-1,1,-1.1,1,-0.7,2,1
S02000311,S02000993,8,0,0,0,-8,-8,-8,8,0,2,3.5,3,2.5,1,-1.2,5,-2.1
S02000311,S02000994,4,0,0,0,-4,-4,-4,4,0,1,2.5,2,1.8,1,-0.9,2,-1.5
S02000311,S02000997,0,0,0,3,0,0,3,3,3,1,-1,1,-1.1,1,-0.7,2,1
S02000311,S02000999,0,0,0,6,0,0,6,6,6,2,-1.4,3,-1.6,1,-1.1,3,1.4
S02000311,S02001000,6,0,5,13,-1,-6,7,24,18,7,-0.5,10,-1.3,4,0.3,14,1.1
S02000311,S02001002,3,0,0,0,-3,-3,-3,3,0,1,2.1,1,1.5,1,-0.7,2,-1.3
S02000311,S02001010,16,3,5,10,-11,-13,-6,34,18,11,1.7,14,1.2,6,-0.5,20,-1
S02000311,S02001013,3,9,4,14,1,6,11,30,27,9,-2.1,13,-0.2,6,-0.7,17,0.2
S02000311,S02001015,0,5,3,0,3,5,0,8,8,2,-1.6,3,0.9,1,1.2,5,-0.7
S02000311,S02001153,0,0,0,4,0,0,4,4,4,1,-1.1,2,-1.3,1,-0.9,2,1.1
S02000311,S02001162,0,3,0,7,0,3,7,10,10,3,-1.8,4,-0.6,2,-1.4,6,0.5
S02000311,S02001185,3,0,4,5,1,-3,2,12,9,4,-0.4,5,-0.9,2,1.2,7,0.8
S02000312,S02000281,3,0,0,0,-3,-3,-3,3,0,1,2.1,1,1.5,1,-0.7,2,-1.3
S02000312,S02000311,6,3,0,18,-6,-3,12,27,21,8,-0.8,11,-0.7,5,-2.2,16,0.6
S02000312,S02000312,3,0,0,13,-3,-3,10,16,13,5,-0.9,7,-1.5,3,-1.7,9,1.3
S02000312,S02000313,4,0,3,26,-1,-4,22,33,29,10,-2,14,-2.7,6,-1.3,19,2.3
S02000312,S02000316,0,0,0,6,0,0,6,6,6,2,-1.4,3,-1.6,1,-1.1,3,1.4
S02000312,S02000317,3,5,0,7,-3,2,4,15,12,5,-0.8,6,0.6,3,-1.7,9,-0.6
S02000312,S02000318,0,0,0,13,0,0,13,13,13,4,-2,6,-2.4,2,-1.6,7,2
S02000312,S02000319,0,0,0,4,0,0,4,4,4,1,-1.1,2,-1.3,1,-0.9,2,1.1
S02000312,S02000323,0,0,0,6,0,0,6,6,6,2,-1.4,3,-1.6,1,-1.1,3,1.4
S02000312,S02000324,6,0,0,11,-6,-6,5,17,11,5,0.3,7,-0.5,3,-1.8,10,0.4
S02000312,S02000326,0,0,0,5,0,0,5,5,5,2,-1.2,2,-1.5,1,-1,3,1.3
S02000312,S02000327,0,0,0,8,0,0,8,8,8,2,-1.6,3,-1.8,1,-1.2,5,1.6
S02000312,S02000328,5,0,0,8,-5,-5,3,13,8,4,0.5,6,-0.2,2,-1.6,7,0.2
S02000312,S02000587,0,3,0,3,0,3,3,6,6,2,-1.4,3,0.3,1,-1.1,3,-0.2
S02000312,S02000588,5,0,0,0,-5,-5,-5,5,0,2,2.8,2,2,1,-1,3,-1.7
S02000312,S02000590,0,0,0,5,0,0,5,5,5,2,-1.2,2,-1.5,1,-1,3,1.3
S02000312,S02000593,0,3,0,3,0,3,3,6,6,2,-1.4,3,0.3,1,-1.1,3,-0.2
S02000312,S02000597,0,0,0,13,0,0,13,13,13,4,-2,6,-2.4,2,-1.6,7,2
S02000312,S02000599,5,4,3,0,-2,-1,-5,12,7,4,0.7,5,1.7,2,0.5,7,-1.5
S02000312,S02000601,5,0,0,0,-5,-5,-5,5,0,2,2.8,2,2,1,-1,3,-1.7
S02000312,S02000607,13,0,0,0,-13,-13,-13,13,0,4,4.4,6,3.2,2,-1.6,7,-2.7
S02000312,S02000609,0,0,0,7,0,0,7,7,7,2,-1.5,3,-1.7,1,-1.1,4,1.5
S02000312,S02000611,0,3,0,0,0,3,0,3,3,1,-1,1,1.5,1,-0.7,2,-1.3
S02000312,S02000616,3,0,0,0,-3,-3,-3,3,0,1,2.1,1,1.5,1,-0.7,2,-1.3
S02000312,S02000622,0,0,0,3,0,0,3,3,3,1,-1,1,-1.1,1,-0.7,2,1
S02000312,S02000624,0,0,0,3,0,0,3,3,3,1,-1,1,-1.1,1,-0.7,2,1
S02000312,S02000625,0,0,0,5,0,0,5,5,5,2,-1.2,2,-1.5,1,-1,3,1.3
S02000312,S02000627,3,0,0,0,-3,-3,-3,3,0,1,2.1,1,1.5,1,-0.7,2,-1.3
S02000312,S02000628,4,0,0,0,-4,-4,-4,4,0,1,2.5,2,1.8,1,-0.9,2,-1.5
S02000312,S02000631,0,4,0,0,0,4,0,4,4,1,-1.1,2,1.8,1,-0.9,2,-1.5
S02000312,S02000634,0,0,4,3,4,0,3,7,7,2,-1.5,3,-1.7,1,2.4,4,1.5
S02000312,S02000635,0,3,0,3,0,3,3,6,6,2,-1.4,3,0.3,1,-1.1,3,-0.2
S02000312,S02000642,0,0,0,4,0,0,4,4,4,1,-1.1,2,-1.3,1,-0.9,2,1.1
S02000312,S02000644,6,3,3,0,-3,-3,-6,12,6,4,1.2,5,1.7,2,0.5,7,-1.5
S02000312,S02000651,0,0,3,4,3,0,4,7,7,2,-1.5,3,-1.7,1,1.5,4,1.5
S02000312,S02000655,19,6,92,36,73,-13,17,153,134,48,-4.2,65,-5,28,12,88,4.3
S02000312,S02000656,5,3,0,5,-5,-2,0,13,8,4,0.5,6,1.1,2,-1.6,7,-0.9
S02000312,S02000658,12,0,21,46,9,-12,34,79,67,25,-2.5,34,-3.7,15,1.7,45,3.2
S02000312,S02000660,9,0,4,0,-5,-9,-9,13,4,4,2.5,6,1.5,2,1,7,-1.3
S02000312,S02000661,7,0,10,9,3,-7,2,26,19,8,-0.4,11,-1.2,5,2.4,15,1
S02000312,S02000665,0,3,6,0,6,3,0,9,9,3,-1.7,4,-0.4,2,3.4,5,0.4
S02000312,S02000666,0,0,0,3,0,0,3,3,3,1,-1,1,-1.1,1,-0.7,2,1
S02000312,S02000669,0,0,3,0,3,0,0,3,3,1,-1,1,-1.1,1,3.3,2,1
S02000312,S02000672,3,0,0,17,-3,-3,14,20,17,6,-1.3,9,-1.9,4,-1.9,11,1.6
S02000312,S02000676,0,5,3,0,3,5,0,8,8,2,-1.6,3,0.9,1,1.2,5,-0.7
S02000312,S02000684,0,7,0,0,0,7,0,7,7,2,-1.5,3,2.3,1,-1.1,4,-2
S02000312,S02000688,4,0,0,0,-4,-4,-4,4,0,1,2.5,2,1.8,1,-0.9,2,-1.5
S02000312,S02000689,5,0,0,5,-5,-5,0,10,5,3,1.1,4,0.4,2,-1.4,6,-0.3
S02000312,S02000691,0,0,0,3,0,0,3,3,3,1,-1,1,-1.1,1,-0.7,2,1
S02000312,S02000713,0,4,0,0,0,4,0,4,4,1,-1.1,2,1.8,1,-0.9,2,-1.5
S02000312,S02000993,7,0,0,0,-7,-7,-7,7,0,2,3.3,3,2.3,1,-1.1,4,-2
S02000312,S02001000,0,0,3,6,3,0,6,9,9,3,-1.7,4,-2,2,1,5,1.7
S02000312,S02001010,0,0,0,3,0,0,3,3,3,1,-1,1,-1.1,1,-0.7,2,1
S02000312,S02001013,0,5,0,9,0,5,9,14,14,4,-2.1,6,-0.4,3,-1.6,8,0.3
S02000312,S02001185,0,0,4,0,4,0,0,4,4,1,-1.1,2,-1.3,1,3.8,2,1.1
S02000313,S02000270,0,0,3,0,3,0,0,3,3,1,-1,1,-1.1,1,3.3,2,1
S02000313,S02000310,0,3,0,10,0,3,10,13,13,4,-2,6,-1.1,2,-1.6,7,0.9
S02000313,S02000311,10,5,3,25,-7,-5,15,43,33,13,-0.9,18,-0.8,8,-1.8,25,0.7
S02000313,S02000312,0,0,0,12,0,0,12,12,12,4,-1.9,5,-2.3,2,-1.5,7,1.9
S02000313,S02000313,29,0,9,85,-20,-29,56,123,94,38,-1.5,52,-3.2,23,-2.9,71,2.8
S02000313,S02000314,0,0,0,4,0,0,4,4,4,1,-1.1,2,-1.3,1,-0.9,2,1.1
S02000313,S02000316,0,0,3,16,3,0,16,19,19,6,-2.4,8,-2.8,4,-0.3,11,2.4
S02000313,S02000317,5,0,0,14,-5,-5,9,19,14,6,-0.4,8,-1.1,4,-1.9,11,0.9
S02000313,S02000318,25,3,3,25,-22,-22,0,56,31,17,1.8,24,0.9,10,-2.3,32,-0.7
S02000313,S02000319,0,0,0,11,0,0,11,11,11,3,-1.9,5,-2.2,2,-1.4,6,1.9
S02000313,S02000324,10,8,7,39,-3,-2,29,64,54,20,-2.2,27,-1.8,12,-1.4,37,1.5
S02000313,S02000325,0,0,0,7,0,0,7,7,7,2,-1.5,3,-1.7,1,-1.1,4,1.5
S02000313,S02000326,0,0,0,9,0,0,9,9,9,3,-1.7,4,-2,2,-1.3,5,1.7
S02000313,S02000327,14,5,6,11,-8,-9,-3,36,22,11,0.8,15,0.9,7,-0.3,21,-0.8
S02000313,S02000328,17,0,4,9,-13,-17,-8,30,13,9,2.5,13,1.2,6,-0.7,17,-1
S02000313,S02000329,0,3,0,0,0,3,0,3,3,1,-1,1,1.5,1,-0.7,2,-1.3
S02000313,S02000587,0,7,0,9,0,7,9,16,16,5,-2.2,7,0.1,3,-1.7,9,-0.1
S02000313,S02000590,0,0,0,8,0,0,8,8,8,2,-1.6,3,-1.8,1,-1.2,5,1.6
S02000313,S02000593,0,0,0,3,0,0,3,3,3,1,-1,1,-1.1,1,-0.7,2,1
S02000313,S02000596,0,0,0,11,0,0,11,11,11,3,-1.9,5,-2.2,2,-1.4,6,1.9
S02000313,S02000597,0,0,7,22,7,0,22,29,29,9,-3,12,-3.5,5,0.7,17,3
S02000313,S02000599,17,3,4,0,-13,-14,-17,24,7,7,3.5,10,3.1,4,-0.2,14,-2.6
S02000313,S02000601,3,0,0,0,-3,-3,-3,3,0,1,2.1,1,1.5,1,-0.7,2,-1.3
S02000313,S02000602,0,0,0,3,0,0,3,3,3,1,-1,1,-1.1,1,-0.7,2,1
S02000313,S02000603,6,0,0,13,-6,-6,7,19,13,6,0,8,-0.7,4,-1.9,11,0.6
S02000313,S02000604,6,0,0,0,-6,-6,-6,6,0,2,3,3,2.2,1,-1.1,3,-1.9
S02000313,S02000605,0,0,0,6,0,0,6,6,6,2,-1.4,3,-1.6,1,-1.1,3,1.4
S02000313,S02000607,28,0,0,4,-28,-28,-24,32,4,10,5.7,14,3.9,6,-2.4,18,-3.4
S02000313,S02000608,5,0,0,0,-5,-5,-5,5,0,2,2.8,2,2,1,-1,3,-1.7
S02000313,S02000609,0,0,0,4,0,0,4,4,4,1,-1.1,2,-1.3,1,-0.9,2,1.1
S02000313,S02000610,0,0,0,6,0,0,6,6,6,2,-1.4,3,-1.6,1,-1.1,3,1.4
S02000313,S02000611,3,5,0,0,-3,2,-3,8,5,2,0.3,3,2.5,1,-1.2,5,-2.1
S02000313,S02000612,0,0,0,7,0,0,7,7,7,2,-1.5,3,-1.7,1,-1.1,4,1.5
S02000313,S02000615,0,0,0,3,0,0,3,3,3,1,-1,1,-1.1,1,-0.7,2,1
S02000313,S02000616,3,0,0,7,-3,-3,4,10,7,3,-0.1,4,-0.6,2,-1.4,6,0.5
S02000313,S02000622,3,0,4,5,1,-3,2,12,9,4,-0.4,5,-0.9,2,1.2,7,0.8
S02000313,S02000624,0,0,0,7,0,0,7,7,7,2,-1.5,3,-1.7,1,-1.1,4,1.5
S02000313,S02000625,4,0,0,7,-4,-4,3,11,7,3,0.3,5,-0.3,2,-1.4,6,0.3
S02000313,S02000626,0,0,0,3,0,0,3,3,3,1,-1,1,-1.1,1,-0.7,2,1
S02000313,S02000627,4,0,0,4,-4,-4,0,8,4,2,1,3,0.3,1,-1.2,5,-0.3
S02000313,S02000628,8,0,0,0,-8,-8,-8,8,0,2,3.5,3,2.5,1,-1.2,5,-2.1
S02000313,S02000631,0,0,5,0,5,0,0,5,5,2,-1.2,2,-1.5,1,4.2,3,1.3
S02000313,S02000633,0,4,0,5,0,4,5,9,9,3,-1.7,4,0.1,2,-1.3,5,-0.1
S02000313,S02000634,21,3,6,17,-15,-18,-4,47,26,15,1.7,20,0.9,9,-0.9,27,-0.8
S02000313,S02000635,6,0,0,10,-6,-6,4,16,10,5,0.5,7,-0.3,3,-1.7,9,0.3
S02000313,S02000637,4,0,0,0,-4,-4,-4,4,0,1,2.5,2,1.8,1,-0.9,2,-1.5
S02000313,S02000642,0,3,3,4,3,3,4,10,10,3,-1.8,4,-0.6,2,0.8,6,0.5
S02000313,S02000644,0,6,8,4,8,6,4,18,18,6,-2.4,8,-0.6,3,2.6,10,0.5
S02000313,S02000647,0,0,0,4,0,0,4,4,4,1,-1.1,2,-1.3,1,-0.9,2,1.1
S02000313,S02000648,3,0,0,0,-3,-3,-3,3,0,1,2.1,1,1.5,1,-0.7,2,-1.3
S02000313,S02000649,0,0,0,3,0,0,3,3,3,1,-1,1,-1.1,1,-0.7,2,1
S02000313,S02000651,6,6,10,9,4,0,3,31,25,10,-1.2,13,-0.3,6,1.8,18,0.3
S02000313,S02000655,59,16,224,78,165,-43,19,377,318,117,-5.4,160,-6.7,70,18.5,217,5.8
S02000313,S02000656,6,10,0,5,-6,4,-1,21,15,7,-0.2,9,2.4,4,-2,12,-2
S02000313,S02000658,39,4,18,82,-21,-35,43,143,104,45,-0.8,61,-2.3,26,-1.6,82,2
S02000313,S02000660,28,0,3,7,-25,-28,-21,38,10,12,4.7,16,2.9,7,-1.5,22,-2.5
S02000313,S02000661,6,0,14,6,8,-6,0,26,20,8,-0.7,11,-1.5,5,4.2,15,1.3
S02000313,S02000663,0,0,0,3,0,0,3,3,3,1,-1,1,-1.1,1,-0.7,2,1
S02000313,S02000664,10,0,0,6,-10,-10,-4,16,6,5,2.2,7,1.2,3,-1.7,9,-1.1
S02000313,S02000665,3,0,9,3,6,-3,0,15,12,5,-0.8,6,-1.3,3,3.7,9,1.2
S02000313,S02000667,4,0,0,0,-4,-4,-4,4,0,1,2.5,2,1.8,1,-0.9,2,-1.5
S02000313,S02000670,5,0,0,3,-5,-5,-2,8,3,2,1.6,3,0.9,1,-1.2,5,-0.7
S02000313,S02000672,3,0,3,23,0,-3,20,29,26,9,-2,12,-2.7,5,-1,17,2.3
S02000313,S02000675,0,0,0,5,0,0,5,5,5,2,-1.2,2,-1.5,1,-1,3,1.3
S02000313,S02000684,0,4,0,5,0,4,5,9,9,3,-1.7,4,0.1,2,-1.3,5,-0.1
S02000313,S02000685,0,0,0,3,0,0,3,3,3,1,-1,1,-1.1,1,-0.7,2,1
S02000313,S02000689,8,0,0,10,-8,-8,2,18,10,6,1,8,0.1,3,-1.8,10,-0.1
S02000313,S02000691,8,0,0,0,-8,-8,-8,8,0,2,3.5,3,2.5,1,-1.2,5,-2.1
S02000313,S02000701,3,0,0,0,-3,-3,-3,3,0,1,2.1,1,1.5,1,-0.7,2,-1.3
S02000313,S02000710,0,0,3,4,3,0,4,7,7,2,-1.5,3,-1.7,1,1.5,4,1.5
S02000313,S02000712,4,0,0,0,-4,-4,-4,4,0,1,2.5,2,1.8,1,-0.9,2,-1.5
S02000313,S02000781,3,0,3,0,0,-3,-3,6,3,2,0.8,3,0.3,1,1.8,3,-0.2
S02000313,S02000783,3,0,0,0,-3,-3,-3,3,0,1,2.1,1,1.5,1,-0.7,2,-1.3
S02000313,S02000984,5,0,0,0,-5,-5,-5,5,0,2,2.8,2,2,1,-1,3,-1.7
S02000313,S02000988,0,0,0,3,0,0,3,3,3,1,-1,1,-1.1,1,-0.7,2,1
S02000313,S02000993,20,0,0,0,-20,-20,-20,20,0,6,5.5,9,3.9,4,-1.9,11,-3.4
S02000313,S02000994,3,0,0,0,-3,-3,-3,3,0,1,2.1,1,1.5,1,-0.7,2,-1.3
S02000313,S02000997,0,3,0,4,0,3,4,7,7,2,-1.5,3,0,1,-1.1,4,0
S02000313,S02000999,0,0,3,3,3,0,3,6,6,2,-1.4,3,-1.6,1,1.8,3,1.4
S02000313,S02001000,28,0,6,17,-22,-28,-11,51,23,16,3,22,1.4,9,-1.1,29,-1.2
S02000313,S02001010,20,4,0,6,-20,-16,-14,30,10,9,3.5,13,3.1,6,-2.4,17,-2.7
S02000313,S02001013,5,7,4,19,-1,2,14,35,30,11,-1.8,15,-0.7,6,-1,20,0.6
S02000313,S02001014,0,0,4,0,4,0,0,4,4,1,-1.1,2,-1.3,1,3.8,2,1.1
S02000313,S02001015,0,12,5,0,5,12,0,17,17,5,-2.3,7,1.8,3,1,10,-1.5
S02000313,S02001016,4,0,0,0,-4,-4,-4,4,0,1,2.5,2,1.8,1,-0.9,2,-1.5
S02000313,S02001146,0,0,0,4,0,0,4,4,4,1,-1.1,2,-1.3,1,-0.9,2,1.1
S02000313,S02001157,0,0,0,3,0,0,3,3,3,1,-1,1,-1.1,1,-0.7,2,1
S02000313,S02001162,0,0,3,0,3,0,0,3,3,1,-1,1,-1.1,1,3.3,2,1
S02000313,S02001185,8,0,4,5,-4,-8,-3,17,9,5,1.2,7,0.3,3,0.5,10,-0.2
S02000314,S02000311,0,3,0,7,0,3,7,10,10,3,-1.8,4,-0.6,2,-1.4,6,0.5
S02000314,S02000312,0,0,0,3,0,0,3,3,3,1,-1,1,-1.1,1,-0.7,2,1
S02000314,S02000313,7,0,5,13,-2,-7,6,25,18,8,-0.3,11,-1.1,5,0.2,14,1
S02000314,S02000314,49,22,4,62,-45,-27,13,137,88,43,1,58,1.7,25,-4.2,79,-1.4
S02000314,S02000316,3,0,0,3,-3,-3,0,6,3,2,0.8,3,0.3,1,-1.1,3,-0.2
S02000314,S02000318,3,0,0,15,-3,-3,12,18,15,6,-1.1,8,-1.7,3,-1.8,10,1.4
S02000314,S02000321,11,3,0,24,-11,-8,13,38,27,12,-0.2,16,-0.5,7,-2.7,22,0.5
S02000314,S02000322,0,0,4,3,4,0,3,7,7,2,-1.5,3,-1.7,1,2.4,4,1.5
S02000314,S02000324,7,0,3,14,-4,-7,7,24,17,7,-0.2,10,-1,4,-0.7,14,0.9
S02000314,S02000327,0,0,0,4,0,0,4,4,4,1,-1.1,2,-1.3,1,-0.9,2,1.1
S02000314,S02000328,75,17,16,74,-59,-58,-1,182,107,57,2.4,77,1.7,34,-3,105,-1.4
S02000314,S02000329,11,3,0,0,-11,-8,-11,14,3,4,3.2,6,3.3,3,-1.6,8,-2.8
S02000314,S02000586,0,0,0,4,0,0,4,4,4,1,-1.1,2,-1.3,1,-0.9,2,1.1
S02000314,S02000587,3,9,5,3,2,6,0,20,17,6,-1.3,9,1.2,4,0.7,11,-1
S02000314,S02000590,0,0,0,9,0,0,9,9,9,3,-1.7,4,-2,2,-1.3,5,1.7
S02000314,S02000596,0,0,0,4,0,0,4,4,4,1,-1.1,2,-1.3,1,-0.9,2,1.1
S02000314,S02000597,3,0,3,27,0,-3,24,33,30,10,-2.3,14,-2.9,6,-1.3,19,2.5
S02000314,S02000599,0,9,0,0,0,9,0,9,9,3,-1.7,4,2.6,2,-1.3,5,-2.3
S02000314,S02000601,0,0,0,3,0,0,3,3,3,1,-1,1,-1.1,1,-0.7,2,1
S02000314,S02000602,8,0,0,8,-8,-8,0,16,8,5,1.4,7,0.5,3,-1.7,9,-0.4
S02000314,S02000603,0,0,0,9,0,0,9,9,9,3,-1.7,4,-2,2,-1.3,5,1.7
S02000314,S02000607,15,0,0,0,-15,-15,-15,15,0,5,4.8,6,3.4,3,-1.7,9,-2.9
S02000314,S02000608,11,0,0,0,-11,-11,-11,11,0,3,4.1,5,2.9,2,-1.4,6,-2.5
S02000314,S02000625,0,0,0,7,0,0,7,7,7,2,-1.5,3,-1.7,1,-1.1,4,1.5
S02000314,S02000627,4,0,0,4,-4,-4,0,8,4,2,1,3,0.3,1,-1.2,5,-0.3
S02000314,S02000628,4,0,3,3,-1,-4,-1,10,6,3,0.5,4,-0.1,2,0.8,6,0.1
S02000314,S02000633,0,0,3,3,3,0,3,6,6,2,-1.4,3,-1.6,1,1.8,3,1.4
S02000314,S02000634,12,0,3,5,-9,-12,-7,20,8,6,2.3,9,1.2,4,-0.4,11,-1
S02000314,S02000635,0,0,0,3,0,0,3,3,3,1,-1,1,-1.1,1,-0.7,2,1
S02000314,S02000638,3,0,0,3,-3,-3,0,6,3,2,0.8,3,0.3,1,-1.1,3,-0.2
S02000314,S02000644,7,4,5,0,-2,-3,-7,16,9,5,0.9,7,1.6,3,1.2,9,-1.4
S02000314,S02000649,0,0,0,4,0,0,4,4,4,1,-1.1,2,-1.3,1,-0.9,2,1.1
S02000314,S02000651,3,0,5,4,2,-3,1,12,9,4,-0.4,5,-0.9,2,1.9,7,0.8
S02000314,S02000655,33,6,110,42,77,-27,9,191,158,59,-3.4,81,-4.7,35,12.6,110,4
S02000314,S02000656,6,4,0,6,-6,-2,0,16,10,5,0.5,7,1.2,3,-1.7,9,-1.1
S02000314,S02000658,35,6,18,76,-17,-29,41,135,100,42,-1.1,57,-2.2,25,-1.4,78,1.9
S02000314,S02000660,31,5,0,7,-31,-26,-24,43,12,13,4.8,18,4.1,8,-2.8,25,-3.6
S02000314,S02000661,4,0,3,0,-1,-4,-4,7,3,2,1.2,3,0.6,1,1.5,4,-0.5
S02000314,S02000663,0,0,0,3,0,0,3,3,3,1,-1,1,-1.1,1,-0.7,2,1
S02000314,S02000664,5,0,0,0,-5,-5,-5,5,0,2,2.8,2,2,1,-1,3,-1.7
S02000314,S02000665,0,0,3,3,3,0,3,6,6,2,-1.4,3,-1.6,1,1.8,3,1.4
S02000314,S02000667,3,0,0,0,-3,-3,-3,3,0,1,2.1,1,1.5,1,-0.7,2,-1.3
S02000314,S02000669,0,0,5,0,5,0,0,5,5,2,-1.2,2,-1.5,1,4.2,3,1.3
S02000314,S02000670,0,4,0,0,0,4,0,4,4,1,-1.1,2,1.8,1,-0.9,2,-1.5
S02000314,S02000672,0,0,0,22,0,0,22,22,22,7,-2.6,9,-3.1,4,-2,13,2.6
S02000314,S02000676,4,0,0,0,-4,-4,-4,4,0,1,2.5,2,1.8,1,-0.9,2,-1.5
S02000314,S02000680,0,0,0,3,0,0,3,3,3,1,-1,1,-1.1,1,-0.7,2,1
S02000314,S02000684,0,8,0,3,0,8,3,11,11,3,-1.9,5,1.5,2,-1.4,6,-1.3
S02000314,S02000689,4,0,3,3,-1,-4,-1,10,6,3,0.5,4,-0.1,2,0.8,6,0.1
S02000314,S02000702,0,0,0,4,0,0,4,4,4,1,-1.1,2,-1.3,1,-0.9,2,1.1
S02000314,S02000772,3,0,0,0,-3,-3,-3,3,0,1,2.1,1,1.5,1,-0.7,2,-1.3
S02000314,S02000781,3,0,0,0,-3,-3,-3,3,0,1,2.1,1,1.5,1,-0.7,2,-1.3
S02000314,S02000984,13,0,0,4,-13,-13,-9,17,4,5,3.3,7,2.1,3,-1.8,10,-1.8
S02000314,S02000986,0,0,0,3,0,0,3,3,3,1,-1,1,-1.1,1,-0.7,2,1
S02000314,S02000987,4,0,0,0,-4,-4,-4,4,0,1,2.5,2,1.8,1,-0.9,2,-1.5
S02000314,S02000990,3,0,0,3,-3,-3,0,6,3,2,0.8,3,0.3,1,-1.1,3,-0.2
S02000314,S02000991,3,0,0,0,-3,-3,-3,3,0,1,2.1,1,1.5,1,-0.7,2,-1.3
S02000314,S02000992,0,0,0,3,0,0,3,3,3,1,-1,1,-1.1,1,-0.7,2,1
S02000314,S02000993,33,0,0,3,-33,-33,-30,36,3,11,6.5,15,4.5,7,-2.6,21,-3.9
S02000314,S02000994,11,0,0,3,-11,-11,-8,14,3,4,3.2,6,2.1,3,-1.6,8,-1.8
S02000314,S02000997,0,9,3,5,3,9,5,17,17,5,-2.3,7,0.7,3,-0.1,10,-0.6
S02000314,S02000998,4,6,0,0,-4,2,-4,10,6,3,0.5,4,2.8,2,-1.4,6,-2.4
S02000314,S02000999,3,0,0,9,-3,-3,6,12,9,4,-0.4,5,-0.9,2,-1.5,7,0.8
S02000314,S02001000,31,8,14,24,-17,-23,-7,77,46,24,1.4,33,1.1,14,-0.1,44,-0.9
S02000314,S02001001,0,0,0,5,0,0,5,5,5,2,-1.2,2,-1.5,1,-1,3,1.3
S02000314,S02001004,3,0,0,3,-3,-3,0,6,3,2,0.8,3,0.3,1,-1.1,3,-0.2
S02000314,S02001005,0,0,0,4,0,0,4,4,4,1,-1.1,2,-1.3,1,-0.9,2,1.1
S02000314,S02001007,0,4,0,7,0,4,7,11,11,3,-1.9,5,-0.3,2,-1.4,6,0.3
S02000314,S02001010,34,13,13,22,-21,-21,-12,82,48,26,1.7,35,2.1,15,-0.6,47,-1.8
S02000314,S02001013,5,6,0,26,-5,1,21,37,32,12,-1.9,16,-1.2,7,-2.6,21,1
S02000314,S02001014,0,7,0,0,0,7,0,7,7,2,-1.5,3,2.3,1,-1.1,4,-2
S02000314,S02001015,7,31,9,3,2,24,-4,50,43,16,-2.2,21,3.6,9,-0.1,29,-3.1
S02000314,S02001016,0,0,5,5,5,0,5,10,10,3,-1.8,4,-2.1,2,2.3,6,1.8
S02000314,S02001161,0,0,0,3,0,0,3,3,3,1,-1,1,-1.1,1,-0.7,2,1
S02000314,S02001162,3,0,0,0,-3,-3,-3,3,0,1,2.1,1,1.5,1,-0.7,2,-1.3
S02000314,S02001185,5,3,0,0,-5,-2,-5,8,3,2,1.6,3,2.5,1,-1.2,5,-2.1
S02000314,S02001192,3,0,0,0,-3,-3,-3,3,0,1,2.1,1,1.5,1,-0.7,2,-1.3
S02000314,S02001197,0,3,0,0,0,3,0,3,3,1,-1,1,1.5,1,-0.7,2,-1.3
S02000316,S02000310,0,0,0,6,0,0,6,6,6,2,-1.4,3,-1.6,1,-1.1,3,1.4
S02000316,S02000311,4,4,0,17,-4,0,13,25,21,8,-1.4,11,-0.8,5,-2.2,14,0.7
S02000316,S02000312,0,0,4,14,4,0,14,18,18,6,-2.4,8,-2.8,3,0.4,10,2.4
S02000316,S02000313,0,0,3,11,3,0,11,14,14,4,-2.1,6,-2.4,3,0.3,8,2.1
S02000316,S02000316,0,0,0,4,0,0,4,4,4,1,-1.1,2,-1.3,1,-0.9,2,1.1
S02000316,S02000317,5,0,3,5,-2,-5,0,13,8,4,0.5,6,-0.2,2,0.4,7,0.2
S02000316,S02000319,0,0,0,7,0,0,7,7,7,2,-1.5,3,-1.7,1,-1.1,4,1.5
S02000316,S02000322,0,0,0,3,0,0,3,3,3,1,-1,1,-1.1,1,-0.7,2,1
S02000316,S02000324,5,0,0,14,-5,-5,9,19,14,6,-0.4,8,-1.1,4,-1.9,11,0.9
S02000316,S02000325,0,0,0,6,0,0,6,6,6,2,-1.4,3,-1.6,1,-1.1,3,1.4
S02000316,S02000327,0,0,0,9,0,0,9,9,9,3,-1.7,4,-2,2,-1.3,5,1.7
S02000316,S02000328,5,0,3,3,-2,-5,-2,11,6,3,0.9,5,0.1,2,0.7,6,-0.1
S02000316,S02000587,0,3,0,3,0,3,3,6,6,2,-1.4,3,0.3,1,-1.1,3,-0.2
S02000316,S02000590,0,0,0,5,0,0,5,5,5,2,-1.2,2,-1.5,1,-1,3,1.3
S02000316,S02000596,0,0,0,5,0,0,5,5,5,2,-1.2,2,-1.5,1,-1,3,1.3
S02000316,S02000597,0,0,0,5,0,0,5,5,5,2,-1.2,2,-1.5,1,-1,3,1.3
S02000316,S02000599,4,0,8,0,4,-4,-4,12,8,4,0.1,5,-0.5,2,3.9,7,0.4
S02000316,S02000602,3,0,0,3,-3,-3,0,6,3,2,0.8,3,0.3,1,-1.1,3,-0.2
S02000316,S02000603,0,0,0,5,0,0,5,5,5,2,-1.2,2,-1.5,1,-1,3,1.3
S02000316,S02000605,0,0,0,3,0,0,3,3,3,1,-1,1,-1.1,1,-0.7,2,1
S02000316,S02000607,9,0,0,3,-9,-9,-6,12,3,4,2.7,5,1.7,2,-1.5,7,-1.5
S02000316,S02000609,0,0,0,3,0,0,3,3,3,1,-1,1,-1.1,1,-0.7,2,1
S02000316,S02000611,0,8,0,0,0,8,0,8,8,2,-1.6,3,2.5,1,-1.2,5,-2.1
S02000316,S02000612,0,0,0,9,0,0,9,9,9,3,-1.7,4,-2,2,-1.3,5,1.7
S02000316,S02000614,5,0,0,0,-5,-5,-5,5,0,2,2.8,2,2,1,-1,3,-1.7
S02000316,S02000616,0,3,0,0,0,3,0,3,3,1,-1,1,1.5,1,-0.7,2,-1.3
S02000316,S02000624,0,0,0,4,0,0,4,4,4,1,-1.1,2,-1.3,1,-0.9,2,1.1
S02000316,S02000625,0,0,3,0,3,0,0,3,3,1,-1,1,-1.1,1,3.3,2,1
S02000316,S02000627,3,0,0,3,-3,-3,0,6,3,2,0.8,3,0.3,1,-1.1,3,-0.2
S02000316,S02000628,4,0,0,0,-4,-4,-4,4,0,1,2.5,2,1.8,1,-0.9,2,-1.5
S02000316,S02000634,0,0,0,11,0,0,11,11,11,3,-1.9,5,-2.2,2,-1.4,6,1.9
S02000316,S02000642,0,0,3,3,3,0,3,6,6,2,-1.4,3,-1.6,1,1.8,3,1.4
S02000316,S02000649,0,0,0,4,0,0,4,4,4,1,-1.1,2,-1.3,1,-0.9,2,1.1
S02000316,S02000651,4,0,9,6,5,-4,2,19,15,6,-0.8,8,-1.4,4,2.9,11,1.2
S02000316,S02000655,32,15,132,54,100,-17,22,233,201,73,-4.8,99,-5.2,43,13.5,134,4.5
S02000316,S02000656,0,4,3,4,3,4,4,11,11,3,-1.9,5,-0.3,2,0.7,6,0.3
S02000316,S02000658,23,5,10,67,-13,-18,44,105,82,33,-1.7,45,-2.5,19,-2.1,60,2.1
S02000316,S02000660,15,0,0,3,-15,-15,-12,18,3,6,4,8,2.7,3,-1.8,10,-2.3
S02000316,S02000661,10,0,8,9,-2,-10,-1,27,17,8,0.5,11,-0.4,5,1.3,16,0.4
S02000316,S02000664,4,0,0,0,-4,-4,-4,4,0,1,2.5,2,1.8,1,-0.9,2,-1.5
S02000316,S02000665,7,0,9,0,2,-7,-7,16,9,5,0.9,7,0.1,3,3.5,9,-0.1
S02000316,S02000669,0,0,0,3,0,0,3,3,3,1,-1,1,-1.1,1,-0.7,2,1
S02000316,S02000672,0,0,4,19,4,0,19,23,23,7,-2.7,10,-3.1,4,-0.1,13,2.7
S02000316,S02000673,0,0,0,3,0,0,3,3,3,1,-1,1,-1.1,1,-0.7,2,1
S02000316,S02000681,0,0,0,3,0,0,3,3,3,1,-1,1,-1.1,1,-0.7,2,1
S02000316,S02000689,9,0,0,3,-9,-9,-6,12,3,4,2.7,5,1.7,2,-1.5,7,-1.5
S02000316,S02000784,0,0,0,6,0,0,6,6,6,2,-1.4,3,-1.6,1,-1.1,3,1.4
S02000316,S02000787,4,0,0,0,-4,-4,-4,4,0,1,2.5,2,1.8,1,-0.9,2,-1.5
S02000316,S02000923,0,3,0,0,0,3,0,3,3,1,-1,1,1.5,1,-0.7,2,-1.3
S02000316,S02000984,3,0,0,0,-3,-3,-3,3,0,1,2.1,1,1.5,1,-0.7,2,-1.3
S02000316,S02000993,5,0,0,0,-5,-5,-5,5,0,2,2.8,2,2,1,-1,3,-1.7
S02000316,S02000997,0,0,0,4,0,0,4,4,4,1,-1.1,2,-1.3,1,-0.9,2,1.1
S02000316,S02001000,0,0,4,5,4,0,5,9,9,3,-1.7,4,-2,2,1.8,5,1.7
S02000316,S02001010,6,0,0,3,-6,-6,-3,9,3,3,1.9,4,1.1,2,-1.3,5,-1
S02000316,S02001013,0,7,6,3,6,7,3,16,16,5,-2.2,7,0.1,3,1.8,9,-0.1
S02000316,S02001015,0,0,3,0,3,0,0,3,3,1,-1,1,-1.1,1,3.3,2,1
S02000316,S02001154,0,0,0,4,0,0,4,4,4,1,-1.1,2,-1.3,1,-0.9,2,1.1
S02000316,S02001162,0,0,0,3,0,0,3,3,3,1,-1,1,-1.1,1,-0.7,2,1
S02000316,S02001185,6,0,0,0,-6,-6,-6,6,0,2,3,3,2.2,1,-1.1,3,-1.9
S02000317,S02000310,0,0,0,7,0,0,7,7,7,2,-1.5,3,-1.7,1,-1.1,4,1.5
S02000317,S02000311,0,0,0,18,0,0,18,18,18,6,-2.4,8,-2.8,3,-1.8,10,2.4
S02000317,S02000312,4,0,0,28,-4,-4,24,32,28,10,-1.9,14,-2.6,6,-2.4,18,2.2
S02000317,S02000313,4,0,5,36,1,-4,32,45,41,14,-2.7,19,-3.5,8,-1.2,26,3
S02000317,S02000317,18,8,0,43,-18,-10,25,69,51,21,-0.8,29,-0.6,13,-3.6,40,0.5
S02000317,S02000318,6,0,0,15,-6,-6,9,21,15,7,-0.2,9,-1,4,-2,12,0.8
S02000317,S02000319,7,0,3,13,-4,-7,6,23,16,7,-0.1,10,-0.9,4,-0.6,13,0.8
S02000317,S02000320,0,3,0,10,0,3,10,13,13,4,-2,6,-1.1,2,-1.6,7,0.9
S02000317,S02000321,3,0,0,4,-3,-3,1,7,4,2,0.6,3,0,1,-1.1,4,0
S02000317,S02000323,5,0,0,0,-5,-5,-5,5,0,2,2.8,2,2,1,-1,3,-1.7
S02000317,S02000324,10,6,0,31,-10,-4,21,47,37,15,-1.2,20,-0.9,9,-2.9,27,0.8
S02000317,S02000325,0,0,0,7,0,0,7,7,7,2,-1.5,3,-1.7,1,-1.1,4,1.5
S02000317,S02000326,5,0,0,8,-5,-5,3,13,8,4,0.5,6,-0.2,2,-1.6,7,0.2
S02000317,S02000327,11,3,0,13,-11,-8,2,27,16,8,0.9,11,0.7,5,-2.2,16,-0.6
S02000317,S02000328,6,0,0,9,-6,-6,3,15,9,5,0.6,6,-0.2,3,-1.7,9,0.1
S02000317,S02000329,0,0,0,3,0,0,3,3,3,1,-1,1,-1.1,1,-0.7,2,1
S02000317,S02000584,0,0,0,8,0,0,8,8,8,2,-1.6,3,-1.8,1,-1.2,5,1.6
S02000317,S02000585,3,0,0,3,-3,-3,0,6,3,2,0.8,3,0.3,1,-1.1,3,-0.2
S02000317,S02000587,0,0,0,3,0,0,3,3,3,1,-1,1,-1.1,1,-0.7,2,1
S02000317,S02000588,3,0,0,0,-3,-3,-3,3,0,1,2.1,1,1.5,1,-0.7,2,-1.3
S02000317,S02000590,0,0,0,10,0,0,10,10,10,3,-1.8,4,-2.1,2,-1.4,6,1.8
S02000317,S02000591,0,0,0,5,0,0,5,5,5,2,-1.2,2,-1.5,1,-1,3,1.3
S02000317,S02000593,7,4,0,0,-7,-3,-7,11,4,3,1.9,5,2.9,2,-1.4,6,-2.5
S02000317,S02000596,0,0,0,3,0,0,3,3,3,1,-1,1,-1.1,1,-0.7,2,1
S02000317,S02000597,5,0,4,14,-1,-5,9,23,18,7,-0.8,10,-1.5,4,-0.1,13,1.3
S02000317,S02000598,0,0,0,4,0,0,4,4,4,1,-1.1,2,-1.3,1,-0.9,2,1.1
S02000317,S02000599,15,10,0,7,-15,-5,-8,32,17,10,1.6,14,3.1,6,-2.4,18,-2.7
S02000317,S02000602,0,0,0,4,0,0,4,4,4,1,-1.1,2,-1.3,1,-0.9,2,1.1
S02000317,S02000603,0,0,0,18,0,0,18,18,18,6,-2.4,8,-2.8,3,-1.8,10,2.4
S02000317,S02000604,0,0,0,3,0,0,3,3,3,1,-1,1,-1.1,1,-0.7,2,1
S02000317,S02000607,31,0,0,9,-31,-31,-22,40,9,12,5.3,17,3.4,7,-2.7,23,-2.9
S02000317,S02000608,4,0,0,0,-4,-4,-4,4,0,1,2.5,2,1.8,1,-0.9,2,-1.5
S02000317,S02000609,0,0,4,4,4,0,4,8,8,2,-1.6,3,-1.8,1,2.1,5,1.6
S02000317,S02000610,0,0,0,5,0,0,5,5,5,2,-1.2,2,-1.5,1,-1,3,1.3
S02000317,S02000611,0,0,0,3,0,0,3,3,3,1,-1,1,-1.1,1,-0.7,2,1
S02000317,S02000612,0,0,0,6,0,0,6,6,6,2,-1.4,3,-1.6,1,-1.1,3,1.4
S02000317,S02000614,3,0,0,4,-3,-3,1,7,4,2,0.6,3,0,1,-1.1,4,0
S02000317,S02000615,4,3,0,3,-4,-1,-1,10,6,3,0.5,4,1.3,2,-1.4,6,-1.1
S02000317,S02000617,5,0,0,0,-5,-5,-5,5,0,2,2.8,2,2,1,-1,3,-1.7
S02000317,S02000622,3,0,0,4,-3,-3,1,7,4,2,0.6,3,0,1,-1.1,4,0
S02000317,S02000624,0,0,0,3,0,0,3,3,3,1,-1,1,-1.1,1,-0.7,2,1
S02000317,S02000625,0,0,0,10,0,0,10,10,10,3,-1.8,4,-2.1,2,-1.4,6,1.8
S02000317,S02000627,5,0,0,0,-5,-5,-5,5,0,2,2.8,2,2,1,-1,3,-1.7
S02000317,S02000628,6,3,0,3,-6,-3,-3,12,6,4,1.2,5,1.7,2,-1.5,7,-1.5
S02000317,S02000631,8,4,0,4,-8,-4,-4,16,8,5,1.4,7,2,3,-1.7,9,-1.7
S02000317,S02000633,0,6,0,9,0,6,9,15,15,5,-2.2,6,-0.2,3,-1.7,9,0.1
S02000317,S02000634,13,6,5,15,-8,-7,2,39,26,12,0.2,17,0.6,7,-0.8,22,-0.5
S02000317,S02000635,6,0,0,5,-6,-6,-1,11,5,3,1.4,5,0.6,2,-1.4,6,-0.5
S02000317,S02000638,3,0,0,0,-3,-3,-3,3,0,1,2.1,1,1.5,1,-0.7,2,-1.3
S02000317,S02000639,0,0,0,3,0,0,3,3,3,1,-1,1,-1.1,1,-0.7,2,1
S02000317,S02000644,0,0,19,0,19,0,0,19,19,6,-2.4,8,-2.8,4,8.3,11,2.4
S02000317,S02000651,3,0,8,5,5,-3,2,16,13,5,-0.9,7,-1.5,3,2.9,9,1.3
S02000317,S02000655,69,14,206,70,137,-55,1,359,290,112,-4,153,-5.6,66,17.1,206,4.9
S02000317,S02000656,14,14,3,7,-11,0,-7,38,24,12,0.6,16,2.9,7,-1.5,22,-2.5
S02000317,S02000658,52,12,25,117,-27,-40,65,206,154,64,-1.5,88,-2.5,38,-2.1,118,2.2
S02000317,S02000659,0,0,5,0,5,0,0,5,5,2,-1.2,2,-1.5,1,4.2,3,1.3
S02000317,S02000660,30,5,0,7,-30,-25,-23,42,12,13,4.7,18,4.1,8,-2.8,24,-3.5
S02000317,S02000661,9,0,20,7,11,-9,-2,36,27,11,-0.7,15,-1.6,7,5.2,21,1.4
S02000317,S02000663,0,0,0,3,0,0,3,3,3,1,-1,1,-1.1,1,-0.7,2,1
S02000317,S02000664,7,0,0,0,-7,-7,-7,7,0,2,3.3,3,2.3,1,-1.1,4,-2
S02000317,S02000665,5,0,18,6,13,-5,1,29,24,9,-1.3,12,-2.1,5,5.5,17,1.8
S02000317,S02000669,6,0,4,6,-2,-6,0,16,10,5,0.5,7,-0.3,3,0.6,9,0.3
S02000317,S02000672,0,0,6,42,6,0,42,48,48,15,-3.9,20,-4.5,9,-1,28,3.9
S02000317,S02000676,5,4,0,0,-5,-1,-5,9,4,3,1.3,4,2.6,2,-1.3,5,-2.3
S02000317,S02000684,0,6,0,0,0,6,0,6,6,2,-1.4,3,2.2,1,-1.1,3,-1.9
S02000317,S02000689,16,0,0,10,-16,-16,-6,26,10,8,2.8,11,1.5,5,-2.2,15,-1.3
S02000317,S02000691,5,0,0,0,-5,-5,-5,5,0,2,2.8,2,2,1,-1,3,-1.7
S02000317,S02000693,5,0,0,0,-5,-5,-5,5,0,2,2.8,2,2,1,-1,3,-1.7
S02000317,S02000694,4,0,0,0,-4,-4,-4,4,0,1,2.5,2,1.8,1,-0.9,2,-1.5
S02000317,S02000710,0,0,5,0,5,0,0,5,5,2,-1.2,2,-1.5,1,4.2,3,1.3
S02000317,S02000923,0,0,0,3,0,0,3,3,3,1,-1,1,-1.1,1,-0.7,2,1
S02000317,S02000988,0,0,0,3,0,0,3,3,3,1,-1,1,-1.1,1,-0.7,2,1
S02000317,S02000993,6,0,0,0,-6,-6,-6,6,0,2,3,3,2.2,1,-1.1,3,-1.9
S02000317,S02000997,0,4,0,0,0,4,0,4,4,1,-1.1,2,1.8,1,-0.9,2,-1.5
S02000317,S02000999,0,3,0,0,0,3,0,3,3,1,-1,1,1.5,1,-0.7,2,-1.3
S02000317,S02001000,11,0,4,15,-7,-11,4,30,19,9,0.5,13,-0.5,6,-0.7,17,0.4
S02000317,S02001004,3,0,0,0,-3,-3,-3,3,0,1,2.1,1,1.5,1,-0.7,2,-1.3
S02000317,S02001007,0,3,0,0,0,3,0,3,3,1,-1,1,1.5,1,-0.7,2,-1.3
S02000317,S02001010,21,7,0,5,-21,-14,-16,33,12,10,3.3,14,3.7,6,-2.5,19,-3.2
S02000317,S02001013,0,6,0,10,0,6,10,16,16,5,-2.2,7,-0.3,3,-1.7,9,0.3
S02000317,S02001015,0,5,3,3,3,5,3,11,11,3,-1.9,5,0.1,2,0.7,6,-0.1
S02000317,S02001159,0,0,0,3,0,0,3,3,3,1,-1,1,-1.1,1,-0.7,2,1
S02000317,S02001161,6,0,0,0,-6,-6,-6,6,0,2,3,3,2.2,1,-1.1,3,-1.9
S02000318,S02000270,0,0,3,0,3,0,0,3,3,1,-1,1,-1.1,1,3.3,2,1
S02000318,S02000310,0,0,0,3,0,0,3,3,3,1,-1,1,-1.1,1,-0.7,2,1
S02000318,S02000311,7,4,0,17,-7,-3,10,28,21,9,-0.6,12,-0.3,5,-2.3,16,0.2
S02000318,S02000312,0,0,0,8,0,0,8,8,8,2,-1.6,3,-1.8,1,-1.2,5,1.6
S02000318,S02000313,16,0,3,82,-13,-16,66,101,85,31,-2.8,43,-4.1,19,-3.6,58,3.5
S02000318,S02000314,0,3,0,0,0,3,0,3,3,1,-1,1,1.5,1,-0.7,2,-1.3
S02000318,S02000316,4,4,0,6,-4,0,2,14,10,4,-0.2,6,0.8,3,-1.6,8,-0.7
S02000318,S02000317,3,0,5,12,2,-3,9,20,17,6,-1.3,9,-1.9,4,0.7,11,1.6
S02000318,S02000318,24,8,0,50,-24,-16,26,82,58,26,-0.3,35,-0.5,15,-3.9,47,0.4
S02000318,S02000319,5,0,0,5,-5,-5,0,10,5,3,1.1,4,0.4,2,-1.4,6,-0.3
S02000318,S02000324,11,4,4,17,-7,-7,6,36,25,11,-0.1,15,-0.1,7,-1,21,0.1
S02000318,S02000325,0,0,0,8,0,0,8,8,8,2,-1.6,3,-1.8,1,-1.2,5,1.6
S02000318,S02000326,0,0,0,5,0,0,5,5,5,2,-1.2,2,-1.5,1,-1,3,1.3
S02000318,S02000327,7,3,5,19,-2,-4,12,34,27,11,-1.1,14,-1.2,6,-0.5,20,1
S02000318,S02000328,6,0,5,10,-1,-6,4,21,15,7,-0.2,9,-1,4,0.6,12,0.8
S02000318,S02000584,0,4,0,4,0,4,4,8,8,2,-1.6,3,0.3,1,-1.2,5,-0.3
S02000318,S02000586,3,0,0,0,-3,-3,-3,3,0,1,2.1,1,1.5,1,-0.7,2,-1.3
S02000318,S02000587,0,5,0,7,0,5,7,12,12,4,-1.9,5,0,2,-1.5,7,0
S02000318,S02000590,0,3,0,7,0,3,7,10,10,3,-1.8,4,-0.6,2,-1.4,6,0.5
S02000318,S02000591,0,0,0,5,0,0,5,5,5,2,-1.2,2,-1.5,1,-1,3,1.3
S02000318,S02000593,0,0,0,3,0,0,3,3,3,1,-1,1,-1.1,1,-0.7,2,1
S02000318,S02000596,0,0,0,8,0,0,8,8,8,2,-1.6,3,-1.8,1,-1.2,5,1.6
S02000318,S02000597,0,0,8,22,8,0,22,30,30,9,-3.1,13,-3.6,6,1,17,3.1
S02000318,S02000599,12,8,0,7,-12,-4,-5,27,15,8,1.2,11,2.5,5,-2.2,16,-2.2
S02000318,S02000601,5,0,0,0,-5,-5,-5,5,0,2,2.8,2,2,1,-1,3,-1.7
S02000318,S02000602,9,0,0,6,-9,-9,-3,15,6,5,2,6,1,3,-1.7,9,-0.9
S02000318,S02000603,0,0,0,9,0,0,9,9,9,3,-1.7,4,-2,2,-1.3,5,1.7
S02000318,S02000604,0,0,0,3,0,0,3,3,3,1,-1,1,-1.1,1,-0.7,2,1
S02000318,S02000605,0,0,0,3,0,0,3,3,3,1,-1,1,-1.1,1,-0.7,2,1
S02000318,S02000607,37,0,0,7,-37,-37,-30,44,7,14,6.3,19,4.2,8,-2.9,25,-3.6
S02000318,S02000608,5,0,0,0,-5,-5,-5,5,0,2,2.8,2,2,1,-1,3,-1.7
S02000318,S02000609,3,0,5,5,2,-3,2,13,10,4,-0.5,6,-1.1,2,1.7,7,0.9
S02000318,S02000611,0,0,0,3,0,0,3,3,3,1,-1,1,-1.1,1,-0.7,2,1
S02000318,S02000612,0,0,0,5,0,0,5,5,5,2,-1.2,2,-1.5,1,-1,3,1.3
S02000318,S02000615,0,0,0,3,0,0,3,3,3,1,-1,1,-1.1,1,-0.7,2,1
S02000318,S02000616,3,3,0,4,-3,0,1,10,7,3,-0.1,4,0.8,2,-1.4,6,-0.7
S02000318,S02000617,4,0,0,0,-4,-4,-4,4,0,1,2.5,2,1.8,1,-0.9,2,-1.5
S02000318,S02000622,0,0,0,6,0,0,6,6,6,2,-1.4,3,-1.6,1,-1.1,3,1.4
S02000318,S02000624,5,0,0,0,-5,-5,-5,5,0,2,2.8,2,2,1,-1,3,-1.7
S02000318,S02000625,3,0,0,12,-3,-3,9,15,12,5,-0.8,6,-1.3,3,-1.7,9,1.2
S02000318,S02000627,5,0,0,8,-5,-5,3,13,8,4,0.5,6,-0.2,2,-1.6,7,0.2
S02000318,S02000628,9,0,3,3,-6,-9,-6,15,6,5,2,6,1,3,0.1,9,-0.9
S02000318,S02000631,0,4,0,9,0,4,9,13,13,4,-2,6,-0.7,2,-1.6,7,0.6
S02000318,S02000633,3,0,0,3,-3,-3,0,6,3,2,0.8,3,0.3,1,-1.1,3,-0.2
S02000318,S02000634,9,0,5,16,-4,-9,7,30,21,9,-0.1,13,-1.1,6,-0.2,17,0.9
S02000318,S02000635,4,0,3,5,-1,-4,1,12,8,4,0.1,5,-0.5,2,0.5,7,0.4
S02000318,S02000638,5,0,0,0,-5,-5,-5,5,0,2,2.8,2,2,1,-1,3,-1.7
S02000318,S02000642,0,0,5,4,5,0,4,9,9,3,-1.7,4,-2,2,2.6,5,1.7
S02000318,S02000643,5,0,0,0,-5,-5,-5,5,0,2,2.8,2,2,1,-1,3,-1.7
S02000318,S02000644,9,4,11,0,2,-5,-9,24,15,7,0.6,10,0.9,4,3.1,14,-0.8
S02000318,S02000651,3,0,3,6,0,-3,3,12,9,4,-0.4,5,-0.9,2,0.5,7,0.8
S02000318,S02000655,51,12,164,59,113,-39,8,286,235,89,-4,122,-5.3,53,15.3,164,4.6
S02000318,S02000656,10,6,0,4,-10,-4,-6,20,10,6,1.5,9,2.6,4,-1.9,11,-2.2
S02000318,S02000658,45,6,14,85,-31,-39,40,150,105,47,-0.3,64,-1.6,28,-2.6,86,1.4
S02000318,S02000659,0,0,6,0,6,0,0,6,6,2,-1.4,3,-1.6,1,4.6,3,1.4
S02000318,S02000660,31,4,7,3,-24,-27,-28,45,14,14,4.5,19,3.6,8,-0.5,26,-3.1
S02000318,S02000661,11,4,8,5,-3,-7,-6,28,17,9,0.8,12,0.9,5,1.2,16,-0.8
S02000318,S02000664,3,0,0,5,-3,-3,2,8,5,2,0.3,3,-0.2,1,-1.2,5,0.2
S02000318,S02000665,4,0,7,0,3,-4,-4,11,7,3,0.3,5,-0.3,2,3.5,6,0.3
S02000318,S02000666,0,0,0,4,0,0,4,4,4,1,-1.1,2,-1.3,1,-0.9,2,1.1
S02000318,S02000669,0,0,3,4,3,0,4,7,7,2,-1.5,3,-1.7,1,1.5,4,1.5
S02000318,S02000670,6,0,0,0,-6,-6,-6,6,0,2,3,3,2.2,1,-1.1,3,-1.9
S02000318,S02000672,0,0,6,24,6,0,24,30,30,9,-3.1,13,-3.6,6,0.2,17,3.1
S02000318,S02000684,0,9,0,0,0,9,0,9,9,3,-1.7,4,2.6,2,-1.3,5,-2.3
S02000318,S02000689,10,0,0,6,-10,-10,-4,16,6,5,2.2,7,1.2,3,-1.7,9,-1.1
S02000318,S02000692,0,0,0,5,0,0,5,5,5,2,-1.2,2,-1.5,1,-1,3,1.3
S02000318,S02000693,0,0,0,3,0,0,3,3,3,1,-1,1,-1.1,1,-0.7,2,1
S02000318,S02000984,3,0,0,0,-3,-3,-3,3,0,1,2.1,1,1.5,1,-0.7,2,-1.3
S02000318,S02000991,0,4,0,0,0,4,0,4,4,1,-1.1,2,1.8,1,-0.9,2,-1.5
S02000318,S02000993,8,0,0,0,-8,-8,-8,8,0,2,3.5,3,2.5,1,-1.2,5,-2.1
S02000318,S02000994,3,0,0,0,-3,-3,-3,3,0,1,2.1,1,1.5,1,-0.7,2,-1.3
S02000318,S02001000,16,4,10,20,-6,-12,4,50,34,16,0.1,21,-0.3,9,0.2,29,0.2
S02000318,S02001004,3,0,0,0,-3,-3,-3,3,0,1,2.1,1,1.5,1,-0.7,2,-1.3
S02000318,S02001007,0,3,0,0,0,3,0,3,3,1,-1,1,1.5,1,-0.7,2,-1.3
S02000318,S02001010,11,9,0,6,-11,-2,-5,26,15,8,1,11,2.7,5,-2.2,15,-2.3
S02000318,S02001013,0,4,5,11,5,4,11,20,20,6,-2.5,9,-1.5,4,0.7,11,1.3
S02000318,S02001015,3,9,3,3,0,6,0,18,15,6,-1.1,8,1.6,3,-0.2,10,-1.4
S02000318,S02001016,6,0,0,0,-6,-6,-6,6,0,2,3,3,2.2,1,-1.1,3,-1.9
S02000318,S02001157,0,0,0,6,0,0,6,6,6,2,-1.4,3,-1.6,1,-1.1,3,1.4
S02000318,S02001159,0,0,0,3,0,0,3,3,3,1,-1,1,-1.1,1,-0.7,2,1
S02000318,S02001161,0,0,0,3,0,0,3,3,3,1,-1,1,-1.1,1,-0.7,2,1
S02000318,S02001162,0,0,0,3,0,0,3,3,3,1,-1,1,-1.1,1,-0.7,2,1
S02000318,S02001185,5,0,4,0,-1,-5,-5,9,4,3,1.3,4,0.6,2,1.8,5,-0.5
S02000319,S02000311,0,0,0,9,0,0,9,9,9,3,-1.7,4,-2,2,-1.3,5,1.7
S02000319,S02000312,0,0,0,18,0,0,18,18,18,6,-2.4,8,-2.8,3,-1.8,10,2.4
S02000319,S02000313,0,0,0,12,0,0,12,12,12,4,-1.9,5,-2.3,2,-1.5,7,1.9
S02000319,S02000316,0,0,0,3,0,0,3,3,3,1,-1,1,-1.1,1,-0.7,2,1
S02000319,S02000317,8,0,0,14,-8,-8,6,22,14,7,0.4,9,-0.4,4,-2,13,0.4
S02000319,S02000318,0,0,0,3,0,0,3,3,3,1,-1,1,-1.1,1,-0.7,2,1
S02000319,S02000319,4,5,4,8,0,1,4,21,17,7,-1,9,0,4,0.1,12,0
S02000319,S02000324,9,0,0,14,-9,-9,5,23,14,7,0.7,10,-0.3,4,-2.1,13,0.2
S02000319,S02000325,0,0,0,6,0,0,6,6,6,2,-1.4,3,-1.6,1,-1.1,3,1.4
S02000319,S02000327,5,0,0,12,-5,-5,7,17,12,5,-0.1,7,-0.8,3,-1.8,10,0.7
S02000319,S02000328,4,0,0,6,-4,-4,2,10,6,3,0.5,4,-0.1,2,-1.4,6,0.1
S02000319,S02000587,0,0,0,4,0,0,4,4,4,1,-1.1,2,-1.3,1,-0.9,2,1.1
S02000319,S02000588,0,0,0,3,0,0,3,3,3,1,-1,1,-1.1,1,-0.7,2,1
S02000319,S02000593,0,0,0,3,0,0,3,3,3,1,-1,1,-1.1,1,-0.7,2,1
S02000319,S02000597,0,0,0,9,0,0,9,9,9,3,-1.7,4,-2,2,-1.3,5,1.7
S02000319,S02000598,0,0,0,3,0,0,3,3,3,1,-1,1,-1.1,1,-0.7,2,1
S02000319,S02000599,11,3,0,0,-11,-8,-11,14,3,4,3.2,6,3.3,3,-1.6,8,-2.8
S02000319,S02000602,4,0,0,0,-4,-4,-4,4,0,1,2.5,2,1.8,1,-0.9,2,-1.5
S02000319,S02000603,0,0,0,9,0,0,9,9,9,3,-1.7,4,-2,2,-1.3,5,1.7
S02000319,S02000607,21,0,0,3,-21,-21,-18,24,3,7,4.9,10,3.4,4,-2.1,14,-2.9
S02000319,S02000620,0,0,0,3,0,0,3,3,3,1,-1,1,-1.1,1,-0.7,2,1
S02000319,S02000625,0,0,0,6,0,0,6,6,6,2,-1.4,3,-1.6,1,-1.1,3,1.4
S02000319,S02000627,3,0,0,3,-3,-3,0,6,3,2,0.8,3,0.3,1,-1.1,3,-0.2
S02000319,S02000628,12,0,0,0,-12,-12,-12,12,0,4,4.3,5,3.1,2,-1.5,7,-2.6
S02000319,S02000631,0,0,0,5,0,0,5,5,5,2,-1.2,2,-1.5,1,-1,3,1.3
S02000319,S02000633,0,0,0,3,0,0,3,3,3,1,-1,1,-1.1,1,-0.7,2,1
S02000319,S02000634,12,0,3,3,-9,-12,-9,18,6,6,2.7,8,1.6,3,-0.2,10,-1.4
S02000319,S02000635,0,0,3,3,3,0,3,6,6,2,-1.4,3,-1.6,1,1.8,3,1.4
S02000319,S02000638,3,0,0,0,-3,-3,-3,3,0,1,2.1,1,1.5,1,-0.7,2,-1.3
S02000319,S02000644,4,0,0,0,-4,-4,-4,4,0,1,2.5,2,1.8,1,-0.9,2,-1.5
S02000319,S02000651,0,0,7,0,7,0,0,7,7,2,-1.5,3,-1.7,1,5,4,1.5
S02000319,S02000655,30,8,117,41,87,-22,11,196,166,61,-4,83,-5,36,13.4,113,4.3
S02000319,S02000656,6,7,0,0,-6,1,-6,13,7,4,1,6,3.2,2,-1.6,7,-2.7
S02000319,S02000658,18,6,14,49,-4,-12,31,87,69,27,-1.7,37,-2.1,16,-0.5,50,1.8
S02000319,S02000660,15,0,0,0,-15,-15,-15,15,0,5,4.8,6,3.4,3,-1.7,9,-2.9
S02000319,S02000661,6,3,0,0,-6,-3,-6,9,3,3,1.9,4,2.6,2,-1.3,5,-2.3
S02000319,S02000665,0,0,12,0,12,0,0,12,12,4,-1.9,5,-2.3,2,6.6,7,1.9
S02000319,S02000670,0,0,0,3,0,0,3,3,3,1,-1,1,-1.1,1,-0.7,2,1
S02000319,S02000672,0,0,0,18,0,0,18,18,18,6,-2.4,8,-2.8,3,-1.8,10,2.4
S02000319,S02000684,0,4,0,0,0,4,0,4,4,1,-1.1,2,1.8,1,-0.9,2,-1.5
S02000319,S02000689,7,0,0,0,-7,-7,-7,7,0,2,3.3,3,2.3,1,-1.1,4,-2
S02000319,S02000690,3,0,0,0,-3,-3,-3,3,0,1,2.1,1,1.5,1,-0.7,2,-1.3
S02000319,S02000691,3,0,0,0,-3,-3,-3,3,0,1,2.1,1,1.5,1,-0.7,2,-1.3
S02000319,S02000710,0,0,3,0,3,0,0,3,3,1,-1,1,-1.1,1,3.3,2,1
S02000319,S02000712,0,3,0,0,0,3,0,3,3,1,-1,1,1.5,1,-0.7,2,-1.3
S02000319,S02000993,5,0,0,0,-5,-5,-5,5,0,2,2.8,2,2,1,-1,3,-1.7
S02000319,S02000999,0,0,0,5,0,0,5,5,5,2,-1.2,2,-1.5,1,-1,3,1.3
S02000319,S02001000,0,0,3,4,3,0,4,7,7,2,-1.5,3,-1.7,1,1.5,4,1.5
S02000319,S02001010,6,0,0,6,-6,-6,0,12,6,4,1.2,5,0.4,2,-1.5,7,-0.3
S02000319,S02001013,3,5,0,4,-3,2,1,12,9,4,-0.4,5,1.3,2,-1.5,7,-1.1
S02000319,S02001161,5,0,0,0,-5,-5,-5,5,0,2,2.8,2,2,1,-1,3,-1.7
S02000319,S02001162,0,3,0,0,0,3,0,3,3,1,-1,1,1.5,1,-0.7,2,-1.3
S02000320,S02000310,0,0,0,3,0,0,3,3,3,1,-1,1,-1.1,1,-0.7,2,1
S02000320,S02000311,0,0,0,8,0,0,8,8,8,2,-1.6,3,-1.8,1,-1.2,5,1.6
S02000320,S02000312,0,0,0,25,0,0,25,25,25,8,-2.8,11,-3.3,5,-2.2,14,2.8
S02000320,S02000313,4,4,0,15,-4,0,11,23,19,7,-1.2,10,-0.6,4,-2.1,13,0.5
S02000320,S02000317,8,7,3,22,-5,-1,14,40,32,12,-1.3,17,-0.5,7,-1.6,23,0.4
S02000320,S02000318,3,0,0,4,-3,-3,1,7,4,2,0.6,3,0,1,-1.1,4,0
S02000320,S02000319,3,0,0,8,-3,-3,5,11,8,3,-0.2,5,-0.8,2,-1.4,6,0.7
S02000320,S02000320,0,3,0,4,0,3,4,7,7,2,-1.5,3,0,1,-1.1,4,0
S02000320,S02000321,0,0,0,3,0,0,3,3,3,1,-1,1,-1.1,1,-0.7,2,1
S02000320,S02000323,0,0,0,4,0,0,4,4,4,1,-1.1,2,-1.3,1,-0.9,2,1.1
S02000320,S02000324,4,0,0,12,-4,-4,8,16,12,5,-0.4,7,-1.1,3,-1.7,9,0.9
S02000320,S02000325,4,0,0,6,-4,-4,2,10,6,3,0.5,4,-0.1,2,-1.4,6,0.1
S02000320,S02000326,3,0,0,3,-3,-3,0,6,3,2,0.8,3,0.3,1,-1.1,3,-0.2
S02000320,S02000327,3,0,4,13,1,-3,10,20,17,6,-1.3,9,-1.9,4,0.2,11,1.6
S02000320,S02000328,8,0,0,4,-8,-8,-4,12,4,4,2.2,5,1.3,2,-1.5,7,-1.1
S02000320,S02000587,0,4,3,0,3,4,0,7,7,2,-1.5,3,0.6,1,1.5,4,-0.5
S02000320,S02000590,0,0,0,5,0,0,5,5,5,2,-1.2,2,-1.5,1,-1,3,1.3
S02000320,S02000593,3,3,0,8,-3,0,5,14,11,4,-0.7,6,0,3,-1.6,8,0
S02000320,S02000596,0,0,0,4,0,0,4,4,4,1,-1.1,2,-1.3,1,-0.9,2,1.1
S02000320,S02000597,0,0,5,12,5,0,12,17,17,5,-2.3,7,-2.7,3,1,10,2.3
S02000320,S02000599,14,10,5,5,-9,-4,-9,34,20,11,1,14,2.5,6,-0.5,20,-2.2
S02000320,S02000602,5,0,0,10,-5,-5,5,15,10,5,0.2,6,-0.5,3,-1.7,9,0.5
S02000320,S02000603,0,0,0,19,0,0,19,19,19,6,-2.4,8,-2.8,4,-1.9,11,2.4
S02000320,S02000604,3,0,0,6,-3,-3,3,9,6,3,0.1,4,-0.4,2,-1.3,5,0.4
S02000320,S02000605,0,0,0,4,0,0,4,4,4,1,-1.1,2,-1.3,1,-0.9,2,1.1
S02000320,S02000607,30,0,0,0,-30,-30,-30,30,0,9,6.8,13,4.8,6,-2.4,17,-4.2
S02000320,S02000609,0,0,0,7,0,0,7,7,7,2,-1.5,3,-1.7,1,-1.1,4,1.5
S02000320,S02000611,4,0,0,0,-4,-4,-4,4,0,1,2.5,2,1.8,1,-0.9,2,-1.5
S02000320,S02000612,0,0,0,3,0,0,3,3,3,1,-1,1,-1.1,1,-0.7,2,1
S02000320,S02000614,0,0,3,0,3,0,0,3,3,1,-1,1,-1.1,1,3.3,2,1
S02000320,S02000615,0,0,0,3,0,0,3,3,3,1,-1,1,-1.1,1,-0.7,2,1
S02000320,S02000616,7,0,0,7,-7,-7,0,14,7,4,1.3,6,0.4,3,-1.6,8,-0.4
S02000320,S02000622,0,0,0,5,0,0,5,5,5,2,-1.2,2,-1.5,1,-1,3,1.3
S02000320,S02000624,0,0,0,3,0,0,3,3,3,1,-1,1,-1.1,1,-0.7,2,1
S02000320,S02000625,0,0,0,4,0,0,4,4,4,1,-1.1,2,-1.3,1,-0.9,2,1.1
S02000320,S02000627,6,0,0,0,-6,-6,-6,6,0,2,3,3,2.2,1,-1.1,3,-1.9
S02000320,S02000628,9,0,0,7,-9,-9,-2,16,7,5,1.8,7,0.8,3,-1.7,9,-0.7
S02000320,S02000631,0,4,0,5,0,4,5,9,9,3,-1.7,4,0.1,2,-1.3,5,-0.1
S02000320,S02000633,6,0,0,7,-6,-6,1,13,7,4,1,6,0.2,2,-1.6,7,-0.2
S02000320,S02000634,15,4,0,8,-15,-11,-7,27,12,8,2.3,11,2.2,5,-2.2,16,-1.9
S02000320,S02000635,3,0,0,0,-3,-3,-3,3,0,1,2.1,1,1.5,1,-0.7,2,-1.3
S02000320,S02000642,5,0,0,3,-5,-5,-2,8,3,2,1.6,3,0.9,1,-1.2,5,-0.7
S02000320,S02000644,0,4,3,0,3,4,0,7,7,2,-1.5,3,0.6,1,1.5,4,-0.5
S02000320,S02000651,0,0,3,0,3,0,0,3,3,1,-1,1,-1.1,1,3.3,2,1
S02000320,S02000655,54,10,112,65,58,-44,11,241,187,75,-2.4,102,-3.8,45,10.1,139,3.3
S02000320,S02000656,5,3,4,3,-1,-2,-2,15,10,5,0.2,6,0.6,3,0.7,9,-0.6
S02000320,S02000658,32,5,20,72,-12,-27,40,129,97,40,-1.3,55,-2.4,24,-0.8,74,2.1
S02000320,S02000659,0,0,4,3,4,0,3,7,7,2,-1.5,3,-1.7,1,2.4,4,1.5
S02000320,S02000660,17,0,4,0,-13,-17,-17,21,4,7,4.1,9,2.7,4,0.1,12,-2.3
S02000320,S02000661,9,0,7,7,-2,-9,-2,23,14,7,0.7,10,-0.3,4,1.3,13,0.2
S02000320,S02000664,4,0,0,0,-4,-4,-4,4,0,1,2.5,2,1.8,1,-0.9,2,-1.5
S02000320,S02000665,0,0,0,3,0,0,3,3,3,1,-1,1,-1.1,1,-0.7,2,1
S02000320,S02000667,3,0,0,0,-3,-3,-3,3,0,1,2.1,1,1.5,1,-0.7,2,-1.3
S02000320,S02000669,0,0,3,0,3,0,0,3,3,1,-1,1,-1.1,1,3.3,2,1
S02000320,S02000670,4,4,0,0,-4,0,-4,8,4,2,1,3,2.5,1,-1.2,5,-2.1
S02000320,S02000672,4,0,0,25,-4,-4,21,29,25,9,-1.7,12,-2.4,5,-2.3,17,2
S02000320,S02000676,3,0,0,0,-3,-3,-3,3,0,1,2.1,1,1.5,1,-0.7,2,-1.3
S02000320,S02000684,0,4,0,0,0,4,0,4,4,1,-1.1,2,1.8,1,-0.9,2,-1.5
S02000320,S02000685,0,0,0,5,0,0,5,5,5,2,-1.2,2,-1.5,1,-1,3,1.3
S02000320,S02000689,3,0,0,3,-3,-3,0,6,3,2,0.8,3,0.3,1,-1.1,3,-0.2
S02000320,S02000690,4,0,0,0,-4,-4,-4,4,0,1,2.5,2,1.8,1,-0.9,2,-1.5
S02000320,S02000691,4,0,0,0,-4,-4,-4,4,0,1,2.5,2,1.8,1,-0.9,2,-1.5
S02000320,S02000701,3,0,0,0,-3,-3,-3,3,0,1,2.1,1,1.5,1,-0.7,2,-1.3
S02000320,S02000993,3,0,0,0,-3,-3,-3,3,0,1,2.1,1,1.5,1,-0.7,2,-1.3
S02000320,S02001000,7,0,0,7,-7,-7,0,14,7,4,1.3,6,0.4,3,-1.6,8,-0.4
S02000320,S02001013,0,0,0,5,0,0,5,5,5,2,-1.2,2,-1.5,1,-1,3,1.3
S02000320,S02001016,0,4,0,0,0,4,0,4,4,1,-1.1,2,1.8,1,-0.9,2,-1.5
S02000320,S02001153,0,0,0,3,0,0,3,3,3,1,-1,1,-1.1,1,-0.7,2,1
S02000320,S02001186,0,0,0,3,0,0,3,3,3,1,-1,1,-1.1,1,-0.7,2,1
S02000321,S02000311,3,0,0,0,-3,-3,-3,3,0,1,2.1,1,1.5,1,-0.7,2,-1.3
S02000321,S02000312,0,0,3,6,3,0,6,9,9,3,-1.7,4,-2,2,1,5,1.7
S02000321,S02000313,0,0,0,14,0,0,14,14,14,4,-2.1,6,-2.4,3,-1.6,8,2.1
S02000321,S02000314,14,5,0,25,-14,-9,11,44,30,14,0.1,19,0.1,8,-2.9,25,-0.1
S02000321,S02000317,0,0,0,7,0,0,7,7,7,2,-1.5,3,-1.7,1,-1.1,4,1.5
S02000321,S02000318,0,0,0,3,0,0,3,3,3,1,-1,1,-1.1,1,-0.7,2,1
S02000321,S02000321,16,7,0,19,-16,-9,3,42,26,13,0.8,18,1.2,8,-2.8,24,-1
S02000321,S02000322,0,0,0,5,0,0,5,5,5,2,-1.2,2,-1.5,1,-1,3,1.3
S02000321,S02000324,8,0,4,13,-4,-8,5,25,17,8,0.1,11,-0.8,5,-0.3,14,0.7
S02000321,S02000327,5,0,0,8,-5,-5,3,13,8,4,0.5,6,-0.2,2,-1.6,7,0.2
S02000321,S02000328,55,27,17,83,-38,-28,28,182,127,57,-0.2,77,0.5,34,-2.9,105,-0.4
S02000321,S02000329,18,0,0,12,-18,-18,-6,30,12,9,2.8,13,1.5,6,-2.4,17,-1.3
S02000321,S02000587,3,8,0,3,-3,5,0,14,11,4,-0.7,6,2.1,3,-1.6,8,-1.8
S02000321,S02000588,4,0,0,0,-4,-4,-4,4,0,1,2.5,2,1.8,1,-0.9,2,-1.5
S02000321,S02000590,6,0,0,12,-6,-6,6,18,12,6,0.2,8,-0.6,3,-1.8,10,0.5
S02000321,S02000597,5,0,8,32,3,-5,27,45,40,14,-2.4,19,-3.2,8,-0.1,26,2.8
S02000321,S02000599,4,5,0,0,-4,1,-4,9,5,3,0.7,4,2.6,2,-1.3,5,-2.3
S02000321,S02000601,4,0,0,4,-4,-4,0,8,4,2,1,3,0.3,1,-1.2,5,-0.3
S02000321,S02000602,5,0,0,0,-5,-5,-5,5,0,2,2.8,2,2,1,-1,3,-1.7
S02000321,S02000603,0,0,0,3,0,0,3,3,3,1,-1,1,-1.1,1,-0.7,2,1
S02000321,S02000607,7,0,0,0,-7,-7,-7,7,0,2,3.3,3,2.3,1,-1.1,4,-2
S02000321,S02000608,4,0,3,5,-1,-4,1,12,8,4,0.1,5,-0.5,2,0.5,7,0.4
S02000321,S02000609,3,0,0,0,-3,-3,-3,3,0,1,2.1,1,1.5,1,-0.7,2,-1.3
S02000321,S02000610,0,0,0,3,0,0,3,3,3,1,-1,1,-1.1,1,-0.7,2,1
S02000321,S02000612,0,0,0,3,0,0,3,3,3,1,-1,1,-1.1,1,-0.7,2,1
S02000321,S02000616,3,0,0,0,-3,-3,-3,3,0,1,2.1,1,1.5,1,-0.7,2,-1.3
S02000321,S02000625,0,0,0,8,0,0,8,8,8,2,-1.6,3,-1.8,1,-1.2,5,1.6
S02000321,S02000627,3,0,0,0,-3,-3,-3,3,0,1,2.1,1,1.5,1,-0.7,2,-1.3
S02000321,S02000628,4,3,0,0,-4,-1,-4,7,3,2,1.2,3,2.3,1,-1.1,4,-2
S02000321,S02000631,5,0,3,4,-2,-5,-1,12,7,4,0.7,5,0,2,0.5,7,0
S02000321,S02000633,3,0,0,3,-3,-3,0,6,3,2,0.8,3,0.3,1,-1.1,3,-0.2
S02000321,S02000634,10,0,0,3,-10,-10,-7,13,3,4,3,6,1.9,2,-1.6,7,-1.6
S02000321,S02000638,3,4,0,0,-3,1,-3,7,4,2,0.6,3,2.3,1,-1.1,4,-2
S02000321,S02000644,4,0,5,5,1,-4,1,14,10,4,-0.2,6,-0.8,3,1.5,8,0.7
S02000321,S02000649,0,0,3,3,3,0,3,6,6,2,-1.4,3,-1.6,1,1.8,3,1.4
S02000321,S02000651,0,0,4,4,4,0,4,8,8,2,-1.6,3,-1.8,1,2.1,5,1.6
S02000321,S02000655,51,15,101,33,50,-36,-18,200,149,62,-1.4,85,-2.1,37,10.5,115,1.8
S02000321,S02000656,6,5,0,0,-6,-1,-6,11,5,3,1.4,5,2.9,2,-1.4,6,-2.5
S02000321,S02000658,27,0,8,43,-19,-27,16,78,51,24,0.5,33,-1.1,14,-1.7,45,0.9
S02000321,S02000659,0,0,6,0,6,0,0,6,6,2,-1.4,3,-1.6,1,4.6,3,1.4
S02000321,S02000660,26,9,0,6,-26,-17,-20,41,15,13,3.7,17,4.2,8,-2.8,24,-3.6
S02000321,S02000661,6,0,3,3,-3,-6,-3,12,6,4,1.2,5,0.4,2,0.5,7,-0.3
S02000321,S02000664,4,0,0,0,-4,-4,-4,4,0,1,2.5,2,1.8,1,-0.9,2,-1.5
S02000321,S02000665,0,0,4,0,4,0,0,4,4,1,-1.1,2,-1.3,1,3.8,2,1.1
S02000321,S02000666,0,0,0,3,0,0,3,3,3,1,-1,1,-1.1,1,-0.7,2,1
S02000321,S02000667,3,0,0,0,-3,-3,-3,3,0,1,2.1,1,1.5,1,-0.7,2,-1.3
S02000321,S02000669,3,0,0,0,-3,-3,-3,3,0,1,2.1,1,1.5,1,-0.7,2,-1.3
S02000321,S02000672,0,0,0,18,0,0,18,18,18,6,-2.4,8,-2.8,3,-1.8,10,2.4
S02000321,S02000676,5,0,0,0,-5,-5,-5,5,0,2,2.8,2,2,1,-1,3,-1.7
S02000321,S02000680,3,0,0,0,-3,-3,-3,3,0,1,2.1,1,1.5,1,-0.7,2,-1.3
S02000321,S02000684,0,9,0,0,0,9,0,9,9,3,-1.7,4,2.6,2,-1.3,5,-2.3
S02000321,S02000689,9,3,0,0,-9,-6,-9,12,3,4,2.7,5,3.1,2,-1.5,7,-2.6
S02000321,S02000691,5,0,0,0,-5,-5,-5,5,0,2,2.8,2,2,1,-1,3,-1.7
S02000321,S02000772,4,0,0,0,-4,-4,-4,4,0,1,2.5,2,1.8,1,-0.9,2,-1.5
S02000321,S02000781,6,0,3,0,-3,-6,-6,9,3,3,1.9,4,1.1,2,1,5,-1
S02000321,S02000984,21,0,0,0,-21,-21,-21,21,0,7,5.7,9,4,4,-2,12,-3.5
S02000321,S02000986,3,0,0,5,-3,-3,2,8,5,2,0.3,3,-0.2,1,-1.2,5,0.2
S02000321,S02000989,4,0,0,0,-4,-4,-4,4,0,1,2.5,2,1.8,1,-0.9,2,-1.5
S02000321,S02000991,0,3,6,0,6,3,0,9,9,3,-1.7,4,-0.4,2,3.4,5,0.4
S02000321,S02000993,46,5,0,4,-46,-41,-42,55,9,17,7,23,5.7,10,-3.2,32,-4.9
S02000321,S02000994,4,0,0,0,-4,-4,-4,4,0,1,2.5,2,1.8,1,-0.9,2,-1.5
S02000321,S02000997,0,4,0,0,0,4,0,4,4,1,-1.1,2,1.8,1,-0.9,2,-1.5
S02000321,S02000998,3,0,0,0,-3,-3,-3,3,0,1,2.1,1,1.5,1,-0.7,2,-1.3
S02000321,S02000999,0,0,4,6,4,0,6,10,10,3,-1.8,4,-2.1,2,1.6,6,1.8
S02000321,S02001000,38,11,6,27,-32,-27,-11,82,44,26,2.5,35,2.4,15,-2.4,47,-2.1
S02000321,S02001001,0,0,0,5,0,0,5,5,5,2,-1.2,2,-1.5,1,-1,3,1.3
S02000321,S02001002,3,0,0,0,-3,-3,-3,3,0,1,2.1,1,1.5,1,-0.7,2,-1.3
S02000321,S02001003,8,3,0,8,-8,-5,0,19,11,6,0.9,8,1,4,-1.9,11,-0.9
S02000321,S02001004,0,0,4,0,4,0,0,4,4,1,-1.1,2,-1.3,1,3.8,2,1.1
S02000321,S02001005,0,0,0,3,0,0,3,3,3,1,-1,1,-1.1,1,-0.7,2,1
S02000321,S02001007,3,5,0,5,-3,2,2,13,10,4,-0.5,6,1.1,2,-1.6,7,-0.9
S02000321,S02001008,0,4,0,0,0,4,0,4,4,1,-1.1,2,1.8,1,-0.9,2,-1.5
S02000321,S02001010,37,14,7,28,-30,-23,-9,86,49,27,2,37,2.4,16,-2.2,49,-2.1
S02000321,S02001013,4,12,3,19,-1,8,15,38,34,12,-2.3,16,0,7,-1.5,22,0
S02000321,S02001014,3,4,0,3,-3,1,0,10,7,3,-0.1,4,1.3,2,-1.4,6,-1.1
S02000321,S02001015,0,19,7,3,7,19,3,29,29,9,-3,12,1.9,5,0.7,17,-1.6
S02000321,S02001185,7,4,3,0,-4,-3,-7,14,7,4,1.3,6,2.1,3,0.3,8,-1.8
S02000321,S02001192,3,0,0,0,-3,-3,-3,3,0,1,2.1,1,1.5,1,-0.7,2,-1.3
S02000322,S02000270,0,0,3,0,3,0,0,3,3,1,-1,1,-1.1,1,3.3,2,1
S02000322,S02000311,0,0,0,4,0,0,4,4,4,1,-1.1,2,-1.3,1,-0.9,2,1.1
S02000322,S02000312,0,0,0,3,0,0,3,3,3,1,-1,1,-1.1,1,-0.7,2,1
S02000322,S02000313,0,0,0,8,0,0,8,8,8,2,-1.6,3,-1.8,1,-1.2,5,1.6
S02000322,S02000314,10,0,3,10,-7,-10,0,23,13,7,1.1,10,0.1,4,-0.6,13,-0.1
S02000322,S02000319,0,0,0,3,0,0,3,3,3,1,-1,1,-1.1,1,-0.7,2,1
S02000322,S02000321,9,4,3,21,-6,-5,12,37,28,12,-0.7,16,-0.7,7,-1.5,21,0.6
S02000322,S02000322,8,5,5,20,-3,-3,12,38,30,12,-1.1,16,-0.8,7,-0.8,22,0.7
S02000322,S02000324,22,3,0,11,-22,-19,-11,36,14,11,3.2,15,2.5,7,-2.6,21,-2.1
S02000322,S02000326,0,0,0,3,0,0,3,3,3,1,-1,1,-1.1,1,-0.7,2,1
S02000322,S02000327,5,0,0,9,-5,-5,4,14,9,4,0.3,6,-0.4,3,-1.6,8,0.3
S02000322,S02000328,65,29,21,75,-44,-36,10,190,125,59,0.8,81,1.5,35,-2.4,109,-1.3
S02000322,S02000329,8,9,0,8,-8,1,0,25,17,8,0.1,11,2,5,-2.2,14,-1.7
S02000322,S02000587,0,4,0,5,0,4,5,9,9,3,-1.7,4,0.1,2,-1.3,5,-0.1
S02000322,S02000590,0,0,0,14,0,0,14,14,14,4,-2.1,6,-2.4,3,-1.6,8,2.1
S02000322,S02000593,0,0,0,3,0,0,3,3,3,1,-1,1,-1.1,1,-0.7,2,1
S02000322,S02000596,0,0,0,4,0,0,4,4,4,1,-1.1,2,-1.3,1,-0.9,2,1.1
S02000322,S02000597,7,0,13,31,6,-7,24,51,44,16,-2.2,22,-3.2,9,1.2,29,2.7
S02000322,S02000602,0,0,0,4,0,0,4,4,4,1,-1.1,2,-1.3,1,-0.9,2,1.1
S02000322,S02000603,0,0,0,4,0,0,4,4,4,1,-1.1,2,-1.3,1,-0.9,2,1.1
S02000322,S02000605,0,0,0,3,0,0,3,3,3,1,-1,1,-1.1,1,-0.7,2,1
S02000322,S02000607,3,0,0,0,-3,-3,-3,3,0,1,2.1,1,1.5,1,-0.7,2,-1.3
S02000322,S02000608,5,0,0,0,-5,-5,-5,5,0,2,2.8,2,2,1,-1,3,-1.7
S02000322,S02000610,0,3,0,0,0,3,0,3,3,1,-1,1,1.5,1,-0.7,2,-1.3
S02000322,S02000611,3,0,0,3,-3,-3,0,6,3,2,0.8,3,0.3,1,-1.1,3,-0.2
S02000322,S02000621,0,0,0,3,0,0,3,3,3,1,-1,1,-1.1,1,-0.7,2,1
S02000322,S02000625,0,0,0,3,0,0,3,3,3,1,-1,1,-1.1,1,-0.7,2,1
S02000322,S02000627,3,0,0,0,-3,-3,-3,3,0,1,2.1,1,1.5,1,-0.7,2,-1.3
S02000322,S02000634,8,0,3,4,-5,-8,-4,15,7,5,1.5,6,0.6,3,0.1,9,-0.6
S02000322,S02000638,0,6,0,0,0,6,0,6,6,2,-1.4,3,2.2,1,-1.1,3,-1.9
S02000322,S02000644,3,0,4,0,1,-3,-3,7,4,2,0.6,3,0,1,2.4,4,0
S02000322,S02000655,14,4,48,24,34,-10,10,90,76,28,-2.7,38,-3.3,17,7.7,52,2.8
S02000322,S02000656,4,3,0,7,-4,-1,3,14,10,4,-0.2,6,0.4,3,-1.6,8,-0.4
S02000322,S02000658,15,5,4,26,-11,-10,11,50,35,16,-0.1,21,-0.3,9,-1.7,29,0.2
S02000322,S02000660,19,4,4,7,-15,-15,-12,34,15,11,2.6,14,2.2,6,-0.9,20,-1.9
S02000322,S02000661,0,0,4,0,4,0,0,4,4,1,-1.1,2,-1.3,1,3.8,2,1.1
S02000322,S02000664,6,0,0,0,-6,-6,-6,6,0,2,3,3,2.2,1,-1.1,3,-1.9
S02000322,S02000667,3,0,0,0,-3,-3,-3,3,0,1,2.1,1,1.5,1,-0.7,2,-1.3
S02000322,S02000672,0,0,0,7,0,0,7,7,7,2,-1.5,3,-1.7,1,-1.1,4,1.5
S02000322,S02000676,3,0,0,0,-3,-3,-3,3,0,1,2.1,1,1.5,1,-0.7,2,-1.3
S02000322,S02000684,0,0,0,3,0,0,3,3,3,1,-1,1,-1.1,1,-0.7,2,1
S02000322,S02000691,5,0,0,0,-5,-5,-5,5,0,2,2.8,2,2,1,-1,3,-1.7
S02000322,S02000984,9,0,0,0,-9,-9,-9,9,0,3,3.7,4,2.6,2,-1.3,5,-2.3
S02000322,S02000993,19,4,0,0,-19,-15,-19,23,4,7,4.4,10,4.2,4,-2.1,13,-3.6
S02000322,S02000994,3,0,0,0,-3,-3,-3,3,0,1,2.1,1,1.5,1,-0.7,2,-1.3
S02000322,S02000997,0,4,0,3,0,4,3,7,7,2,-1.5,3,0.6,1,-1.1,4,-0.5
S02000322,S02000998,6,0,0,7,-6,-6,1,13,7,4,1,6,0.2,2,-1.6,7,-0.2
S02000322,S02000999,4,0,0,9,-4,-4,5,13,9,4,0,6,-0.7,2,-1.6,7,0.6
S02000322,S02001000,19,4,12,29,-7,-15,10,64,45,20,-0.2,27,-0.8,12,0,37,0.7
S02000322,S02001002,0,0,0,3,0,0,3,3,3,1,-1,1,-1.1,1,-0.7,2,1
S02000322,S02001003,6,0,0,0,-6,-6,-6,6,0,2,3,3,2.2,1,-1.1,3,-1.9
S02000322,S02001007,0,4,0,5,0,4,5,9,9,3,-1.7,4,0.1,2,-1.3,5,-0.1
S02000322,S02001010,13,15,11,15,-2,2,2,54,41,17,-0.9,23,1.1,10,0.3,31,-0.9
S02000322,S02001013,6,13,0,17,-6,7,11,36,30,11,-1.6,15,0.9,7,-2.6,21,-0.8
S02000322,S02001015,3,12,3,4,0,9,1,22,19,7,-1.5,9,1.8,4,-0.5,13,-1.6
S02000322,S02001016,4,0,0,0,-4,-4,-4,4,0,1,2.5,2,1.8,1,-0.9,2,-1.5
S02000322,S02001161,3,0,0,0,-3,-3,-3,3,0,1,2.1,1,1.5,1,-0.7,2,-1.3
S02000322,S02001162,0,0,3,0,3,0,0,3,3,1,-1,1,-1.1,1,3.3,2,1
S02000322,S02001185,0,3,0,3,0,3,3,6,6,2,-1.4,3,0.3,1,-1.1,3,-0.2
S02000322,S02001192,3,0,0,0,-3,-3,-3,3,0,1,2.1,1,1.5,1,-0.7,2,-1.3
S02000323,S02000311,0,0,0,3,0,0,3,3,3,1,-1,1,-1.1,1,-0.7,2,1
S02000323,S02000312,0,0,0,4,0,0,4,4,4,1,-1.1,2,-1.3,1,-0.9,2,1.1
S02000323,S02000313,0,0,0,6,0,0,6,6,6,2,-1.4,3,-1.6,1,-1.1,3,1.4
S02000323,S02000316,3,0,0,4,-3,-3,1,7,4,2,0.6,3,0,1,-1.1,4,0
S02000323,S02000317,6,4,0,4,-6,-2,-2,14,8,4,0.8,6,1.7,3,-1.6,8,-1.4
S02000323,S02000318,4,0,0,7,-4,-4,3,11,7,3,0.3,5,-0.3,2,-1.4,6,0.3
S02000323,S02000319,0,0,0,3,0,0,3,3,3,1,-1,1,-1.1,1,-0.7,2,1
S02000323,S02000323,3,0,0,3,-3,-3,0,6,3,2,0.8,3,0.3,1,-1.1,3,-0.2
S02000323,S02000324,8,0,0,23,-8,-8,15,31,23,10,-0.5,13,-1.4,6,-2.4,18,1.2
S02000323,S02000326,0,0,0,3,0,0,3,3,3,1,-1,1,-1.1,1,-0.7,2,1
S02000323,S02000327,9,0,4,19,-5,-9,10,32,23,10,-0.3,14,-1.2,6,-0.8,18,1.1
S02000323,S02000328,4,0,0,0,-4,-4,-4,4,0,1,2.5,2,1.8,1,-0.9,2,-1.5
S02000323,S02000585,0,0,0,3,0,0,3,3,3,1,-1,1,-1.1,1,-0.7,2,1
S02000323,S02000586,0,0,0,3,0,0,3,3,3,1,-1,1,-1.1,1,-0.7,2,1
S02000323,S02000587,0,3,4,0,4,3,0,7,7,2,-1.5,3,0,1,2.4,4,0
S02000323,S02000593,0,0,0,7,0,0,7,7,7,2,-1.5,3,-1.7,1,-1.1,4,1.5
S02000323,S02000595,0,3,0,0,0,3,0,3,3,1,-1,1,1.5,1,-0.7,2,-1.3
S02000323,S02000596,0,0,0,8,0,0,8,8,8,2,-1.6,3,-1.8,1,-1.2,5,1.6
S02000323,S02000597,0,0,0,5,0,0,5,5,5,2,-1.2,2,-1.5,1,-1,3,1.3
S02000323,S02000599,0,5,3,0,3,5,0,8,8,2,-1.6,3,0.9,1,1.2,5,-0.7
S02000323,S02000602,4,0,0,3,-4,-4,-1,7,3,2,1.2,3,0.6,1,-1.1,4,-0.5
S02000323,S02000603,0,0,0,8,0,0,8,8,8,2,-1.6,3,-1.8,1,-1.2,5,1.6
S02000323,S02000604,5,0,0,0,-5,-5,-5,5,0,2,2.8,2,2,1,-1,3,-1.7
S02000323,S02000607,4,0,0,3,-4,-4,-1,7,3,2,1.2,3,0.6,1,-1.1,4,-0.5
S02000323,S02000608,0,0,0,4,0,0,4,4,4,1,-1.1,2,-1.3,1,-0.9,2,1.1
S02000323,S02000609,0,3,5,6,5,3,6,14,14,4,-2.1,6,-1.2,3,1.5,8,1
S02000323,S02000612,0,0,0,3,0,0,3,3,3,1,-1,1,-1.1,1,-0.7,2,1
S02000323,S02000615,0,0,0,3,0,0,3,3,3,1,-1,1,-1.1,1,-0.7,2,1
S02000323,S02000616,0,0,3,7,3,0,7,10,10,3,-1.8,4,-2.1,2,0.8,6,1.8
S02000323,S02000622,5,0,0,0,-5,-5,-5,5,0,2,2.8,2,2,1,-1,3,-1.7
S02000323,S02000624,0,0,0,6,0,0,6,6,6,2,-1.4,3,-1.6,1,-1.1,3,1.4
S02000323,S02000625,0,0,0,5,0,0,5,5,5,2,-1.2,2,-1.5,1,-1,3,1.3
S02000323,S02000627,6,0,0,0,-6,-6,-6,6,0,2,3,3,2.2,1,-1.1,3,-1.9
S02000323,S02000628,6,0,3,4,-3,-6,-2,13,7,4,1,6,0.2,2,0.4,7,-0.2
S02000323,S02000633,4,0,0,0,-4,-4,-4,4,0,1,2.5,2,1.8,1,-0.9,2,-1.5
S02000323,S02000634,6,0,3,6,-3,-6,0,15,9,5,0.6,6,-0.2,3,0.1,9,0.1
S02000323,S02000635,3,0,0,0,-3,-3,-3,3,0,1,2.1,1,1.5,1,-0.7,2,-1.3
S02000323,S02000644,3,0,4,0,1,-3,-3,7,4,2,0.6,3,0,1,2.4,4,0
S02000323,S02000651,3,0,6,0,3,-3,-3,9,6,3,0.1,4,-0.4,2,3.4,5,0.4
S02000323,S02000655,26,7,128,50,102,-19,24,211,185,66,-4.9,90,-6,39,14.2,121,5.2
S02000323,S02000658,31,3,21,44,-10,-28,13,99,68,31,0,42,-1.2,18,0.6,57,1.1
S02000323,S02000660,14,0,0,0,-14,-14,-14,14,0,4,4.6,6,3.3,3,-1.6,8,-2.8
S02000323,S02000661,8,3,7,3,-1,-5,-5,21,13,7,0.6,9,0.7,4,1.6,12,-0.6
S02000323,S02000664,5,0,0,0,-5,-5,-5,5,0,2,2.8,2,2,1,-1,3,-1.7
S02000323,S02000665,4,0,6,8,2,-4,4,18,14,6,-0.7,8,-1.3,3,1.5,10,1.1
S02000323,S02000669,0,0,0,3,0,0,3,3,3,1,-1,1,-1.1,1,-0.7,2,1
S02000323,S02000672,0,4,4,23,4,4,23,31,31,10,-3.1,13,-2.5,6,-0.7,18,2.2
S02000323,S02000676,4,0,3,0,-1,-4,-4,7,3,2,1.2,3,0.6,1,1.5,4,-0.5
S02000323,S02000689,8,0,0,0,-8,-8,-8,8,0,2,3.5,3,2.5,1,-1.2,5,-2.1
S02000323,S02000691,5,0,0,0,-5,-5,-5,5,0,2,2.8,2,2,1,-1,3,-1.7
S02000323,S02000710,0,0,0,3,0,0,3,3,3,1,-1,1,-1.1,1,-0.7,2,1
S02000323,S02000993,6,0,0,0,-6,-6,-6,6,0,2,3,3,2.2,1,-1.1,3,-1.9
S02000323,S02001000,0,0,3,4,3,0,4,7,7,2,-1.5,3,-1.7,1,1.5,4,1.5
S02000323,S02001003,3,0,0,0,-3,-3,-3,3,0,1,2.1,1,1.5,1,-0.7,2,-1.3
S02000323,S02001004,0,0,4,0,4,0,0,4,4,1,-1.1,2,-1.3,1,3.8,2,1.1
S02000323,S02001010,3,0,0,4,-3,-3,1,7,4,2,0.6,3,0,1,-1.1,4,0
S02000323,S02001013,0,6,4,4,4,6,4,14,14,4,-2.1,6,0,3,0.9,8,0
S02000323,S02001015,0,5,0,0,0,5,0,5,5,2,-1.2,2,2,1,-1,3,-1.7
S02000323,S02001161,0,0,0,5,0,0,5,5,5,2,-1.2,2,-1.5,1,-1,3,1.3
S02000323,S02001185,0,3,0,0,0,3,0,3,3,1,-1,1,1.5,1,-0.7,2,-1.3
S02000324,S02000270,0,0,3,0,3,0,0,3,3,1,-1,1,-1.1,1,3.3,2,1
S02000324,S02000311,3,0,0,8,-3,-3,5,11,8,3,-0.2,5,-0.8,2,-1.4,6,0.7
S02000324,S02000313,6,0,0,13,-6,-6,7,19,13,6,0,8,-0.7,4,-1.9,11,0.6
S02000324,S02000317,8,0,0,0,-8,-8,-8,8,0,2,3.5,3,2.5,1,-1.2,5,-2.1
S02000324,S02000318,4,0,0,9,-4,-4,5,13,9,4,0,6,-0.7,2,-1.6,7,0.6
S02000324,S02000319,3,0,0,0,-3,-3,-3,3,0,1,2.1,1,1.5,1,-0.7,2,-1.3
S02000324,S02000323,4,3,0,3,-4,-1,-1,10,6,3,0.5,4,1.3,2,-1.4,6,-1.1
S02000324,S02000324,21,5,8,42,-13,-16,21,76,55,24,-0.5,32,-1.1,14,-1.6,44,1
S02000324,S02000325,0,0,0,6,0,0,6,6,6,2,-1.4,3,-1.6,1,-1.1,3,1.4
S02000324,S02000327,18,5,4,49,-14,-13,31,76,58,24,-1.2,32,-1.6,14,-2.7,44,1.4
S02000324,S02000328,12,3,0,3,-12,-9,-9,18,6,6,2.7,8,2.7,3,-1.8,10,-2.3
S02000324,S02000586,0,0,0,3,0,0,3,3,3,1,-1,1,-1.1,1,-0.7,2,1
S02000324,S02000587,4,10,0,4,-4,6,0,18,14,6,-0.7,8,2.3,3,-1.8,10,-2
S02000324,S02000588,4,0,0,0,-4,-4,-4,4,0,1,2.5,2,1.8,1,-0.9,2,-1.5
S02000324,S02000590,0,0,0,10,0,0,10,10,10,3,-1.8,4,-2.1,2,-1.4,6,1.8
S02000324,S02000592,0,0,0,3,0,0,3,3,3,1,-1,1,-1.1,1,-0.7,2,1
S02000324,S02000593,0,0,0,4,0,0,4,4,4,1,-1.1,2,-1.3,1,-0.9,2,1.1
S02000324,S02000596,0,0,0,3,0,0,3,3,3,1,-1,1,-1.1,1,-0.7,2,1
S02000324,S02000597,3,0,6,23,3,-3,20,32,29,10,-2.2,14,-2.9,6,0,18,2.5
S02000324,S02000599,9,3,0,0,-9,-6,-9,12,3,4,2.7,5,3.1,2,-1.5,7,-2.6
S02000324,S02000602,9,3,0,12,-9,-6,3,24,15,7,0.6,10,0.6,4,-2.1,14,-0.5
S02000324,S02000603,0,0,0,4,0,0,4,4,4,1,-1.1,2,-1.3,1,-0.9,2,1.1
S02000324,S02000605,0,0,0,3,0,0,3,3,3,1,-1,1,-1.1,1,-0.7,2,1
S02000324,S02000607,21,0,0,5,-21,-21,-16,26,5,8,4.5,11,3,5,-2.2,15,-2.6
S02000324,S02000608,5,0,0,0,-5,-5,-5,5,0,2,2.8,2,2,1,-1,3,-1.7
S02000324,S02000609,0,0,9,7,9,0,7,16,16,5,-2.2,7,-2.6,3,3.5,9,2.2
S02000324,S02000612,0,0,0,11,0,0,11,11,11,3,-1.9,5,-2.2,2,-1.4,6,1.9
S02000324,S02000614,3,0,0,5,-3,-3,2,8,5,2,0.3,3,-0.2,1,-1.2,5,0.2
S02000324,S02000615,0,3,0,0,0,3,0,3,3,1,-1,1,1.5,1,-0.7,2,-1.3
S02000324,S02000616,3,0,0,3,-3,-3,0,6,3,2,0.8,3,0.3,1,-1.1,3,-0.2
S02000324,S02000617,0,0,0,3,0,0,3,3,3,1,-1,1,-1.1,1,-0.7,2,1
S02000324,S02000622,0,0,0,3,0,0,3,3,3,1,-1,1,-1.1,1,-0.7,2,1
S02000324,S02000625,0,0,0,6,0,0,6,6,6,2,-1.4,3,-1.6,1,-1.1,3,1.4
S02000324,S02000627,0,0,0,5,0,0,5,5,5,2,-1.2,2,-1.5,1,-1,3,1.3
S02000324,S02000628,5,0,0,3,-5,-5,-2,8,3,2,1.6,3,0.9,1,-1.2,5,-0.7
S02000324,S02000633,4,0,0,0,-4,-4,-4,4,0,1,2.5,2,1.8,1,-0.9,2,-1.5
S02000324,S02000634,14,0,5,16,-9,-14,2,35,21,11,0.9,15,-0.2,6,-0.6,20,0.2
S02000324,S02000635,0,0,4,4,4,0,4,8,8,2,-1.6,3,-1.8,1,2.1,5,1.6
S02000324,S02000644,4,0,10,4,6,-4,0,18,14,6,-0.7,8,-1.3,3,3.7,10,1.1
S02000324,S02000651,0,0,4,4,4,0,4,8,8,2,-1.6,3,-1.8,1,2.1,5,1.6
S02000324,S02000655,51,16,100,52,49,-35,1,219,168,68,-2.1,93,-2.7,41,9.3,126,2.3
S02000324,S02000656,4,8,3,5,-1,4,1,20,16,6,-0.9,9,1.2,4,-0.4,11,-1
S02000324,S02000657,0,0,0,4,0,0,4,4,4,1,-1.1,2,-1.3,1,-0.9,2,1.1
S02000324,S02000658,30,9,18,56,-12,-21,26,113,83,35,-0.9,48,-1.3,21,-0.6,65,1.1
S02000324,S02000660,18,0,5,0,-13,-18,-18,23,5,7,4,10,2.6,4,0.4,13,-2.3
S02000324,S02000661,10,4,3,0,-7,-6,-10,17,7,5,2,7,2.5,3,-0.1,10,-2.2
S02000324,S02000664,5,0,0,0,-5,-5,-5,5,0,2,2.8,2,2,1,-1,3,-1.7
S02000324,S02000665,0,0,9,3,9,0,3,12,12,4,-1.9,5,-2.3,2,4.6,7,1.9
S02000324,S02000669,3,0,4,0,1,-3,-3,7,4,2,0.6,3,0,1,2.4,4,0
S02000324,S02000670,0,3,0,0,0,3,0,3,3,1,-1,1,1.5,1,-0.7,2,-1.3
S02000324,S02000672,0,0,0,16,0,0,16,16,16,5,-2.2,7,-2.6,3,-1.7,9,2.2
S02000324,S02000676,0,0,0,3,0,0,3,3,3,1,-1,1,-1.1,1,-0.7,2,1
S02000324,S02000677,0,0,0,3,0,0,3,3,3,1,-1,1,-1.1,1,-0.7,2,1
S02000324,S02000681,0,0,0,3,0,0,3,3,3,1,-1,1,-1.1,1,-0.7,2,1
S02000324,S02000684,0,9,0,3,0,9,3,12,12,4,-1.9,5,1.7,2,-1.5,7,-1.5
S02000324,S02000689,11,0,0,6,-11,-11,-5,17,6,5,2.5,7,1.4,3,-1.8,10,-1.2
S02000324,S02000691,3,0,0,0,-3,-3,-3,3,0,1,2.1,1,1.5,1,-0.7,2,-1.3
S02000324,S02000702,3,0,0,0,-3,-3,-3,3,0,1,2.1,1,1.5,1,-0.7,2,-1.3
S02000324,S02000780,0,0,0,5,0,0,5,5,5,2,-1.2,2,-1.5,1,-1,3,1.3
S02000324,S02000984,3,0,0,0,-3,-3,-3,3,0,1,2.1,1,1.5,1,-0.7,2,-1.3
S02000324,S02000993,5,0,0,0,-5,-5,-5,5,0,2,2.8,2,2,1,-1,3,-1.7
S02000324,S02001000,8,0,5,15,-3,-8,7,28,20,9,-0.2,12,-1.1,5,-0.1,16,1
S02000324,S02001007,0,3,0,0,0,3,0,3,3,1,-1,1,1.5,1,-0.7,2,-1.3
S02000324,S02001010,12,3,0,5,-12,-9,-7,20,8,6,2.3,9,2.2,4,-1.9,11,-1.9
S02000324,S02001013,8,6,0,8,-8,-2,0,22,14,7,0.4,9,1.5,4,-2,13,-1.3
S02000324,S02001015,0,3,4,3,4,3,3,10,10,3,-1.8,4,-0.6,2,1.6,6,0.5
S02000324,S02001185,0,0,4,0,4,0,0,4,4,1,-1.1,2,-1.3,1,3.8,2,1.1
S02000324,S02001197,0,0,0,3,0,0,3,3,3,1,-1,1,-1.1,1,-0.7,2,1
S02000325,S02000310,4,0,0,3,-4,-4,-1,7,3,2,1.2,3,0.6,1,-1.1,4,-0.5
S02000325,S02000312,0,0,3,22,3,0,22,25,25,8,-2.8,11,-3.3,5,-0.8,14,2.8
S02000325,S02000313,0,0,0,7,0,0,7,7,7,2,-1.5,3,-1.7,1,-1.1,4,1.5
S02000325,S02000317,9,0,0,10,-9,-9,1,19,10,6,1.3,8,0.3,4,-1.9,11,-0.3
S02000325,S02000318,0,0,0,3,0,0,3,3,3,1,-1,1,-1.1,1,-0.7,2,1
S02000325,S02000323,0,0,0,3,0,0,3,3,3,1,-1,1,-1.1,1,-0.7,2,1
S02000325,S02000324,11,0,0,12,-11,-11,1,23,12,7,1.4,10,0.4,4,-2.1,13,-0.3
S02000325,S02000325,5,3,3,18,-2,-2,13,29,24,9,-1.3,12,-1.2,5,-1,17,1.1
S02000325,S02000326,0,0,0,5,0,0,5,5,5,2,-1.2,2,-1.5,1,-1,3,1.3
S02000325,S02000327,3,0,3,14,0,-3,11,20,17,6,-1.3,9,-1.9,4,-0.4,11,1.6
S02000325,S02000328,0,0,0,10,0,0,10,10,10,3,-1.8,4,-2.1,2,-1.4,6,1.8
S02000325,S02000585,0,0,0,6,0,0,6,6,6,2,-1.4,3,-1.6,1,-1.1,3,1.4
S02000325,S02000587,0,3,0,0,0,3,0,3,3,1,-1,1,1.5,1,-0.7,2,-1.3
S02000325,S02000588,9,0,0,0,-9,-9,-9,9,0,3,3.7,4,2.6,2,-1.3,5,-2.3
S02000325,S02000590,0,0,0,7,0,0,7,7,7,2,-1.5,3,-1.7,1,-1.1,4,1.5
S02000325,S02000591,3,0,0,0,-3,-3,-3,3,0,1,2.1,1,1.5,1,-0.7,2,-1.3
S02000325,S02000592,0,0,0,3,0,0,3,3,3,1,-1,1,-1.1,1,-0.7,2,1
S02000325,S02000593,0,0,0,11,0,0,11,11,11,3,-1.9,5,-2.2,2,-1.4,6,1.9
S02000325,S02000597,6,0,0,10,-6,-6,4,16,10,5,0.5,7,-0.3,3,-1.7,9,0.3
S02000325,S02000598,0,0,0,8,0,0,8,8,8,2,-1.6,3,-1.8,1,-1.2,5,1.6
S02000325,S02000599,10,5,4,4,-6,-5,-6,23,13,7,1.1,10,1.7,4,-0.1,13,-1.4
S02000325,S02000602,0,0,0,8,0,0,8,8,8,2,-1.6,3,-1.8,1,-1.2,5,1.6
S02000325,S02000603,0,3,3,13,3,3,13,19,19,6,-2.4,8,-1.8,4,-0.3,11,1.5
S02000325,S02000604,0,0,0,5,0,0,5,5,5,2,-1.2,2,-1.5,1,-1,3,1.3
S02000325,S02000607,21,0,0,6,-21,-21,-15,27,6,8,4.3,11,2.8,5,-2.2,16,-2.4
S02000325,S02000608,4,0,0,0,-4,-4,-4,4,0,1,2.5,2,1.8,1,-0.9,2,-1.5
S02000325,S02000609,0,0,3,4,3,0,4,7,7,2,-1.5,3,-1.7,1,1.5,4,1.5
S02000325,S02000610,0,0,0,4,0,0,4,4,4,1,-1.1,2,-1.3,1,-0.9,2,1.1
S02000325,S02000612,0,0,0,3,0,0,3,3,3,1,-1,1,-1.1,1,-0.7,2,1
S02000325,S02000614,0,0,0,4,0,0,4,4,4,1,-1.1,2,-1.3,1,-0.9,2,1.1
S02000325,S02000615,0,0,0,8,0,0,8,8,8,2,-1.6,3,-1.8,1,-1.2,5,1.6
S02000325,S02000616,6,0,0,3,-6,-6,-3,9,3,3,1.9,4,1.1,2,-1.3,5,-1
S02000325,S02000620,0,3,0,0,0,3,0,3,3,1,-1,1,1.5,1,-0.7,2,-1.3
S02000325,S02000624,0,0,0,3,0,0,3,3,3,1,-1,1,-1.1,1,-0.7,2,1
S02000325,S02000625,0,0,0,4,0,0,4,4,4,1,-1.1,2,-1.3,1,-0.9,2,1.1
S02000325,S02000627,0,0,0,3,0,0,3,3,3,1,-1,1,-1.1,1,-0.7,2,1
S02000325,S02000628,13,0,0,3,-13,-13,-10,16,3,5,3.6,7,2.4,3,-1.7,9,-2
S02000325,S02000634,8,0,4,5,-4,-8,-3,17,9,5,1.2,7,0.3,3,0.5,10,-0.2
S02000325,S02000635,0,0,0,5,0,0,5,5,5,2,-1.2,2,-1.5,1,-1,3,1.3
S02000325,S02000640,0,0,0,4,0,0,4,4,4,1,-1.1,2,-1.3,1,-0.9,2,1.1
S02000325,S02000642,4,0,0,0,-4,-4,-4,4,0,1,2.5,2,1.8,1,-0.9,2,-1.5
S02000325,S02000644,0,0,18,0,18,0,0,18,18,6,-2.4,8,-2.8,3,8,10,2.4
S02000325,S02000651,7,3,12,9,5,-4,2,31,24,10,-0.9,13,-0.9,6,2.6,18,0.8
S02000325,S02000655,46,15,175,61,129,-31,15,297,251,93,-4.8,126,-5.8,55,16.2,171,5
S02000325,S02000656,3,0,0,3,-3,-3,0,6,3,2,0.8,3,0.3,1,-1.1,3,-0.2
S02000325,S02000658,29,4,20,89,-9,-25,60,142,113,44,-2.3,60,-3.5,26,-1.2,82,3
S02000325,S02000659,4,0,0,0,-4,-4,-4,4,0,1,2.5,2,1.8,1,-0.9,2,-1.5
S02000325,S02000660,24,0,0,0,-24,-24,-24,24,0,7,6,10,4.3,4,-2.1,14,-3.7
S02000325,S02000661,8,0,10,3,2,-8,-5,21,13,7,0.6,9,-0.3,4,3.1,12,0.3
S02000325,S02000664,5,0,0,3,-5,-5,-2,8,3,2,1.6,3,0.9,1,-1.2,5,-0.7
S02000325,S02000665,0,0,7,3,7,0,3,10,10,3,-1.8,4,-2.1,2,3.8,6,1.8
S02000325,S02000669,0,0,0,3,0,0,3,3,3,1,-1,1,-1.1,1,-0.7,2,1
S02000325,S02000670,0,0,3,0,3,0,0,3,3,1,-1,1,-1.1,1,3.3,2,1
S02000325,S02000672,0,0,0,28,0,0,28,28,28,9,-3,12,-3.5,5,-2.3,16,3
S02000325,S02000673,0,0,0,5,0,0,5,5,5,2,-1.2,2,-1.5,1,-1,3,1.3
S02000325,S02000675,0,0,0,6,0,0,6,6,6,2,-1.4,3,-1.6,1,-1.1,3,1.4
S02000325,S02000684,0,6,0,0,0,6,0,6,6,2,-1.4,3,2.2,1,-1.1,3,-1.9
S02000325,S02000688,3,0,0,3,-3,-3,0,6,3,2,0.8,3,0.3,1,-1.1,3,-0.2
S02000325,S02000689,12,0,0,6,-12,-12,-6,18,6,6,2.7,8,1.6,3,-1.8,10,-1.4
S02000325,S02000691,7,0,0,5,-7,-7,-2,12,5,4,1.7,5,0.8,2,-1.5,7,-0.7
S02000325,S02000705,0,0,0,3,0,0,3,3,3,1,-1,1,-1.1,1,-0.7,2,1
S02000325,S02000716,4,0,0,0,-4,-4,-4,4,0,1,2.5,2,1.8,1,-0.9,2,-1.5
S02000325,S02000781,0,0,0,3,0,0,3,3,3,1,-1,1,-1.1,1,-0.7,2,1
S02000325,S02000984,6,0,0,0,-6,-6,-6,6,0,2,3,3,2.2,1,-1.1,3,-1.9
S02000325,S02000991,0,0,0,3,0,0,3,3,3,1,-1,1,-1.1,1,-0.7,2,1
S02000325,S02000993,7,0,0,0,-7,-7,-7,7,0,2,3.3,3,2.3,1,-1.1,4,-2
S02000325,S02001000,11,4,4,10,-7,-7,-1,29,18,9,0.7,12,0.8,5,-0.6,17,-0.7
S02000325,S02001010,3,0,0,6,-3,-3,3,9,6,3,0.1,4,-0.4,2,-1.3,5,0.4
S02000325,S02001014,0,0,4,0,4,0,0,4,4,1,-1.1,2,-1.3,1,3.8,2,1.1
S02000325,S02001015,0,11,6,4,6,11,4,21,21,7,-2.6,9,0.7,4,1.1,12,-0.6
S02000325,S02001016,0,0,3,0,3,0,0,3,3,1,-1,1,-1.1,1,3.3,2,1
S02000325,S02001148,0,0,0,3,0,0,3,3,3,1,-1,1,-1.1,1,-0.7,2,1
S02000325,S02001161,3,0,0,3,-3,-3,0,6,3,2,0.8,3,0.3,1,-1.1,3,-0.2
S02000325,S02001162,0,0,0,3,0,0,3,3,3,1,-1,1,-1.1,1,-0.7,2,1
S02000325,S02001185,8,0,0,0,-8,-8,-8,8,0,2,3.5,3,2.5,1,-1.2,5,-2.1
S02000326,S02000261,0,0,0,3,0,0,3,3,3,1,-1,1,-1.1,1,-0.7,2,1
S02000326,S02000264,0,0,0,3,0,0,3,3,3,1,-1,1,-1.1,1,-0.7,2,1
S02000326,S02000311,0,0,0,7,0,0,7,7,7,2,-1.5,3,-1.7,1,-1.1,4,1.5
S02000326,S02000312,0,0,0,6,0,0,6,6,6,2,-1.4,3,-1.6,1,-1.1,3,1.4
S02000326,S02000313,0,0,4,18,4,0,18,22,22,7,-2.6,9,-3.1,4,0,13,2.6
S02000326,S02000316,4,0,0,6,-4,-4,2,10,6,3,0.5,4,-0.1,2,-1.4,6,0.1
S02000326,S02000317,6,4,0,7,-6,-2,1,17,11,5,0.3,7,1,3,-1.8,10,-0.9
S02000326,S02000318,0,0,0,4,0,0,4,4,4,1,-1.1,2,-1.3,1,-0.9,2,1.1
S02000326,S02000319,0,0,4,3,4,0,3,7,7,2,-1.5,3,-1.7,1,2.4,4,1.5
S02000326,S02000321,0,0,0,4,0,0,4,4,4,1,-1.1,2,-1.3,1,-0.9,2,1.1
S02000326,S02000322,0,0,0,4,0,0,4,4,4,1,-1.1,2,-1.3,1,-0.9,2,1.1
S02000326,S02000323,0,0,0,3,0,0,3,3,3,1,-1,1,-1.1,1,-0.7,2,1
S02000326,S02000324,14,0,0,23,-14,-14,9,37,23,12,0.7,16,-0.4,7,-2.6,21,0.4
S02000326,S02000325,0,4,0,7,0,4,7,11,11,3,-1.9,5,-0.3,2,-1.4,6,0.3
S02000326,S02000326,3,0,0,13,-3,-3,10,16,13,5,-0.9,7,-1.5,3,-1.7,9,1.3
S02000326,S02000327,17,3,8,31,-9,-14,14,59,42,18,-0.3,25,-1,11,-0.9,34,0.9
S02000326,S02000328,9,0,0,8,-9,-9,-1,17,8,5,1.6,7,0.7,3,-1.8,10,-0.6
S02000326,S02000585,0,0,0,3,0,0,3,3,3,1,-1,1,-1.1,1,-0.7,2,1
S02000326,S02000588,3,0,0,4,-3,-3,1,7,4,2,0.6,3,0,1,-1.1,4,0
S02000326,S02000593,0,0,0,9,0,0,9,9,9,3,-1.7,4,-2,2,-1.3,5,1.7
S02000326,S02000596,0,0,0,12,0,0,12,12,12,4,-1.9,5,-2.3,2,-1.5,7,1.9
S02000326,S02000597,10,0,0,11,-10,-10,1,21,11,7,1.4,9,0.4,4,-2,12,-0.3
S02000326,S02000598,0,3,0,4,0,3,4,7,7,2,-1.5,3,0,1,-1.1,4,0
S02000326,S02000599,9,9,0,5,-9,0,-4,23,14,7,0.7,10,2.6,4,-2.1,13,-2.3
S02000326,S02000602,7,4,0,11,-7,-3,4,22,15,7,0.1,9,0.5,4,-2,13,-0.5
S02000326,S02000603,3,0,0,6,-3,-3,3,9,6,3,0.1,4,-0.4,2,-1.3,5,0.4
S02000326,S02000604,5,0,0,5,-5,-5,0,10,5,3,1.1,4,0.4,2,-1.4,6,-0.3
S02000326,S02000605,4,0,0,4,-4,-4,0,8,4,2,1,3,0.3,1,-1.2,5,-0.3
S02000326,S02000607,25,0,0,4,-25,-25,-21,29,4,9,5.3,12,3.6,5,-2.3,17,-3.1
S02000326,S02000608,4,0,0,0,-4,-4,-4,4,0,1,2.5,2,1.8,1,-0.9,2,-1.5
S02000326,S02000609,4,3,3,16,-1,-1,12,26,22,8,-1.4,11,-1.2,5,-0.8,15,1
S02000326,S02000612,0,0,0,8,0,0,8,8,8,2,-1.6,3,-1.8,1,-1.2,5,1.6
S02000326,S02000614,0,0,0,5,0,0,5,5,5,2,-1.2,2,-1.5,1,-1,3,1.3
S02000326,S02000615,0,0,0,7,0,0,7,7,7,2,-1.5,3,-1.7,1,-1.1,4,1.5
S02000326,S02000616,0,0,0,10,0,0,10,10,10,3,-1.8,4,-2.1,2,-1.4,6,1.8
S02000326,S02000621,0,0,0,3,0,0,3,3,3,1,-1,1,-1.1,1,-0.7,2,1
S02000326,S02000622,0,0,0,6,0,0,6,6,6,2,-1.4,3,-1.6,1,-1.1,3,1.4
S02000326,S02000624,0,0,0,5,0,0,5,5,5,2,-1.2,2,-1.5,1,-1,3,1.3
S02000326,S02000625,0,0,0,6,0,0,6,6,6,2,-1.4,3,-1.6,1,-1.1,3,1.4
S02000326,S02000627,3,0,0,4,-3,-3,1,7,4,2,0.6,3,0,1,-1.1,4,0
S02000326,S02000628,6,0,0,6,-6,-6,0,12,6,4,1.2,5,0.4,2,-1.5,7,-0.3
S02000326,S02000631,5,4,0,4,-5,-1,-1,13,8,4,0.5,6,1.5,2,-1.6,7,-1.3
S02000326,S02000633,3,0,0,0,-3,-3,-3,3,0,1,2.1,1,1.5,1,-0.7,2,-1.3
S02000326,S02000634,13,0,3,8,-10,-13,-5,24,11,7,2,10,0.9,4,-0.7,14,-0.8
S02000326,S02000635,3,0,0,5,-3,-3,2,8,5,2,0.3,3,-0.2,1,-1.2,5,0.2
S02000326,S02000644,7,0,7,0,0,-7,-7,14,7,4,1.3,6,0.4,3,2.7,8,-0.4
S02000326,S02000651,0,5,7,6,7,5,6,18,18,6,-2.4,8,-1,3,2,10,0.8
S02000326,S02000655,61,10,184,50,123,-51,-11,305,244,95,-3.5,130,-5.2,56,17,175,4.4
S02000326,S02000656,6,5,0,6,-6,-1,0,17,11,5,0.3,7,1.4,3,-1.8,10,-1.2
S02000326,S02000658,48,11,20,80,-28,-37,32,159,111,50,-0.2,68,-1,29,-1.7,91,0.9
S02000326,S02000659,0,0,5,0,5,0,0,5,5,2,-1.2,2,-1.5,1,4.2,3,1.3
S02000326,S02000660,16,0,4,0,-12,-16,-16,20,4,6,3.9,9,2.6,4,0.2,11,-2.2
S02000326,S02000661,13,0,3,6,-10,-13,-7,22,9,7,2.3,9,1.2,4,-0.5,13,-1
S02000326,S02000664,5,0,0,3,-5,-5,-2,8,3,2,1.6,3,0.9,1,-1.2,5,-0.7
S02000326,S02000665,0,0,11,7,11,0,7,18,18,6,-2.4,8,-2.8,3,4.2,10,2.4
S02000326,S02000666,0,0,0,4,0,0,4,4,4,1,-1.1,2,-1.3,1,-0.9,2,1.1
S02000326,S02000669,0,0,0,4,0,0,4,4,4,1,-1.1,2,-1.3,1,-0.9,2,1.1
S02000326,S02000670,3,3,0,0,-3,0,-3,6,3,2,0.8,3,2.2,1,-1.1,3,-1.9
S02000326,S02000672,4,0,3,25,-1,-4,21,32,28,10,-1.9,14,-2.6,6,-1.2,18,2.2
S02000326,S02000673,0,3,0,0,0,3,0,3,3,1,-1,1,1.5,1,-0.7,2,-1.3
S02000326,S02000675,0,0,0,6,0,0,6,6,6,2,-1.4,3,-1.6,1,-1.1,3,1.4
S02000326,S02000676,5,0,3,3,-2,-5,-2,11,6,3,0.9,5,0.1,2,0.7,6,-0.1
S02000326,S02000677,0,0,0,4,0,0,4,4,4,1,-1.1,2,-1.3,1,-0.9,2,1.1
S02000326,S02000684,0,3,0,0,0,3,0,3,3,1,-1,1,1.5,1,-0.7,2,-1.3
S02000326,S02000689,13,0,0,8,-13,-13,-5,21,8,7,2.5,9,1.4,4,-2,12,-1.2
S02000326,S02000691,5,0,0,0,-5,-5,-5,5,0,2,2.8,2,2,1,-1,3,-1.7
S02000326,S02000702,0,0,0,3,0,0,3,3,3,1,-1,1,-1.1,1,-0.7,2,1
S02000326,S02000775,0,0,0,4,0,0,4,4,4,1,-1.1,2,-1.3,1,-0.9,2,1.1
S02000326,S02000780,0,0,0,3,0,0,3,3,3,1,-1,1,-1.1,1,-0.7,2,1
S02000326,S02000781,0,0,3,0,3,0,0,3,3,1,-1,1,-1.1,1,3.3,2,1
S02000326,S02000988,0,0,0,5,0,0,5,5,5,2,-1.2,2,-1.5,1,-1,3,1.3
S02000326,S02000993,6,0,0,0,-6,-6,-6,6,0,2,3,3,2.2,1,-1.1,3,-1.9
S02000326,S02000999,0,0,0,3,0,0,3,3,3,1,-1,1,-1.1,1,-0.7,2,1
S02000326,S02001000,6,0,0,15,-6,-6,9,21,15,7,-0.2,9,-1,4,-2,12,0.8
S02000326,S02001010,8,4,0,4,-8,-4,-4,16,8,5,1.4,7,2,3,-1.7,9,-1.7
S02000326,S02001013,0,3,0,7,0,3,7,10,10,3,-1.8,4,-0.6,2,-1.4,6,0.5
S02000326,S02001014,3,0,0,0,-3,-3,-3,3,0,1,2.1,1,1.5,1,-0.7,2,-1.3
S02000326,S02001015,0,8,3,0,3,8,0,11,11,3,-1.9,5,1.5,2,0.7,6,-1.3
S02000326,S02001018,0,0,0,3,0,0,3,3,3,1,-1,1,-1.1,1,-0.7,2,1
S02000326,S02001161,0,0,3,5,3,0,5,8,8,2,-1.6,3,-1.8,1,1.2,5,1.6
S02000326,S02001185,4,0,4,0,0,-4,-4,8,4,2,1,3,0.3,1,2.1,5,-0.3
S02000327,S02000312,3,0,0,6,-3,-3,3,9,6,3,0.1,4,-0.4,2,-1.3,5,0.4
S02000327,S02000313,0,0,0,6,0,0,6,6,6,2,-1.4,3,-1.6,1,-1.1,3,1.4
S02000327,S02000317,3,0,0,4,-3,-3,1,7,4,2,0.6,3,0,1,-1.1,4,0
S02000327,S02000318,0,0,0,5,0,0,5,5,5,2,-1.2,2,-1.5,1,-1,3,1.3
S02000327,S02000319,0,0,0,3,0,0,3,3,3,1,-1,1,-1.1,1,-0.7,2,1
S02000327,S02000323,0,0,0,4,0,0,4,4,4,1,-1.1,2,-1.3,1,-0.9,2,1.1
S02000327,S02000324,7,0,4,25,-3,-7,18,36,29,11,-1.3,15,-2.1,7,-1,21,1.8
S02000327,S02000325,0,0,0,3,0,0,3,3,3,1,-1,1,-1.1,1,-0.7,2,1
S02000327,S02000326,9,0,0,9,-9,-9,0,18,9,6,1.4,8,0.5,3,-1.8,10,-0.4
S02000327,S02000327,19,0,3,32,-16,-19,13,54,35,17,0.5,23,-0.8,10,-2.2,31,0.7
S02000327,S02000328,6,3,0,4,-6,-3,-2,13,7,4,1,6,1.5,2,-1.6,7,-1.3
S02000327,S02000586,0,0,0,4,0,0,4,4,4,1,-1.1,2,-1.3,1,-0.9,2,1.1
S02000327,S02000587,0,3,0,6,0,3,6,9,9,3,-1.7,4,-0.4,2,-1.3,5,0.4
S02000327,S02000588,3,0,0,0,-3,-3,-3,3,0,1,2.1,1,1.5,1,-0.7,2,-1.3
S02000327,S02000590,0,0,0,8,0,0,8,8,8,2,-1.6,3,-1.8,1,-1.2,5,1.6
S02000327,S02000593,0,0,0,7,0,0,7,7,7,2,-1.5,3,-1.7,1,-1.1,4,1.5
S02000327,S02000597,0,0,5,6,5,0,6,11,11,3,-1.9,5,-2.2,2,2.1,6,1.9
S02000327,S02000598,0,0,0,5,0,0,5,5,5,2,-1.2,2,-1.5,1,-1,3,1.3
S02000327,S02000599,3,5,0,0,-3,2,-3,8,5,2,0.3,3,2.5,1,-1.2,5,-2.1
S02000327,S02000602,3,0,0,9,-3,-3,6,12,9,4,-0.4,5,-0.9,2,-1.5,7,0.8
S02000327,S02000603,0,0,0,5,0,0,5,5,5,2,-1.2,2,-1.5,1,-1,3,1.3
S02000327,S02000604,3,0,0,0,-3,-3,-3,3,0,1,2.1,1,1.5,1,-0.7,2,-1.3
S02000327,S02000607,17,0,0,3,-17,-17,-14,20,3,6,4.3,9,2.9,4,-1.9,11,-2.5
S02000327,S02000609,0,0,4,3,4,0,3,7,7,2,-1.5,3,-1.7,1,2.4,4,1.5
S02000327,S02000611,0,0,0,3,0,0,3,3,3,1,-1,1,-1.1,1,-0.7,2,1
S02000327,S02000612,0,0,0,4,0,0,4,4,4,1,-1.1,2,-1.3,1,-0.9,2,1.1
S02000327,S02000614,0,0,0,6,0,0,6,6,6,2,-1.4,3,-1.6,1,-1.1,3,1.4
S02000327,S02000622,0,0,0,6,0,0,6,6,6,2,-1.4,3,-1.6,1,-1.1,3,1.4
S02000327,S02000625,0,0,0,10,0,0,10,10,10,3,-1.8,4,-2.1,2,-1.4,6,1.8
S02000327,S02000627,5,0,0,0,-5,-5,-5,5,0,2,2.8,2,2,1,-1,3,-1.7
S02000327,S02000628,6,0,0,0,-6,-6,-6,6,0,2,3,3,2.2,1,-1.1,3,-1.9
S02000327,S02000631,0,0,0,4,0,0,4,4,4,1,-1.1,2,-1.3,1,-0.9,2,1.1
S02000327,S02000633,0,0,0,4,0,0,4,4,4,1,-1.1,2,-1.3,1,-0.9,2,1.1
S02000327,S02000634,10,0,4,6,-6,-10,-4,20,10,6,1.5,9,0.5,4,0.2,11,-0.4
S02000327,S02000635,3,0,0,8,-3,-3,5,11,8,3,-0.2,5,-0.8,2,-1.4,6,0.7
S02000327,S02000644,6,0,7,0,1,-6,-6,13,7,4,1,6,0.2,2,3,7,-0.2
S02000327,S02000648,0,0,0,3,0,0,3,3,3,1,-1,1,-1.1,1,-0.7,2,1
S02000327,S02000651,0,0,7,0,7,0,0,7,7,2,-1.5,3,-1.7,1,5,4,1.5
S02000327,S02000655,47,11,109,29,62,-36,-18,196,149,61,-1.8,83,-2.8,36,12.1,113,2.4
S02000327,S02000656,5,10,0,4,-5,5,-1,19,14,6,-0.4,8,2.4,4,-1.9,11,-2.1
S02000327,S02000658,31,3,17,54,-14,-28,23,105,74,33,-0.3,45,-1.6,19,-0.6,60,1.4
S02000327,S02000659,0,0,0,7,0,0,7,7,7,2,-1.5,3,-1.7,1,-1.1,4,1.5
S02000327,S02000660,16,0,0,0,-16,-16,-16,16,0,5,4.9,7,3.5,3,-1.7,9,-3
S02000327,S02000661,8,0,5,3,-3,-8,-5,16,8,5,1.4,7,0.5,3,1.2,9,-0.4
S02000327,S02000664,6,0,0,0,-6,-6,-6,6,0,2,3,3,2.2,1,-1.1,3,-1.9
S02000327,S02000666,0,0,0,3,0,0,3,3,3,1,-1,1,-1.1,1,-0.7,2,1
S02000327,S02000670,4,5,0,0,-4,1,-4,9,5,3,0.7,4,2.6,2,-1.3,5,-2.3
S02000327,S02000672,0,0,0,15,0,0,15,15,15,5,-2.2,6,-2.5,3,-1.7,9,2.2
S02000327,S02000675,0,3,0,0,0,3,0,3,3,1,-1,1,1.5,1,-0.7,2,-1.3
S02000327,S02000676,0,0,0,3,0,0,3,3,3,1,-1,1,-1.1,1,-0.7,2,1
S02000327,S02000684,0,3,0,3,0,3,3,6,6,2,-1.4,3,0.3,1,-1.1,3,-0.2
S02000327,S02000689,4,0,0,4,-4,-4,0,8,4,2,1,3,0.3,1,-1.2,5,-0.3
S02000327,S02000691,5,0,0,0,-5,-5,-5,5,0,2,2.8,2,2,1,-1,3,-1.7
S02000327,S02000781,4,0,0,0,-4,-4,-4,4,0,1,2.5,2,1.8,1,-0.9,2,-1.5
S02000327,S02000784,0,0,0,3,0,0,3,3,3,1,-1,1,-1.1,1,-0.7,2,1
S02000327,S02000984,3,0,0,0,-3,-3,-3,3,0,1,2.1,1,1.5,1,-0.7,2,-1.3
S02000327,S02000993,6,0,0,0,-6,-6,-6,6,0,2,3,3,2.2,1,-1.1,3,-1.9
S02000327,S02001000,9,0,0,8,-9,-9,-1,17,8,5,1.6,7,0.7,3,-1.8,10,-0.6
S02000327,S02001007,0,4,0,0,0,4,0,4,4,1,-1.1,2,1.8,1,-0.9,2,-1.5
S02000327,S02001010,12,0,3,3,-9,-12,-9,18,6,6,2.7,8,1.6,3,-0.2,10,-1.4
S02000327,S02001013,0,0,0,4,0,0,4,4,4,1,-1.1,2,-1.3,1,-0.9,2,1.1
S02000327,S02001015,0,0,4,4,4,0,4,8,8,2,-1.6,3,-1.8,1,2.1,5,1.6
S02000327,S02001185,4,0,0,0,-4,-4,-4,4,0,1,2.5,2,1.8,1,-0.9,2,-1.5
S02000328,S02000311,0,0,0,8,0,0,8,8,8,2,-1.6,3,-1.8,1,-1.2,5,1.6
S02000328,S02000312,0,0,0,7,0,0,7,7,7,2,-1.5,3,-1.7,1,-1.1,4,1.5
S02000328,S02000313,4,0,0,12,-4,-4,8,16,12,5,-0.4,7,-1.1,3,-1.7,9,0.9
S02000328,S02000314,27,4,0,10,-27,-23,-17,41,14,13,4,17,3.2,8,-2.8,24,-2.8
S02000328,S02000317,0,0,0,4,0,0,4,4,4,1,-1.1,2,-1.3,1,-0.9,2,1.1
S02000328,S02000318,4,0,0,5,-4,-4,1,9,5,3,0.7,4,0.1,2,-1.3,5,-0.1
S02000328,S02000321,9,11,0,16,-9,2,7,36,27,11,-0.7,15,1.2,7,-2.6,21,-1
S02000328,S02000322,0,0,4,9,4,0,9,13,13,4,-2,6,-2.4,2,1,7,2
S02000328,S02000323,5,0,0,0,-5,-5,-5,5,0,2,2.8,2,2,1,-1,3,-1.7
S02000328,S02000324,30,0,0,8,-30,-30,-22,38,8,12,5.3,16,3.4,7,-2.7,22,-3
S02000328,S02000327,0,4,0,6,0,4,6,10,10,3,-1.8,4,-0.1,2,-1.4,6,0.1
S02000328,S02000328,93,37,32,126,-61,-56,33,288,195,90,0.3,122,0.7,53,-2.9,166,-0.6
S02000328,S02000329,23,10,0,8,-23,-13,-15,41,18,13,2.9,17,3.7,8,-2.8,24,-3.2
S02000328,S02000587,4,0,0,5,-4,-4,1,9,5,3,0.7,4,0.1,2,-1.3,5,-0.1
S02000328,S02000590,5,3,0,14,-5,-2,9,22,17,7,-0.7,9,-0.4,4,-2,13,0.4
S02000328,S02000597,6,3,11,44,5,-3,38,64,58,20,-3.1,27,-3.5,12,-0.2,37,3
S02000328,S02000599,5,4,0,0,-5,-1,-5,9,4,3,1.3,4,2.6,2,-1.3,5,-2.3
S02000328,S02000602,3,0,0,7,-3,-3,4,10,7,3,-0.1,4,-0.6,2,-1.4,6,0.5
S02000328,S02000603,0,0,0,6,0,0,6,6,6,2,-1.4,3,-1.6,1,-1.1,3,1.4
S02000328,S02000607,7,0,0,4,-7,-7,-3,11,4,3,1.9,5,1.1,2,-1.4,6,-0.9
S02000328,S02000608,8,4,0,0,-8,-4,-8,12,4,4,2.2,5,3.1,2,-1.5,7,-2.6
S02000328,S02000609,0,0,0,7,0,0,7,7,7,2,-1.5,3,-1.7,1,-1.1,4,1.5
S02000328,S02000611,0,7,0,3,0,7,3,10,10,3,-1.8,4,1.3,2,-1.4,6,-1.1
S02000328,S02000612,0,0,0,3,0,0,3,3,3,1,-1,1,-1.1,1,-0.7,2,1
S02000328,S02000614,3,0,0,0,-3,-3,-3,3,0,1,2.1,1,1.5,1,-0.7,2,-1.3
S02000328,S02000616,0,3,0,0,0,3,0,3,3,1,-1,1,1.5,1,-0.7,2,-1.3
S02000328,S02000625,0,0,0,7,0,0,7,7,7,2,-1.5,3,-1.7,1,-1.1,4,1.5
S02000328,S02000627,6,0,3,0,-3,-6,-6,9,3,3,1.9,4,1.1,2,1,5,-1
S02000328,S02000628,7,5,0,0,-7,-2,-7,12,5,4,1.7,5,3.1,2,-1.5,7,-2.6
S02000328,S02000631,5,3,0,7,-5,-2,2,15,10,5,0.2,6,0.6,3,-1.7,9,-0.6
S02000328,S02000634,14,0,4,3,-10,-14,-11,21,7,7,2.9,9,1.7,4,0.1,12,-1.5
S02000328,S02000635,0,0,0,3,0,0,3,3,3,1,-1,1,-1.1,1,-0.7,2,1
S02000328,S02000644,5,0,6,0,1,-5,-5,11,6,3,0.9,5,0.1,2,2.8,6,-0.1
S02000328,S02000651,0,0,6,0,6,0,0,6,6,2,-1.4,3,-1.6,1,4.6,3,1.4
S02000328,S02000655,39,12,78,38,39,-27,-1,167,128,52,-1.8,71,-2.4,31,8.5,96,2
S02000328,S02000656,9,9,0,11,-9,0,2,29,20,9,0,12,1.6,5,-2.3,17,-1.4
S02000328,S02000658,19,3,14,38,-5,-16,19,74,55,23,-0.8,31,-1.7,14,0.1,43,1.5
S02000328,S02000659,0,0,5,3,5,0,3,8,8,2,-1.6,3,-1.8,1,2.9,5,1.6
S02000328,S02000660,24,4,4,12,-20,-20,-12,44,20,14,2.8,19,2.1,8,-1.5,25,-1.8
S02000328,S02000661,4,0,3,0,-1,-4,-4,7,3,2,1.2,3,0.6,1,1.5,4,-0.5
S02000328,S02000663,0,4,0,4,0,4,4,8,8,2,-1.6,3,0.3,1,-1.2,5,-0.3
S02000328,S02000665,0,0,4,0,4,0,0,4,4,1,-1.1,2,-1.3,1,3.8,2,1.1
S02000328,S02000667,4,0,0,0,-4,-4,-4,4,0,1,2.5,2,1.8,1,-0.9,2,-1.5
S02000328,S02000669,0,0,3,0,3,0,0,3,3,1,-1,1,-1.1,1,3.3,2,1
S02000328,S02000672,0,0,3,12,3,0,12,15,15,5,-2.2,6,-2.5,3,0.1,9,2.2
S02000328,S02000676,11,0,0,0,-11,-11,-11,11,0,3,4.1,5,2.9,2,-1.4,6,-2.5
S02000328,S02000684,4,5,0,3,-4,1,-1,12,8,4,0.1,5,1.7,2,-1.5,7,-1.5
S02000328,S02000688,0,0,0,4,0,0,4,4,4,1,-1.1,2,-1.3,1,-0.9,2,1.1
S02000328,S02000689,7,0,0,3,-7,-7,-4,10,3,3,2.2,4,1.3,2,-1.4,6,-1.1
S02000328,S02000691,4,0,0,0,-4,-4,-4,4,0,1,2.5,2,1.8,1,-0.9,2,-1.5
S02000328,S02000705,0,0,0,4,0,0,4,4,4,1,-1.1,2,-1.3,1,-0.9,2,1.1
S02000328,S02000711,0,0,0,3,0,0,3,3,3,1,-1,1,-1.1,1,-0.7,2,1
S02000328,S02000772,3,0,0,0,-3,-3,-3,3,0,1,2.1,1,1.5,1,-0.7,2,-1.3
S02000328,S02000781,0,0,0,4,0,0,4,4,4,1,-1.1,2,-1.3,1,-0.9,2,1.1
S02000328,S02000984,14,0,0,0,-14,-14,-14,14,0,4,4.6,6,3.3,3,-1.6,8,-2.8
S02000328,S02000986,6,0,0,0,-6,-6,-6,6,0,2,3,3,2.2,1,-1.1,3,-1.9
S02000328,S02000990,0,0,0,3,0,0,3,3,3,1,-1,1,-1.1,1,-0.7,2,1
S02000328,S02000993,32,0,0,5,-32,-32,-27,37,5,12,6,16,4.1,7,-2.6,21,-3.5
S02000328,S02000995,3,0,0,0,-3,-3,-3,3,0,1,2.1,1,1.5,1,-0.7,2,-1.3
S02000328,S02000997,3,6,0,8,-3,3,5,17,14,5,-1,7,0.7,3,-1.8,10,-0.6
S02000328,S02000998,7,0,0,0,-7,-7,-7,7,0,2,3.3,3,2.3,1,-1.1,4,-2
S02000328,S02000999,4,0,5,18,1,-4,14,27,23,8,-1.5,11,-2.2,5,0,16,1.9
S02000328,S02001000,32,6,9,37,-23,-26,5,84,52,26,1.1,36,0.4,16,-1.7,48,-0.3
S02000328,S02001001,4,0,0,0,-4,-4,-4,4,0,1,2.5,2,1.8,1,-0.9,2,-1.5
S02000328,S02001003,7,0,0,5,-7,-7,-2,12,5,4,1.7,5,0.8,2,-1.5,7,-0.7
S02000328,S02001004,6,0,3,5,-3,-6,-1,14,8,4,0.8,6,0,3,0.3,8,0
S02000328,S02001007,0,0,3,0,3,0,0,3,3,1,-1,1,-1.1,1,3.3,2,1
S02000328,S02001008,0,4,0,0,0,4,0,4,4,1,-1.1,2,1.8,1,-0.9,2,-1.5
S02000328,S02001010,25,14,11,32,-14,-11,7,82,57,26,-0.1,35,0.7,15,-1.1,47,-0.6
S02000328,S02001013,4,14,0,18,-4,10,14,36,32,11,-2.2,15,0.7,7,-2.6,21,-0.6
S02000328,S02001014,5,7,0,0,-5,2,-5,12,7,4,0.7,5,3.1,2,-1.5,7,-2.6
S02000328,S02001015,9,24,4,9,-5,15,0,46,37,14,-1.4,20,3,9,-1.5,26,-2.6
S02000328,S02001016,6,3,0,6,-6,-3,0,15,9,5,0.6,6,1,3,-1.7,9,-0.9
S02000328,S02001017,3,0,0,0,-3,-3,-3,3,0,1,2.1,1,1.5,1,-0.7,2,-1.3
S02000328,S02001162,0,0,3,0,3,0,0,3,3,1,-1,1,-1.1,1,3.3,2,1
S02000328,S02001185,5,3,0,0,-5,-2,-5,8,3,2,1.6,3,2.5,1,-1.2,5,-2.1
S02000329,S02000311,0,0,0,3,0,0,3,3,3,1,-1,1,-1.1,1,-0.7,2,1
S02000329,S02000313,3,0,0,6,-3,-3,3,9,6,3,0.1,4,-0.4,2,-1.3,5,0.4
S02000329,S02000314,5,5,0,13,-5,0,8,23,18,7,-0.8,10,0.1,4,-2.1,13,-0.1
S02000329,S02000321,3,0,3,10,0,-3,7,16,13,5,-0.9,7,-1.5,3,0,9,1.3
S02000329,S02000322,0,0,0,10,0,0,10,10,10,3,-1.8,4,-2.1,2,-1.4,6,1.8
S02000329,S02000324,4,0,0,8,-4,-4,4,12,8,4,0.1,5,-0.5,2,-1.5,7,0.4
S02000329,S02000328,44,17,15,50,-29,-27,6,126,82,39,0.8,54,1,23,-1.7,72,-0.9
S02000329,S02000329,15,4,0,10,-15,-11,-5,29,14,9,2,12,1.9,5,-2.3,17,-1.6
S02000329,S02000587,0,5,0,0,0,5,0,5,5,2,-1.2,2,2,1,-1,3,-1.7
S02000329,S02000590,0,0,0,9,0,0,9,9,9,3,-1.7,4,-2,2,-1.3,5,1.7
S02000329,S02000597,0,0,5,26,5,0,26,31,31,10,-3.1,13,-3.6,6,-0.3,18,3.1
S02000329,S02000599,4,3,0,0,-4,-1,-4,7,3,2,1.2,3,2.3,1,-1.1,4,-2
S02000329,S02000601,3,0,0,0,-3,-3,-3,3,0,1,2.1,1,1.5,1,-0.7,2,-1.3
S02000329,S02000602,4,0,0,3,-4,-4,-1,7,3,2,1.2,3,0.6,1,-1.1,4,-0.5
S02000329,S02000603,0,0,0,5,0,0,5,5,5,2,-1.2,2,-1.5,1,-1,3,1.3
S02000329,S02000607,6,0,0,0,-6,-6,-6,6,0,2,3,3,2.2,1,-1.1,3,-1.9
S02000329,S02000608,5,0,0,0,-5,-5,-5,5,0,2,2.8,2,2,1,-1,3,-1.7
S02000329,S02000611,0,0,0,4,0,0,4,4,4,1,-1.1,2,-1.3,1,-0.9,2,1.1
S02000329,S02000625,0,0,0,6,0,0,6,6,6,2,-1.4,3,-1.6,1,-1.1,3,1.4
S02000329,S02000627,3,0,0,0,-3,-3,-3,3,0,1,2.1,1,1.5,1,-0.7,2,-1.3
S02000329,S02000628,3,0,0,0,-3,-3,-3,3,0,1,2.1,1,1.5,1,-0.7,2,-1.3
S02000329,S02000634,7,0,0,3,-7,-7,-4,10,3,3,2.2,4,1.3,2,-1.4,6,-1.1
S02000329,S02000638,5,3,0,0,-5,-2,-5,8,3,2,1.6,3,2.5,1,-1.2,5,-2.1
S02000329,S02000642,0,0,0,3,0,0,3,3,3,1,-1,1,-1.1,1,-0.7,2,1
S02000329,S02000644,4,0,0,0,-4,-4,-4,4,0,1,2.5,2,1.8,1,-0.9,2,-1.5
S02000329,S02000651,0,0,6,4,6,0,4,10,10,3,-1.8,4,-2.1,2,3.1,6,1.8
S02000329,S02000655,23,4,75,19,52,-19,-4,121,98,38,-2.4,51,-3.4,22,11.1,70,2.9
S02000329,S02000656,7,5,4,8,-3,-2,1,24,17,7,-0.2,10,0.6,4,-0.2,14,-0.5
S02000329,S02000658,19,3,10,41,-9,-16,22,73,54,23,-0.8,31,-1.6,14,-1,42,1.4
S02000329,S02000659,0,0,3,0,3,0,0,3,3,1,-1,1,-1.1,1,3.3,2,1
S02000329,S02000660,11,11,0,5,-11,0,-6,27,16,8,0.9,11,3.1,5,-2.2,16,-2.7
S02000329,S02000661,5,3,0,0,-5,-2,-5,8,3,2,1.6,3,2.5,1,-1.2,5,-2.1
S02000329,S02000669,0,0,3,0,3,0,0,3,3,1,-1,1,-1.1,1,3.3,2,1
S02000329,S02000672,0,0,3,10,3,0,10,13,13,4,-2,6,-2.4,2,0.4,7,2
S02000329,S02000684,4,6,0,0,-4,2,-4,10,6,3,0.5,4,2.8,2,-1.4,6,-2.4
S02000329,S02000689,6,0,0,9,-6,-6,3,15,9,5,0.6,6,-0.2,3,-1.7,9,0.1
S02000329,S02000781,3,0,0,0,-3,-3,-3,3,0,1,2.1,1,1.5,1,-0.7,2,-1.3
S02000329,S02000984,7,0,0,0,-7,-7,-7,7,0,2,3.3,3,2.3,1,-1.1,4,-2
S02000329,S02000991,4,0,0,3,-4,-4,-1,7,3,2,1.2,3,0.6,1,-1.1,4,-0.5
S02000329,S02000993,32,0,0,0,-32,-32,-32,32,0,10,7,14,5,6,-2.4,18,-4.3
S02000329,S02000994,8,0,0,0,-8,-8,-8,8,0,2,3.5,3,2.5,1,-1.2,5,-2.1
S02000329,S02000997,0,11,0,9,0,11,9,20,20,6,-2.5,9,0.9,4,-1.9,11,-0.7
S02000329,S02000999,0,0,3,6,3,0,6,9,9,3,-1.7,4,-2,2,1,5,1.7
S02000329,S02001000,50,8,9,25,-41,-42,-25,92,42,29,4,39,3,17,-1.9,53,-2.6
S02000329,S02001001,4,0,0,0,-4,-4,-4,4,0,1,2.5,2,1.8,1,-0.9,2,-1.5
S02000329,S02001003,4,0,0,6,-4,-4,2,10,6,3,0.5,4,-0.1,2,-1.4,6,0.1
S02000329,S02001004,0,0,0,3,0,0,3,3,3,1,-1,1,-1.1,1,-0.7,2,1
S02000329,S02001007,0,5,0,0,0,5,0,5,5,2,-1.2,2,2,1,-1,3,-1.7
S02000329,S02001010,27,8,0,16,-27,-19,-11,51,24,16,2.8,22,2.9,9,-3.1,29,-2.5
S02000329,S02001011,0,0,0,5,0,0,5,5,5,2,-1.2,2,-1.5,1,-1,3,1.3
S02000329,S02001013,3,11,5,18,2,8,15,37,34,12,-2.5,16,-0.4,7,-0.7,21,0.4
S02000329,S02001014,0,6,6,5,6,6,5,17,17,5,-2.3,7,-0.5,3,1.6,10,0.4
S02000329,S02001015,0,18,0,5,0,18,5,23,23,7,-2.7,10,2.6,4,-2.1,13,-2.3
S02000329,S02001016,4,0,0,0,-4,-4,-4,4,0,1,2.5,2,1.8,1,-0.9,2,-1.5
S02000329,S02001018,0,0,0,3,0,0,3,3,3,1,-1,1,-1.1,1,-0.7,2,1
S02000329,S02001185,3,0,0,0,-3,-3,-3,3,0,1,2.1,1,1.5,1,-0.7,2,-1.3
S02000584,S02000312,0,0,0,3,0,0,3,3,3,1,-1,1,-1.1,1,-0.7,2,1
S02000584,S02000317,0,3,0,5,0,3,5,8,8,2,-1.6,3,-0.2,1,-1.2,5,0.2
S02000584,S02000324,3,0,0,0,-3,-3,-3,3,0,1,2.1,1,1.5,1,-0.7,2,-1.3
S02000584,S02000327,0,4,0,7,0,4,7,11,11,3,-1.9,5,-0.3,2,-1.4,6,0.3
S02000584,S02000584,11,3,5,11,-6,-8,0,30,19,9,0.5,13,0.3,6,-0.2,17,-0.3
S02000584,S02000585,5,0,0,6,-5,-5,1,11,6,3,0.9,5,0.1,2,-1.4,6,-0.1
S02000584,S02000588,16,6,5,24,-11,-10,8,51,35,16,0,22,0.1,9,-1.4,29,-0.1
S02000584,S02000589,5,0,3,4,-2,-5,-1,12,7,4,0.7,5,0,2,0.5,7,0
S02000584,S02000590,0,0,0,4,0,0,4,4,4,1,-1.1,2,-1.3,1,-0.9,2,1.1
S02000584,S02000591,0,0,0,8,0,0,8,8,8,2,-1.6,3,-1.8,1,-1.2,5,1.6
S02000584,S02000593,0,0,0,4,0,0,4,4,4,1,-1.1,2,-1.3,1,-0.9,2,1.1
S02000584,S02000595,4,0,0,0,-4,-4,-4,4,0,1,2.5,2,1.8,1,-0.9,2,-1.5
S02000584,S02000597,0,0,0,8,0,0,8,8,8,2,-1.6,3,-1.8,1,-1.2,5,1.6
S02000584,S02000599,10,0,0,5,-10,-10,-5,15,5,5,2.5,6,1.4,3,-1.7,9,-1.2
S02000584,S02000602,3,0,0,0,-3,-3,-3,3,0,1,2.1,1,1.5,1,-0.7,2,-1.3
S02000584,S02000603,3,0,3,7,0,-3,4,13,10,4,-0.5,6,-1.1,2,0.4,7,0.9
S02000584,S02000604,4,0,0,0,-4,-4,-4,4,0,1,2.5,2,1.8,1,-0.9,2,-1.5
S02000584,S02000607,23,0,5,3,-18,-23,-20,31,8,10,4.3,13,2.7,6,-0.3,18,-2.3
S02000584,S02000610,0,0,0,11,0,0,11,11,11,3,-1.9,5,-2.2,2,-1.4,6,1.9
S02000584,S02000611,0,4,3,0,3,4,0,7,7,2,-1.5,3,0.6,1,1.5,4,-0.5
S02000584,S02000612,0,0,0,4,0,0,4,4,4,1,-1.1,2,-1.3,1,-0.9,2,1.1
S02000584,S02000613,0,0,0,3,0,0,3,3,3,1,-1,1,-1.1,1,-0.7,2,1
S02000584,S02000616,0,0,3,0,3,0,0,3,3,1,-1,1,-1.1,1,3.3,2,1
S02000584,S02000620,0,0,0,3,0,0,3,3,3,1,-1,1,-1.1,1,-0.7,2,1
S02000584,S02000622,3,0,0,0,-3,-3,-3,3,0,1,2.1,1,1.5,1,-0.7,2,-1.3
S02000584,S02000625,0,0,3,4,3,0,4,7,7,2,-1.5,3,-1.7,1,1.5,4,1.5
S02000584,S02000628,12,0,0,0,-12,-12,-12,12,0,4,4.3,5,3.1,2,-1.5,7,-2.6
S02000584,S02000633,5,4,0,3,-5,-1,-2,12,7,4,0.7,5,1.7,2,-1.5,7,-1.5
S02000584,S02000634,5,0,6,10,1,-5,5,21,16,7,-0.6,9,-1.3,4,1.1,12,1.1
S02000584,S02000635,4,3,0,0,-4,-1,-4,7,3,2,1.2,3,2.3,1,-1.1,4,-2
S02000584,S02000636,0,0,0,3,0,0,3,3,3,1,-1,1,-1.1,1,-0.7,2,1
S02000584,S02000644,4,0,4,0,0,-4,-4,8,4,2,1,3,0.3,1,2.1,5,-0.3
S02000584,S02000655,26,14,55,56,29,-12,30,151,125,47,-3.1,64,-3,28,5.1,87,2.6
S02000584,S02000656,5,3,0,0,-5,-2,-5,8,3,2,1.6,3,2.5,1,-1.2,5,-2.1
S02000584,S02000658,34,5,12,30,-22,-29,-4,81,47,25,1.7,34,0.8,15,-0.8,47,-0.7
S02000584,S02000660,7,3,0,0,-7,-4,-7,10,3,3,2.2,4,2.8,2,-1.4,6,-2.4
S02000584,S02000661,0,0,5,0,5,0,0,5,5,2,-1.2,2,-1.5,1,4.2,3,1.3
S02000584,S02000665,3,0,0,0,-3,-3,-3,3,0,1,2.1,1,1.5,1,-0.7,2,-1.3
S02000584,S02000669,0,0,0,3,0,0,3,3,3,1,-1,1,-1.1,1,-0.7,2,1
S02000584,S02000670,4,3,0,0,-4,-1,-4,7,3,2,1.2,3,2.3,1,-1.1,4,-2
S02000584,S02000672,0,0,0,7,0,0,7,7,7,2,-1.5,3,-1.7,1,-1.1,4,1.5
S02000584,S02000676,3,0,0,0,-3,-3,-3,3,0,1,2.1,1,1.5,1,-0.7,2,-1.3
S02000584,S02000684,3,4,0,3,-3,1,0,10,7,3,-0.1,4,1.3,2,-1.4,6,-1.1
S02000584,S02000689,14,0,0,0,-14,-14,-14,14,0,4,4.6,6,3.3,3,-1.6,8,-2.8
S02000584,S02000691,4,0,0,0,-4,-4,-4,4,0,1,2.5,2,1.8,1,-0.9,2,-1.5
S02000584,S02000705,0,0,0,4,0,0,4,4,4,1,-1.1,2,-1.3,1,-0.9,2,1.1
S02000584,S02000993,3,0,0,0,-3,-3,-3,3,0,1,2.1,1,1.5,1,-0.7,2,-1.3
S02000584,S02001000,4,0,0,3,-4,-4,-1,7,3,2,1.2,3,0.6,1,-1.1,4,-0.5
S02000584,S02001010,5,0,0,4,-5,-5,-1,9,4,3,1.3,4,0.6,2,-1.3,5,-0.5
S02000584,S02001148,0,0,0,3,0,0,3,3,3,1,-1,1,-1.1,1,-0.7,2,1
S02000584,S02001157,0,3,0,0,0,3,0,3,3,1,-1,1,1.5,1,-0.7,2,-1.3
S02000584,S02001161,9,8,0,9,-9,-1,0,26,17,8,0.3,11,1.8,5,-2.2,15,-1.5
S02000584,S02001162,4,0,0,3,-4,-4,-1,7,3,2,1.2,3,0.6,1,-1.1,4,-0.5
S02000584,S02001185,3,0,0,0,-3,-3,-3,3,0,1,2.1,1,1.5,1,-0.7,2,-1.3
S02000585,S02000327,0,0,0,4,0,0,4,4,4,1,-1.1,2,-1.3,1,-0.9,2,1.1
S02000585,S02000584,4,7,0,4,-4,3,0,15,11,5,-0.3,6,1.8,3,-1.7,9,-1.6
S02000585,S02000585,43,6,12,23,-31,-37,-20,84,41,26,3.3,36,2.2,16,-0.9,48,-1.9
S02000585,S02000588,52,9,10,42,-42,-43,-10,113,61,35,2.8,48,1.9,21,-2.4,65,-1.6
S02000585,S02000589,5,0,0,7,-5,-5,2,12,7,4,0.7,5,0,2,-1.5,7,0
S02000585,S02000590,0,0,0,5,0,0,5,5,5,2,-1.2,2,-1.5,1,-1,3,1.3
S02000585,S02000591,0,0,0,8,0,0,8,8,8,2,-1.6,3,-1.8,1,-1.2,5,1.6
S02000585,S02000593,0,3,0,0,0,3,0,3,3,1,-1,1,1.5,1,-0.7,2,-1.3
S02000585,S02000595,0,0,0,11,0,0,11,11,11,3,-1.9,5,-2.2,2,-1.4,6,1.9
S02000585,S02000599,5,3,0,3,-5,-2,-2,11,6,3,0.9,5,1.5,2,-1.4,6,-1.3
S02000585,S02000600,0,0,3,0,3,0,0,3,3,1,-1,1,-1.1,1,3.3,2,1
S02000585,S02000602,0,0,0,6,0,0,6,6,6,2,-1.4,3,-1.6,1,-1.1,3,1.4
S02000585,S02000603,5,0,6,18,1,-5,13,29,24,9,-1.3,12,-2.1,5,0.3,17,1.8
S02000585,S02000604,4,0,0,0,-4,-4,-4,4,0,1,2.5,2,1.8,1,-0.9,2,-1.5
S02000585,S02000607,29,0,0,5,-29,-29,-24,34,5,11,5.7,14,3.8,6,-2.5,20,-3.3
S02000585,S02000608,3,0,0,0,-3,-3,-3,3,0,1,2.1,1,1.5,1,-0.7,2,-1.3
S02000585,S02000609,0,0,3,0,3,0,0,3,3,1,-1,1,-1.1,1,3.3,2,1
S02000585,S02000610,11,0,3,31,-8,-11,20,45,34,14,-0.8,19,-1.9,8,-1.8,26,1.6
S02000585,S02000611,3,6,0,5,-3,3,2,14,11,4,-0.7,6,1.2,3,-1.6,8,-1.1
S02000585,S02000612,3,0,0,0,-3,-3,-3,3,0,1,2.1,1,1.5,1,-0.7,2,-1.3
S02000585,S02000614,4,0,0,4,-4,-4,0,8,4,2,1,3,0.3,1,-1.2,5,-0.3
S02000585,S02000615,6,0,4,10,-2,-6,4,20,14,6,-0.1,9,-0.9,4,0.2,11,0.7
S02000585,S02000616,0,3,0,6,0,3,6,9,9,3,-1.7,4,-0.4,2,-1.3,5,0.4
S02000585,S02000617,3,0,0,0,-3,-3,-3,3,0,1,2.1,1,1.5,1,-0.7,2,-1.3
S02000585,S02000619,0,0,0,4,0,0,4,4,4,1,-1.1,2,-1.3,1,-0.9,2,1.1
S02000585,S02000622,0,0,0,5,0,0,5,5,5,2,-1.2,2,-1.5,1,-1,3,1.3
S02000585,S02000627,3,0,0,0,-3,-3,-3,3,0,1,2.1,1,1.5,1,-0.7,2,-1.3
S02000585,S02000628,14,6,12,5,-2,-8,-9,37,23,12,0.7,16,1.1,7,2,21,-0.9
S02000585,S02000631,0,0,0,6,0,0,6,6,6,2,-1.4,3,-1.6,1,-1.1,3,1.4
S02000585,S02000633,5,8,4,6,-1,3,1,23,18,7,-0.8,10,1,4,-0.1,13,-0.9
S02000585,S02000634,28,0,0,8,-28,-28,-20,36,8,11,5,15,3.2,7,-2.6,21,-2.8
S02000585,S02000635,5,0,5,8,0,-5,3,18,13,6,-0.3,8,-1,3,0.9,10,0.8
S02000585,S02000642,4,0,0,0,-4,-4,-4,4,0,1,2.5,2,1.8,1,-0.9,2,-1.5
S02000585,S02000644,5,3,5,0,0,-2,-5,13,8,4,0.5,6,1.1,2,1.7,7,-0.9
S02000585,S02000650,0,0,0,3,0,0,3,3,3,1,-1,1,-1.1,1,-0.7,2,1
S02000585,S02000651,0,0,3,6,3,0,6,9,9,3,-1.7,4,-2,2,1,5,1.7
S02000585,S02000655,17,4,35,56,18,-13,39,112,95,35,-3,48,-3.9,21,3.1,64,3.3
S02000585,S02000658,22,4,11,30,-11,-18,8,67,45,21,0.2,28,-0.5,12,-0.4,39,0.4
S02000585,S02000660,4,0,0,0,-4,-4,-4,4,0,1,2.5,2,1.8,1,-0.9,2,-1.5
S02000585,S02000663,0,9,0,6,0,9,6,15,15,5,-2.2,6,1,3,-1.7,9,-0.9
S02000585,S02000664,3,0,0,0,-3,-3,-3,3,0,1,2.1,1,1.5,1,-0.7,2,-1.3
S02000585,S02000665,0,0,0,4,0,0,4,4,4,1,-1.1,2,-1.3,1,-0.9,2,1.1
S02000585,S02000667,0,3,0,0,0,3,0,3,3,1,-1,1,1.5,1,-0.7,2,-1.3
S02000585,S02000669,0,0,4,0,4,0,0,4,4,1,-1.1,2,-1.3,1,3.8,2,1.1
S02000585,S02000670,5,5,0,0,-5,0,-5,10,5,3,1.1,4,2.8,2,-1.4,6,-2.4
S02000585,S02000672,0,0,0,11,0,0,11,11,11,3,-1.9,5,-2.2,2,-1.4,6,1.9
S02000585,S02000675,0,0,0,3,0,0,3,3,3,1,-1,1,-1.1,1,-0.7,2,1
S02000585,S02000676,6,0,0,0,-6,-6,-6,6,0,2,3,3,2.2,1,-1.1,3,-1.9
S02000585,S02000689,0,0,0,5,0,0,5,5,5,2,-1.2,2,-1.5,1,-1,3,1.3
S02000585,S02000691,7,0,0,0,-7,-7,-7,7,0,2,3.3,3,2.3,1,-1.1,4,-2
S02000585,S02001010,3,0,0,0,-3,-3,-3,3,0,1,2.1,1,1.5,1,-0.7,2,-1.3
S02000585,S02001013,0,0,3,5,3,0,5,8,8,2,-1.6,3,-1.8,1,1.2,5,1.6
S02000585,S02001014,0,3,0,0,0,3,0,3,3,1,-1,1,1.5,1,-0.7,2,-1.3
S02000585,S02001015,0,5,0,0,0,5,0,5,5,2,-1.2,2,2,1,-1,3,-1.7
S02000585,S02001150,6,0,0,0,-6,-6,-6,6,0,2,3,3,2.2,1,-1.1,3,-1.9
S02000585,S02001153,3,0,0,0,-3,-3,-3,3,0,1,2.1,1,1.5,1,-0.7,2,-1.3
S02000585,S02001154,0,0,0,3,0,0,3,3,3,1,-1,1,-1.1,1,-0.7,2,1
S02000585,S02001158,0,0,0,3,0,0,3,3,3,1,-1,1,-1.1,1,-0.7,2,1
S02000585,S02001160,0,0,0,4,0,0,4,4,4,1,-1.1,2,-1.3,1,-0.9,2,1.1
S02000585,S02001161,7,5,0,6,-7,-2,-1,18,11,6,0.6,8,1.6,3,-1.8,10,-1.4
S02000585,S02001162,0,5,0,9,0,5,9,14,14,4,-2.1,6,-0.4,3,-1.6,8,0.3
S02000585,S02001185,0,0,0,3,0,0,3,3,3,1,-1,1,-1.1,1,-0.7,2,1
S02000586,S02000269,0,0,0,4,0,0,4,4,4,1,-1.1,2,-1.3,1,-0.9,2,1.1
S02000586,S02000282,0,5,0,0,0,5,0,5,5,2,-1.2,2,2,1,-1,3,-1.7
S02000586,S02000311,4,0,0,0,-4,-4,-4,4,0,1,2.5,2,1.8,1,-0.9,2,-1.5
S02000586,S02000312,0,0,0,3,0,0,3,3,3,1,-1,1,-1.1,1,-0.7,2,1
S02000586,S02000313,0,0,4,11,4,0,11,15,15,5,-2.2,6,-2.5,3,0.7,9,2.2
S02000586,S02000317,0,0,0,6,0,0,6,6,6,2,-1.4,3,-1.6,1,-1.1,3,1.4
S02000586,S02000318,6,0,0,5,-6,-6,-1,11,5,3,1.4,5,0.6,2,-1.4,6,-0.5
S02000586,S02000319,0,0,0,4,0,0,4,4,4,1,-1.1,2,-1.3,1,-0.9,2,1.1
S02000586,S02000322,0,0,0,7,0,0,7,7,7,2,-1.5,3,-1.7,1,-1.1,4,1.5
S02000586,S02000324,10,0,0,8,-10,-10,-2,18,8,6,1.9,8,0.8,3,-1.8,10,-0.7
S02000586,S02000326,3,0,0,0,-3,-3,-3,3,0,1,2.1,1,1.5,1,-0.7,2,-1.3
S02000586,S02000327,9,0,5,16,-4,-9,7,30,21,9,-0.1,13,-1.1,6,-0.2,17,0.9
S02000586,S02000328,9,0,0,13,-9,-9,4,22,13,7,0.8,9,-0.1,4,-2,13,0.1
S02000586,S02000329,4,0,0,0,-4,-4,-4,4,0,1,2.5,2,1.8,1,-0.9,2,-1.5
S02000586,S02000586,13,0,4,15,-9,-13,2,32,19,10,1,14,-0.2,6,-0.8,18,0.1
S02000586,S02000587,0,8,0,8,0,8,8,16,16,5,-2.2,7,0.5,3,-1.7,9,-0.4
S02000586,S02000590,5,0,4,49,-1,-5,44,58,53,18,-3.1,25,-4,11,-2.1,33,3.4
S02000586,S02000592,0,0,0,4,0,0,4,4,4,1,-1.1,2,-1.3,1,-0.9,2,1.1
S02000586,S02000593,0,0,0,3,0,0,3,3,3,1,-1,1,-1.1,1,-0.7,2,1
S02000586,S02000596,0,0,0,8,0,0,8,8,8,2,-1.6,3,-1.8,1,-1.2,5,1.6
S02000586,S02000597,13,5,8,49,-5,-8,36,75,62,23,-2.1,32,-2.5,14,-1.6,43,2.1
S02000586,S02000599,8,7,0,0,-8,-1,-8,15,7,5,1.5,6,3.4,3,-1.7,9,-2.9
S02000586,S02000601,5,3,0,4,-5,-2,-1,12,7,4,0.7,5,1.3,2,-1.5,7,-1.1
S02000586,S02000602,6,6,0,13,-6,0,7,25,19,8,-0.6,11,0.4,5,-2.2,14,-0.4
S02000586,S02000603,0,0,0,4,0,0,4,4,4,1,-1.1,2,-1.3,1,-0.9,2,1.1
S02000586,S02000606,0,0,0,3,0,0,3,3,3,1,-1,1,-1.1,1,-0.7,2,1
S02000586,S02000607,24,0,0,0,-24,-24,-24,24,0,7,6,10,4.3,4,-2.1,14,-3.7
S02000586,S02000608,12,0,0,0,-12,-12,-12,12,0,4,4.3,5,3.1,2,-1.5,7,-2.6
S02000586,S02000609,0,4,4,18,4,4,18,26,26,8,-2.8,11,-2.1,5,-0.4,15,1.8
S02000586,S02000610,0,0,0,5,0,0,5,5,5,2,-1.2,2,-1.5,1,-1,3,1.3
S02000586,S02000611,0,0,0,3,0,0,3,3,3,1,-1,1,-1.1,1,-0.7,2,1
S02000586,S02000614,0,0,0,4,0,0,4,4,4,1,-1.1,2,-1.3,1,-0.9,2,1.1
S02000586,S02000615,4,0,0,3,-4,-4,-1,7,3,2,1.2,3,0.6,1,-1.1,4,-0.5
S02000586,S02000616,0,4,4,4,4,4,4,12,12,4,-1.9,5,-0.5,2,1.2,7,0.4
S02000586,S02000617,3,0,0,4,-3,-3,1,7,4,2,0.6,3,0,1,-1.1,4,0
S02000586,S02000620,0,0,0,4,0,0,4,4,4,1,-1.1,2,-1.3,1,-0.9,2,1.1
S02000586,S02000622,0,0,0,11,0,0,11,11,11,3,-1.9,5,-2.2,2,-1.4,6,1.9
S02000586,S02000625,0,0,0,24,0,0,24,24,24,7,-2.7,10,-3.2,4,-2.1,14,2.7
S02000586,S02000627,4,0,0,8,-4,-4,4,12,8,4,0.1,5,-0.5,2,-1.5,7,0.4
S02000586,S02000628,5,0,0,4,-5,-5,-1,9,4,3,1.3,4,0.6,2,-1.3,5,-0.5
S02000586,S02000631,3,0,0,5,-3,-3,2,8,5,2,0.3,3,-0.2,1,-1.2,5,0.2
S02000586,S02000633,0,4,0,3,0,4,3,7,7,2,-1.5,3,0.6,1,-1.1,4,-0.5
S02000586,S02000634,17,4,7,25,-10,-13,8,53,36,17,0.1,23,-0.3,10,-0.9,30,0.3
S02000586,S02000637,0,0,0,3,0,0,3,3,3,1,-1,1,-1.1,1,-0.7,2,1
S02000586,S02000638,3,3,0,3,-3,0,0,9,6,3,0.1,4,1.1,2,-1.3,5,-1
S02000586,S02000642,5,0,5,11,0,-5,6,21,16,7,-0.6,9,-1.3,4,0.6,12,1.1
S02000586,S02000644,3,3,3,0,0,0,-3,9,6,3,0.1,4,1.1,2,1,5,-1
S02000586,S02000649,0,0,0,7,0,0,7,7,7,2,-1.5,3,-1.7,1,-1.1,4,1.5
S02000586,S02000651,0,0,3,0,3,0,0,3,3,1,-1,1,-1.1,1,3.3,2,1
S02000586,S02000655,52,10,108,36,56,-42,-16,206,154,64,-1.5,88,-2.7,38,11.3,118,2.4
S02000586,S02000656,10,9,0,16,-10,-1,6,35,25,11,-0.3,15,1.1,6,-2.5,20,-0.9
S02000586,S02000658,37,4,13,42,-24,-33,5,96,59,30,1.3,41,0,18,-1.1,55,0
S02000586,S02000659,4,0,4,5,0,-4,1,13,9,4,0,6,-0.7,2,1,7,0.6
S02000586,S02000660,40,4,0,8,-40,-36,-32,52,12,16,5.9,22,4.7,10,-3.1,30,-4
S02000586,S02000661,13,0,19,8,6,-13,-5,40,27,12,0.2,17,-1,7,4.3,23,0.8
S02000586,S02000663,0,0,0,3,0,0,3,3,3,1,-1,1,-1.1,1,-0.7,2,1
S02000586,S02000664,4,0,0,4,-4,-4,0,8,4,2,1,3,0.3,1,-1.2,5,-0.3
S02000586,S02000665,0,4,4,0,4,4,0,8,8,2,-1.6,3,0.3,1,2.1,5,-0.3
S02000586,S02000666,0,0,0,3,0,0,3,3,3,1,-1,1,-1.1,1,-0.7,2,1
S02000586,S02000668,0,0,0,3,0,0,3,3,3,1,-1,1,-1.1,1,-0.7,2,1
S02000586,S02000669,0,0,4,8,4,0,8,12,12,4,-1.9,5,-2.3,2,1.2,7,1.9
S02000586,S02000670,0,5,0,0,0,5,0,5,5,2,-1.2,2,2,1,-1,3,-1.7
S02000586,S02000672,0,0,4,6,4,0,6,10,10,3,-1.8,4,-2.1,2,1.6,6,1.8
S02000586,S02000675,3,0,0,0,-3,-3,-3,3,0,1,2.1,1,1.5,1,-0.7,2,-1.3
S02000586,S02000676,5,0,0,0,-5,-5,-5,5,0,2,2.8,2,2,1,-1,3,-1.7
S02000586,S02000684,0,9,0,6,0,9,6,15,15,5,-2.2,6,1,3,-1.7,9,-0.9
S02000586,S02000685,3,0,0,0,-3,-3,-3,3,0,1,2.1,1,1.5,1,-0.7,2,-1.3
S02000586,S02000688,3,0,0,0,-3,-3,-3,3,0,1,2.1,1,1.5,1,-0.7,2,-1.3
S02000586,S02000689,6,0,0,4,-6,-6,-2,10,4,3,1.6,4,0.8,2,-1.4,6,-0.7
S02000586,S02000692,0,0,0,3,0,0,3,3,3,1,-1,1,-1.1,1,-0.7,2,1
S02000586,S02000695,0,0,0,4,0,0,4,4,4,1,-1.1,2,-1.3,1,-0.9,2,1.1
S02000586,S02000701,3,0,0,0,-3,-3,-3,3,0,1,2.1,1,1.5,1,-0.7,2,-1.3
S02000586,S02000702,3,0,0,0,-3,-3,-3,3,0,1,2.1,1,1.5,1,-0.7,2,-1.3
S02000586,S02000715,3,0,0,0,-3,-3,-3,3,0,1,2.1,1,1.5,1,-0.7,2,-1.3
S02000586,S02000716,4,0,0,0,-4,-4,-4,4,0,1,2.5,2,1.8,1,-0.9,2,-1.5
S02000586,S02000991,3,0,0,0,-3,-3,-3,3,0,1,2.1,1,1.5,1,-0.7,2,-1.3
S02000586,S02000993,10,0,0,0,-10,-10,-10,10,0,3,3.9,4,2.8,2,-1.4,6,-2.4
S02000586,S02000999,0,0,0,6,0,0,6,6,6,2,-1.4,3,-1.6,1,-1.1,3,1.4
S02000586,S02001000,14,0,7,14,-7,-14,0,35,21,11,0.9,15,-0.2,6,0.2,20,0.2
S02000586,S02001003,3,0,0,0,-3,-3,-3,3,0,1,2.1,1,1.5,1,-0.7,2,-1.3
S02000586,S02001004,3,0,0,4,-3,-3,1,7,4,2,0.6,3,0,1,-1.1,4,0
S02000586,S02001007,3,0,0,0,-3,-3,-3,3,0,1,2.1,1,1.5,1,-0.7,2,-1.3
S02000586,S02001010,15,3,3,15,-12,-12,0,36,21,11,1.1,15,0.7,7,-1.4,21,-0.6
S02000586,S02001013,3,10,0,16,-3,7,13,29,26,9,-2,12,0.2,5,-2.3,17,-0.2
S02000586,S02001014,0,3,0,0,0,3,0,3,3,1,-1,1,1.5,1,-0.7,2,-1.3
S02000586,S02001015,0,15,0,0,0,15,0,15,15,5,-2.2,6,3.4,3,-1.7,9,-2.9
S02000586,S02001016,4,0,0,0,-4,-4,-4,4,0,1,2.5,2,1.8,1,-0.9,2,-1.5
S02000586,S02001018,0,0,0,5,0,0,5,5,5,2,-1.2,2,-1.5,1,-1,3,1.3
S02000586,S02001161,0,4,0,0,0,4,0,4,4,1,-1.1,2,1.8,1,-0.9,2,-1.5
S02000586,S02001162,0,0,0,3,0,0,3,3,3,1,-1,1,-1.1,1,-0.7,2,1
S02000586,S02001185,5,0,0,5,-5,-5,0,10,5,3,1.1,4,0.4,2,-1.4,6,-0.3
S02000587,S02000311,5,0,0,0,-5,-5,-5,5,0,2,2.8,2,2,1,-1,3,-1.7
S02000587,S02000312,0,0,0,3,0,0,3,3,3,1,-1,1,-1.1,1,-0.7,2,1
S02000587,S02000313,0,0,3,16,3,0,16,19,19,6,-2.4,8,-2.8,4,-0.3,11,2.4
S02000587,S02000316,3,3,0,0,-3,0,-3,6,3,2,0.8,3,2.2,1,-1.1,3,-1.9
S02000587,S02000318,18,0,0,15,-18,-18,-3,33,15,10,2.4,14,1.1,6,-2.5,19,-0.9
S02000587,S02000319,0,0,3,4,3,0,4,7,7,2,-1.5,3,-1.7,1,1.5,4,1.5
S02000587,S02000323,6,0,0,0,-6,-6,-6,6,0,2,3,3,2.2,1,-1.1,3,-1.9
S02000587,S02000324,10,10,8,20,-2,0,10,48,38,15,-1.3,20,-0.1,9,-0.3,28,0.1
S02000587,S02000327,12,3,0,20,-12,-9,8,35,23,11,0.3,15,0,6,-2.5,20,0
S02000587,S02000328,10,0,6,0,-4,-10,-10,16,6,5,2.2,7,1.2,3,1.8,9,-1.1
S02000587,S02000329,0,0,0,3,0,0,3,3,3,1,-1,1,-1.1,1,-0.7,2,1
S02000587,S02000586,5,0,3,4,-2,-5,-1,12,7,4,0.7,5,0,2,0.5,7,0
S02000587,S02000587,18,24,12,26,-6,6,8,80,62,25,-1.4,34,1.4,15,-0.7,46,-1.2
S02000587,S02000589,0,0,0,3,0,0,3,3,3,1,-1,1,-1.1,1,-0.7,2,1
S02000587,S02000590,5,0,0,36,-5,-5,31,41,36,13,-2.2,17,-3,8,-2.8,24,2.6
S02000587,S02000592,4,0,0,4,-4,-4,0,8,4,2,1,3,0.3,1,-1.2,5,-0.3
S02000587,S02000593,0,0,0,5,0,0,5,5,5,2,-1.2,2,-1.5,1,-1,3,1.3
S02000587,S02000594,4,14,0,5,-4,10,1,23,19,7,-1.2,10,2.6,4,-2.1,13,-2.3
S02000587,S02000596,0,0,0,4,0,0,4,4,4,1,-1.1,2,-1.3,1,-0.9,2,1.1
S02000587,S02000597,6,4,13,58,7,-2,52,81,75,25,-3.8,34,-4.2,15,-0.5,47,3.6
S02000587,S02000598,0,0,0,3,0,0,3,3,3,1,-1,1,-1.1,1,-0.7,2,1
S02000587,S02000599,5,4,0,3,-5,-1,-2,12,7,4,0.7,5,1.7,2,-1.5,7,-1.5
S02000587,S02000602,9,8,0,12,-9,-1,3,29,20,9,0,12,1.3,5,-2.3,17,-1.1
S02000587,S02000603,0,0,0,6,0,0,6,6,6,2,-1.4,3,-1.6,1,-1.1,3,1.4
S02000587,S02000604,4,0,0,0,-4,-4,-4,4,0,1,2.5,2,1.8,1,-0.9,2,-1.5
S02000587,S02000605,4,0,0,0,-4,-4,-4,4,0,1,2.5,2,1.8,1,-0.9,2,-1.5
S02000587,S02000607,8,0,0,0,-8,-8,-8,8,0,2,3.5,3,2.5,1,-1.2,5,-2.1
S02000587,S02000608,4,0,0,0,-4,-4,-4,4,0,1,2.5,2,1.8,1,-0.9,2,-1.5
S02000587,S02000609,0,0,3,11,3,0,11,14,14,4,-2.1,6,-2.4,3,0.3,8,2.1
S02000587,S02000610,0,7,0,9,0,7,9,16,16,5,-2.2,7,0.1,3,-1.7,9,-0.1
S02000587,S02000612,0,0,0,8,0,0,8,8,8,2,-1.6,3,-1.8,1,-1.2,5,1.6
S02000587,S02000614,7,0,0,0,-7,-7,-7,7,0,2,3.3,3,2.3,1,-1.1,4,-2
S02000587,S02000615,5,0,0,0,-5,-5,-5,5,0,2,2.8,2,2,1,-1,3,-1.7
S02000587,S02000616,3,0,0,0,-3,-3,-3,3,0,1,2.1,1,1.5,1,-0.7,2,-1.3
S02000587,S02000617,6,0,0,0,-6,-6,-6,6,0,2,3,3,2.2,1,-1.1,3,-1.9
S02000587,S02000622,3,0,0,0,-3,-3,-3,3,0,1,2.1,1,1.5,1,-0.7,2,-1.3
S02000587,S02000624,5,0,0,0,-5,-5,-5,5,0,2,2.8,2,2,1,-1,3,-1.7
S02000587,S02000625,3,3,0,17,-3,0,14,23,20,7,-1.6,10,-1.2,4,-2.1,13,1
S02000587,S02000627,0,0,0,5,0,0,5,5,5,2,-1.2,2,-1.5,1,-1,3,1.3
S02000587,S02000628,8,3,0,4,-8,-5,-4,15,7,5,1.5,6,1.8,3,-1.7,9,-1.6
S02000587,S02000633,0,0,0,3,0,0,3,3,3,1,-1,1,-1.1,1,-0.7,2,1
S02000587,S02000634,22,4,0,10,-22,-18,-12,36,14,11,3.2,15,2.7,7,-2.6,21,-2.4
S02000587,S02000638,0,3,0,0,0,3,0,3,3,1,-1,1,1.5,1,-0.7,2,-1.3
S02000587,S02000642,5,0,0,0,-5,-5,-5,5,0,2,2.8,2,2,1,-1,3,-1.7
S02000587,S02000644,5,0,0,0,-5,-5,-5,5,0,2,2.8,2,2,1,-1,3,-1.7
S02000587,S02000648,0,3,0,0,0,3,0,3,3,1,-1,1,1.5,1,-0.7,2,-1.3
S02000587,S02000651,0,0,5,0,5,0,0,5,5,2,-1.2,2,-1.5,1,4.2,3,1.3
S02000587,S02000655,34,6,82,56,48,-28,22,178,144,55,-2.9,76,-4.1,33,8.6,102,3.5
S02000587,S02000656,6,10,4,6,-2,4,0,26,20,8,-0.7,11,1.5,5,-0.4,15,-1.3
S02000587,S02000658,29,7,13,46,-16,-22,17,95,66,30,-0.1,40,-0.7,18,-1.1,55,0.6
S02000587,S02000659,0,0,3,0,3,0,0,3,3,1,-1,1,-1.1,1,3.3,2,1
S02000587,S02000660,16,0,0,5,-16,-16,-11,21,5,7,3.7,9,2.4,4,-2,12,-2
S02000587,S02000661,3,0,3,8,0,-3,5,14,11,4,-0.7,6,-1.2,3,0.3,8,1
S02000587,S02000663,0,6,0,0,0,6,0,6,6,2,-1.4,3,2.2,1,-1.1,3,-1.9
S02000587,S02000666,0,0,0,3,0,0,3,3,3,1,-1,1,-1.1,1,-0.7,2,1
S02000587,S02000668,0,0,0,3,0,0,3,3,3,1,-1,1,-1.1,1,-0.7,2,1
S02000587,S02000669,0,0,3,4,3,0,4,7,7,2,-1.5,3,-1.7,1,1.5,4,1.5
S02000587,S02000670,8,0,0,0,-8,-8,-8,8,0,2,3.5,3,2.5,1,-1.2,5,-2.1
S02000587,S02000672,0,0,4,12,4,0,12,16,16,5,-2.2,7,-2.6,3,0.6,9,2.2
S02000587,S02000676,3,4,0,0,-3,1,-3,7,4,2,0.6,3,2.3,1,-1.1,4,-2
S02000587,S02000684,3,5,0,0,-3,2,-3,8,5,2,0.3,3,2.5,1,-1.2,5,-2.1
S02000587,S02000689,5,0,0,3,-5,-5,-2,8,3,2,1.6,3,0.9,1,-1.2,5,-0.7
S02000587,S02000691,3,0,0,0,-3,-3,-3,3,0,1,2.1,1,1.5,1,-0.7,2,-1.3
S02000587,S02001000,6,4,3,10,-3,-2,4,23,17,7,-0.4,10,0.1,4,-0.6,13,-0.1
S02000587,S02001010,4,0,0,10,-4,-4,6,14,10,4,-0.2,6,-0.8,3,-1.6,8,0.7
S02000587,S02001013,3,5,5,16,2,2,13,29,26,9,-2,12,-1.2,5,-0.2,17,1.1
S02000587,S02001015,0,9,5,0,5,9,0,14,14,4,-2.1,6,1.2,3,1.5,8,-1.1
S02000587,S02001185,6,0,0,5,-6,-6,-1,11,5,3,1.4,5,0.6,2,-1.4,6,-0.5
S02000588,S02000584,0,3,0,3,0,3,3,6,6,2,-1.4,3,0.3,1,-1.1,3,-0.2
S02000588,S02000585,15,8,0,17,-15,-7,2,40,25,12,0.7,17,1.5,7,-2.7,23,-1.2
S02000588,S02000588,36,16,15,37,-21,-20,1,104,68,32,0.6,44,1.2,19,-1,60,-1
S02000588,S02000589,4,0,0,5,-4,-4,1,9,5,3,0.7,4,0.1,2,-1.3,5,-0.1
S02000588,S02000593,0,0,0,4,0,0,4,4,4,1,-1.1,2,-1.3,1,-0.9,2,1.1
S02000588,S02000595,0,0,0,7,0,0,7,7,7,2,-1.5,3,-1.7,1,-1.1,4,1.5
S02000588,S02000596,3,0,0,0,-3,-3,-3,3,0,1,2.1,1,1.5,1,-0.7,2,-1.3
S02000588,S02000597,0,0,0,3,0,0,3,3,3,1,-1,1,-1.1,1,-0.7,2,1
S02000588,S02000599,6,7,0,3,-6,1,-3,16,10,5,0.5,7,2.4,3,-1.7,9,-2
S02000588,S02000603,0,5,6,13,6,5,13,24,24,7,-2.7,10,-1.6,4,0.7,14,1.4
S02000588,S02000604,4,0,0,3,-4,-4,-1,7,3,2,1.2,3,0.6,1,-1.1,4,-0.5
S02000588,S02000607,25,0,0,6,-25,-25,-19,31,6,10,4.9,13,3.3,6,-2.4,18,-2.8
S02000588,S02000608,4,0,0,0,-4,-4,-4,4,0,1,2.5,2,1.8,1,-0.9,2,-1.5
S02000588,S02000609,0,3,0,13,0,3,13,16,16,5,-2.2,7,-1.5,3,-1.7,9,1.3
S02000588,S02000610,0,3,0,22,0,3,22,25,25,8,-2.8,11,-2.3,5,-2.2,14,2
S02000588,S02000611,5,18,0,13,-5,13,8,36,31,11,-1.9,15,2,7,-2.6,21,-1.7
S02000588,S02000614,3,0,0,0,-3,-3,-3,3,0,1,2.1,1,1.5,1,-0.7,2,-1.3
S02000588,S02000615,4,3,0,3,-4,-1,-1,10,6,3,0.5,4,1.3,2,-1.4,6,-1.1
S02000588,S02000616,6,0,0,0,-6,-6,-6,6,0,2,3,3,2.2,1,-1.1,3,-1.9
S02000588,S02000618,3,0,0,0,-3,-3,-3,3,0,1,2.1,1,1.5,1,-0.7,2,-1.3
S02000588,S02000625,0,0,0,3,0,0,3,3,3,1,-1,1,-1.1,1,-0.7,2,1
S02000588,S02000628,3,4,4,8,1,1,5,19,16,6,-1.2,8,-0.4,4,0.3,11,0.3
S02000588,S02000633,9,8,0,19,-9,-1,10,36,27,11,-0.7,15,0.4,7,-2.6,21,-0.4
S02000588,S02000634,16,0,0,8,-16,-16,-8,24,8,7,3.1,10,1.8,4,-2.1,14,-1.6
S02000588,S02000635,7,0,0,6,-7,-7,-1,13,6,4,1.5,6,0.6,2,-1.6,7,-0.5
S02000588,S02000646,0,0,3,0,3,0,0,3,3,1,-1,1,-1.1,1,3.3,2,1
S02000588,S02000651,0,0,4,0,4,0,0,4,4,1,-1.1,2,-1.3,1,3.8,2,1.1
S02000588,S02000655,15,7,75,58,60,-8,43,155,140,48,-4.8,66,-5.4,29,8.7,89,4.7
S02000588,S02000656,6,10,3,0,-3,4,-6,19,13,6,0,8,2.8,4,-0.3,11,-2.4
S02000588,S02000658,26,4,9,35,-17,-22,9,74,48,23,0.6,31,-0.3,14,-1.3,43,0.2
S02000588,S02000659,6,0,0,0,-6,-6,-6,6,0,2,3,3,2.2,1,-1.1,3,-1.9
S02000588,S02000660,4,0,0,3,-4,-4,-1,7,3,2,1.2,3,0.6,1,-1.1,4,-0.5
S02000588,S02000661,0,0,3,7,3,0,7,10,10,3,-1.8,4,-2.1,2,0.8,6,1.8
S02000588,S02000664,4,0,0,0,-4,-4,-4,4,0,1,2.5,2,1.8,1,-0.9,2,-1.5
S02000588,S02000667,3,0,0,0,-3,-3,-3,3,0,1,2.1,1,1.5,1,-0.7,2,-1.3
S02000588,S02000669,0,0,3,0,3,0,0,3,3,1,-1,1,-1.1,1,3.3,2,1
S02000588,S02000670,4,8,0,0,-4,4,-4,12,8,4,0.1,5,3.1,2,-1.5,7,-2.6
S02000588,S02000672,0,0,0,3,0,0,3,3,3,1,-1,1,-1.1,1,-0.7,2,1
S02000588,S02000675,3,0,0,0,-3,-3,-3,3,0,1,2.1,1,1.5,1,-0.7,2,-1.3
S02000588,S02000676,0,0,0,3,0,0,3,3,3,1,-1,1,-1.1,1,-0.7,2,1
S02000588,S02000688,0,0,0,3,0,0,3,3,3,1,-1,1,-1.1,1,-0.7,2,1
S02000588,S02000689,3,0,0,0,-3,-3,-3,3,0,1,2.1,1,1.5,1,-0.7,2,-1.3
S02000588,S02000691,3,0,0,0,-3,-3,-3,3,0,1,2.1,1,1.5,1,-0.7,2,-1.3
S02000588,S02000701,3,5,0,0,-3,2,-3,8,5,2,0.3,3,2.5,1,-1.2,5,-2.1
S02000588,S02000711,0,3,0,0,0,3,0,3,3,1,-1,1,1.5,1,-0.7,2,-1.3
S02000588,S02001010,5,0,0,0,-5,-5,-5,5,0,2,2.8,2,2,1,-1,3,-1.7
S02000588,S02001013,0,0,0,4,0,0,4,4,4,1,-1.1,2,-1.3,1,-0.9,2,1.1
S02000588,S02001150,5,0,0,0,-5,-5,-5,5,0,2,2.8,2,2,1,-1,3,-1.7
S02000588,S02001153,4,3,0,8,-4,-1,4,15,11,5,-0.3,6,0.2,3,-1.7,9,-0.2
S02000588,S02001154,0,0,0,6,0,0,6,6,6,2,-1.4,3,-1.6,1,-1.1,3,1.4
S02000588,S02001158,0,0,0,7,0,0,7,7,7,2,-1.5,3,-1.7,1,-1.1,4,1.5
S02000588,S02001159,0,0,0,3,0,0,3,3,3,1,-1,1,-1.1,1,-0.7,2,1
S02000588,S02001161,12,4,0,17,-12,-8,5,33,21,10,0.5,14,0.5,6,-2.5,19,-0.5
S02000588,S02001162,4,4,0,7,-4,0,3,15,11,5,-0.3,6,0.6,3,-1.7,9,-0.6
S02000589,S02000264,0,0,0,4,0,0,4,4,4,1,-1.1,2,-1.3,1,-0.9,2,1.1
S02000589,S02000310,0,3,0,0,0,3,0,3,3,1,-1,1,1.5,1,-0.7,2,-1.3
S02000589,S02000317,3,0,0,0,-3,-3,-3,3,0,1,2.1,1,1.5,1,-0.7,2,-1.3
S02000589,S02000327,0,0,0,4,0,0,4,4,4,1,-1.1,2,-1.3,1,-0.9,2,1.1
S02000589,S02000584,10,8,0,7,-10,-2,-3,25,15,8,0.8,11,2.3,5,-2.2,14,-1.9
S02000589,S02000585,11,0,5,10,-6,-11,-1,26,15,8,1,11,0,5,0.1,15,0
S02000589,S02000588,29,4,14,31,-15,-25,2,78,49,24,1,33,0,14,-0.1,45,0
S02000589,S02000589,18,0,3,18,-15,-18,0,39,21,12,1.7,17,0.3,7,-1.6,22,-0.3
S02000589,S02000590,3,0,0,0,-3,-3,-3,3,0,1,2.1,1,1.5,1,-0.7,2,-1.3
S02000589,S02000591,0,0,0,8,0,0,8,8,8,2,-1.6,3,-1.8,1,-1.2,5,1.6
S02000589,S02000593,3,6,0,7,-3,3,4,16,13,5,-0.9,7,0.8,3,-1.7,9,-0.7
S02000589,S02000599,16,4,0,6,-16,-12,-10,26,10,8,2.8,11,2.7,5,-2.2,15,-2.3
S02000589,S02000602,4,0,0,11,-4,-4,7,15,11,5,-0.3,6,-0.9,3,-1.7,9,0.8
S02000589,S02000603,5,0,0,13,-5,-5,8,18,13,6,-0.3,8,-1,3,-1.8,10,0.8
S02000589,S02000604,6,0,0,0,-6,-6,-6,6,0,2,3,3,2.2,1,-1.1,3,-1.9
S02000589,S02000607,33,0,0,13,-33,-33,-20,46,13,14,4.9,20,3,9,-2.9,26,-2.6
S02000589,S02000610,12,4,3,42,-9,-8,30,61,49,19,-1.6,26,-2,11,-2.5,35,1.7
S02000589,S02000611,3,3,0,4,-3,0,1,10,7,3,-0.1,4,0.8,2,-1.4,6,-0.7
S02000589,S02000614,0,0,0,5,0,0,5,5,5,2,-1.2,2,-1.5,1,-1,3,1.3
S02000589,S02000615,0,0,0,9,0,0,9,9,9,3,-1.7,4,-2,2,-1.3,5,1.7
S02000589,S02000616,8,0,0,5,-8,-8,-3,13,5,4,2,6,1.1,2,-1.6,7,-0.9
S02000589,S02000619,0,0,0,3,0,0,3,3,3,1,-1,1,-1.1,1,-0.7,2,1
S02000589,S02000621,3,0,0,3,-3,-3,0,6,3,2,0.8,3,0.3,1,-1.1,3,-0.2
S02000589,S02000622,0,0,0,5,0,0,5,5,5,2,-1.2,2,-1.5,1,-1,3,1.3
S02000589,S02000624,0,0,0,3,0,0,3,3,3,1,-1,1,-1.1,1,-0.7,2,1
S02000589,S02000627,0,0,0,4,0,0,4,4,4,1,-1.1,2,-1.3,1,-0.9,2,1.1
S02000589,S02000628,16,0,5,6,-11,-16,-10,27,11,8,2.6,11,1.3,5,0,16,-1.1
S02000589,S02000631,5,0,0,0,-5,-5,-5,5,0,2,2.8,2,2,1,-1,3,-1.7
S02000589,S02000632,0,0,0,3,0,0,3,3,3,1,-1,1,-1.1,1,-0.7,2,1
S02000589,S02000633,4,4,3,5,-1,0,1,16,12,5,-0.4,7,0.5,3,0,9,-0.4
S02000589,S02000634,21,5,4,10,-17,-16,-11,40,19,12,2.4,17,2.2,7,-1.2,23,-1.9
S02000589,S02000635,6,0,0,10,-6,-6,4,16,10,5,0.5,7,-0.3,3,-1.7,9,0.3
S02000589,S02000642,5,3,0,0,-5,-2,-5,8,3,2,1.6,3,2.5,1,-1.2,5,-2.1
S02000589,S02000644,3,4,3,0,0,1,-3,10,7,3,-0.1,4,1.3,2,0.8,6,-1.1
S02000589,S02000646,0,0,0,5,0,0,5,5,5,2,-1.2,2,-1.5,1,-1,3,1.3
S02000589,S02000651,0,0,4,3,4,0,3,7,7,2,-1.5,3,-1.7,1,2.4,4,1.5
S02000589,S02000655,43,11,111,67,68,-32,24,232,189,72,-3.4,99,-4.5,43,10.4,133,3.9
S02000589,S02000656,8,6,0,3,-8,-2,-5,17,9,5,1.2,7,2.5,3,-1.8,10,-2.2
S02000589,S02000658,37,6,9,37,-28,-31,0,89,52,28,1.8,38,0.8,16,-1.8,51,-0.7
S02000589,S02000659,0,0,3,0,3,0,0,3,3,1,-1,1,-1.1,1,3.3,2,1
S02000589,S02000660,16,0,0,5,-16,-16,-11,21,5,7,3.7,9,2.4,4,-2,12,-2
S02000589,S02000661,8,0,7,8,-1,-8,0,23,15,7,0.3,10,-0.6,4,1.3,13,0.5
S02000589,S02000663,0,0,0,4,0,0,4,4,4,1,-1.1,2,-1.3,1,-0.9,2,1.1
S02000589,S02000670,4,11,0,4,-4,7,0,19,15,6,-0.8,8,2.4,4,-1.9,11,-2.1
S02000589,S02000672,0,0,0,10,0,0,10,10,10,3,-1.8,4,-2.1,2,-1.4,6,1.8
S02000589,S02000676,5,0,0,3,-5,-5,-2,8,3,2,1.6,3,0.9,1,-1.2,5,-0.7
S02000589,S02000680,0,0,0,4,0,0,4,4,4,1,-1.1,2,-1.3,1,-0.9,2,1.1
S02000589,S02000681,0,0,0,5,0,0,5,5,5,2,-1.2,2,-1.5,1,-1,3,1.3
S02000589,S02000684,0,4,0,0,0,4,0,4,4,1,-1.1,2,1.8,1,-0.9,2,-1.5
S02000589,S02000688,0,0,0,5,0,0,5,5,5,2,-1.2,2,-1.5,1,-1,3,1.3
S02000589,S02000689,3,0,0,0,-3,-3,-3,3,0,1,2.1,1,1.5,1,-0.7,2,-1.3
S02000589,S02000691,5,0,0,0,-5,-5,-5,5,0,2,2.8,2,2,1,-1,3,-1.7
S02000589,S02000692,0,0,0,3,0,0,3,3,3,1,-1,1,-1.1,1,-0.7,2,1
S02000589,S02001000,3,0,0,8,-3,-3,5,11,8,3,-0.2,5,-0.8,2,-1.4,6,0.7
S02000589,S02001010,9,0,0,4,-9,-9,-5,13,4,4,2.5,6,1.5,2,-1.6,7,-1.3
S02000589,S02001013,0,6,0,5,0,6,5,11,11,3,-1.9,5,0.6,2,-1.4,6,-0.5
S02000589,S02001015,0,5,0,0,0,5,0,5,5,2,-1.2,2,2,1,-1,3,-1.7
S02000589,S02001150,4,0,0,0,-4,-4,-4,4,0,1,2.5,2,1.8,1,-0.9,2,-1.5
S02000589,S02001158,0,0,0,4,0,0,4,4,4,1,-1.1,2,-1.3,1,-0.9,2,1.1
S02000589,S02001161,12,5,0,7,-12,-7,-5,24,12,7,1.7,10,2.1,4,-2.1,14,-1.8
S02000589,S02001162,0,8,3,6,3,8,6,17,17,5,-2.3,7,0.3,3,-0.1,10,-0.2
S02000589,S02001185,3,0,0,0,-3,-3,-3,3,0,1,2.1,1,1.5,1,-0.7,2,-1.3
S02000590,S02000313,5,0,0,4,-5,-5,-1,9,4,3,1.3,4,0.6,2,-1.3,5,-0.5
S02000590,S02000318,3,0,0,0,-3,-3,-3,3,0,1,2.1,1,1.5,1,-0.7,2,-1.3
S02000590,S02000324,0,3,0,4,0,3,4,7,7,2,-1.5,3,0,1,-1.1,4,0
S02000590,S02000327,0,7,0,16,0,7,16,23,23,7,-2.7,10,-0.9,4,-2.1,13,0.8
S02000590,S02000328,0,3,0,3,0,3,3,6,6,2,-1.4,3,0.3,1,-1.1,3,-0.2
S02000590,S02000586,8,0,0,4,-8,-8,-4,12,4,4,2.2,5,1.3,2,-1.5,7,-1.1
S02000590,S02000587,4,5,0,5,-4,1,1,14,10,4,-0.2,6,1.2,3,-1.6,8,-1.1
S02000590,S02000590,17,3,4,51,-13,-14,34,75,58,23,-1.3,32,-2.1,14,-2.7,43,1.8
S02000590,S02000592,0,0,0,6,0,0,6,6,6,2,-1.4,3,-1.6,1,-1.1,3,1.4
S02000590,S02000594,0,5,0,3,0,5,3,8,8,2,-1.6,3,0.9,1,-1.2,5,-0.7
S02000590,S02000596,0,0,0,3,0,0,3,3,3,1,-1,1,-1.1,1,-0.7,2,1
S02000590,S02000597,9,0,4,21,-5,-9,12,34,25,11,-0.5,14,-1.4,6,-0.9,20,1.2
S02000590,S02000599,0,3,0,0,0,3,0,3,3,1,-1,1,1.5,1,-0.7,2,-1.3
S02000590,S02000601,7,0,0,0,-7,-7,-7,7,0,2,3.3,3,2.3,1,-1.1,4,-2
S02000590,S02000602,5,3,0,14,-5,-2,9,22,17,7,-0.7,9,-0.4,4,-2,13,0.4
S02000590,S02000603,3,0,0,4,-3,-3,1,7,4,2,0.6,3,0,1,-1.1,4,0
S02000590,S02000607,9,0,3,0,-6,-9,-9,12,3,4,2.7,5,1.7,2,0.5,7,-1.5
S02000590,S02000608,6,0,0,3,-6,-6,-3,9,3,3,1.9,4,1.1,2,-1.3,5,-1
S02000590,S02000609,0,0,0,6,0,0,6,6,6,2,-1.4,3,-1.6,1,-1.1,3,1.4
S02000590,S02000612,0,0,0,3,0,0,3,3,3,1,-1,1,-1.1,1,-0.7,2,1
S02000590,S02000614,5,0,0,0,-5,-5,-5,5,0,2,2.8,2,2,1,-1,3,-1.7
S02000590,S02000615,5,0,0,3,-5,-5,-2,8,3,2,1.6,3,0.9,1,-1.2,5,-0.7
S02000590,S02000617,0,0,0,3,0,0,3,3,3,1,-1,1,-1.1,1,-0.7,2,1
S02000590,S02000621,6,0,0,3,-6,-6,-3,9,3,3,1.9,4,1.1,2,-1.3,5,-1
S02000590,S02000622,0,0,0,5,0,0,5,5,5,2,-1.2,2,-1.5,1,-1,3,1.3
S02000590,S02000625,0,0,0,8,0,0,8,8,8,2,-1.6,3,-1.8,1,-1.2,5,1.6
S02000590,S02000627,3,0,0,3,-3,-3,0,6,3,2,0.8,3,0.3,1,-1.1,3,-0.2
S02000590,S02000628,7,0,0,3,-7,-7,-4,10,3,3,2.2,4,1.3,2,-1.4,6,-1.1
S02000590,S02000631,0,0,0,7,0,0,7,7,7,2,-1.5,3,-1.7,1,-1.1,4,1.5
S02000590,S02000633,0,0,0,3,0,0,3,3,3,1,-1,1,-1.1,1,-0.7,2,1
S02000590,S02000634,20,3,0,6,-20,-17,-14,29,9,9,3.6,12,3,5,-2.3,17,-2.6
S02000590,S02000638,0,0,0,3,0,0,3,3,3,1,-1,1,-1.1,1,-0.7,2,1
S02000590,S02000641,0,3,0,0,0,3,0,3,3,1,-1,1,1.5,1,-0.7,2,-1.3
S02000590,S02000642,4,0,0,0,-4,-4,-4,4,0,1,2.5,2,1.8,1,-0.9,2,-1.5
S02000590,S02000644,4,0,0,0,-4,-4,-4,4,0,1,2.5,2,1.8,1,-0.9,2,-1.5
S02000590,S02000649,0,0,4,0,4,0,0,4,4,1,-1.1,2,-1.3,1,3.8,2,1.1
S02000590,S02000651,0,0,4,0,4,0,0,4,4,1,-1.1,2,-1.3,1,3.8,2,1.1
S02000590,S02000655,32,8,55,22,23,-24,-10,117,85,36,-0.7,50,-1.4,22,7.2,67,1.2
S02000590,S02000656,5,5,3,4,-2,0,-1,17,12,5,-0.1,7,1,3,-0.1,10,-0.9
S02000590,S02000658,11,3,10,16,-1,-8,5,40,29,12,-0.4,17,-0.7,7,1,23,0.6
S02000590,S02000659,0,0,4,3,4,0,3,7,7,2,-1.5,3,-1.7,1,2.4,4,1.5
S02000590,S02000660,16,0,0,4,-16,-16,-12,20,4,6,3.9,9,2.6,4,-1.9,11,-2.2
S02000590,S02000661,4,0,3,6,-1,-4,2,13,9,4,0,6,-0.7,2,0.4,7,0.6
S02000590,S02000665,0,0,0,3,0,0,3,3,3,1,-1,1,-1.1,1,-0.7,2,1
S02000590,S02000666,4,0,0,0,-4,-4,-4,4,0,1,2.5,2,1.8,1,-0.9,2,-1.5
S02000590,S02000669,0,0,0,5,0,0,5,5,5,2,-1.2,2,-1.5,1,-1,3,1.3
S02000590,S02000670,0,3,0,0,0,3,0,3,3,1,-1,1,1.5,1,-0.7,2,-1.3
S02000590,S02000672,0,0,0,3,0,0,3,3,3,1,-1,1,-1.1,1,-0.7,2,1
S02000590,S02000676,0,0,0,6,0,0,6,6,6,2,-1.4,3,-1.6,1,-1.1,3,1.4
S02000590,S02000684,0,0,0,5,0,0,5,5,5,2,-1.2,2,-1.5,1,-1,3,1.3
S02000590,S02000689,6,0,0,0,-6,-6,-6,6,0,2,3,3,2.2,1,-1.1,3,-1.9
S02000590,S02000691,4,0,0,0,-4,-4,-4,4,0,1,2.5,2,1.8,1,-0.9,2,-1.5
S02000590,S02000697,3,0,0,0,-3,-3,-3,3,0,1,2.1,1,1.5,1,-0.7,2,-1.3
S02000590,S02000702,0,0,5,0,5,0,0,5,5,2,-1.2,2,-1.5,1,4.2,3,1.3
S02000590,S02000993,5,0,0,0,-5,-5,-5,5,0,2,2.8,2,2,1,-1,3,-1.7
S02000590,S02001000,3,0,0,8,-3,-3,5,11,8,3,-0.2,5,-0.8,2,-1.4,6,0.7
S02000590,S02001010,9,4,0,0,-9,-5,-9,13,4,4,2.5,6,3.2,2,-1.6,7,-2.7
S02000590,S02001013,4,3,0,15,-4,-1,11,22,18,7,-1.1,9,-0.8,4,-2,13,0.7
S02000590,S02001015,0,4,0,0,0,4,0,4,4,1,-1.1,2,1.8,1,-0.9,2,-1.5
S02000590,S02001161,0,3,0,0,0,3,0,3,3,1,-1,1,1.5,1,-0.7,2,-1.3
S02000590,S02001162,0,0,0,4,0,0,4,4,4,1,-1.1,2,-1.3,1,-0.9,2,1.1
S02000590,S02001185,0,0,4,0,4,0,0,4,4,1,-1.1,2,-1.3,1,3.8,2,1.1
S02000591,S02000312,0,0,0,3,0,0,3,3,3,1,-1,1,-1.1,1,-0.7,2,1
S02000591,S02000318,0,0,0,3,0,0,3,3,3,1,-1,1,-1.1,1,-0.7,2,1
S02000591,S02000324,0,4,0,6,0,4,6,10,10,3,-1.8,4,-0.1,2,-1.4,6,0.1
S02000591,S02000327,4,0,0,0,-4,-4,-4,4,0,1,2.5,2,1.8,1,-0.9,2,-1.5
S02000591,S02000328,0,5,0,0,0,5,0,5,5,2,-1.2,2,2,1,-1,3,-1.7
S02000591,S02000584,4,0,0,0,-4,-4,-4,4,0,1,2.5,2,1.8,1,-0.9,2,-1.5
S02000591,S02000585,0,0,0,4,0,0,4,4,4,1,-1.1,2,-1.3,1,-0.9,2,1.1
S02000591,S02000587,0,3,0,0,0,3,0,3,3,1,-1,1,1.5,1,-0.7,2,-1.3
S02000591,S02000588,8,0,0,6,-8,-8,-2,14,6,4,1.7,6,0.8,3,-1.6,8,-0.7
S02000591,S02000589,3,0,0,6,-3,-3,3,9,6,3,0.1,4,-0.4,2,-1.3,5,0.4
S02000591,S02000590,0,0,0,4,0,0,4,4,4,1,-1.1,2,-1.3,1,-0.9,2,1.1
S02000591,S02000591,3,0,0,7,-3,-3,4,10,7,3,-0.1,4,-0.6,2,-1.4,6,0.5
S02000591,S02000593,5,0,0,10,-5,-5,5,15,10,5,0.2,6,-0.5,3,-1.7,9,0.5
S02000591,S02000595,3,5,3,8,0,2,5,19,16,6,-1.2,8,0,4,-0.3,11,0
S02000591,S02000597,4,0,3,3,-1,-4,-1,10,6,3,0.5,4,-0.1,2,0.8,6,0.1
S02000591,S02000598,3,0,0,4,-3,-3,1,7,4,2,0.6,3,0,1,-1.1,4,0
S02000591,S02000599,15,6,0,19,-15,-9,4,40,25,12,0.7,17,1,7,-2.7,23,-0.8
S02000591,S02000602,7,0,0,4,-7,-7,-3,11,4,3,1.9,5,1.1,2,-1.4,6,-0.9
S02000591,S02000603,7,0,3,15,-4,-7,8,25,18,8,-0.3,11,-1.1,5,-0.8,14,1
S02000591,S02000604,0,0,0,5,0,0,5,5,5,2,-1.2,2,-1.5,1,-1,3,1.3
S02000591,S02000607,35,3,3,0,-32,-32,-35,41,6,13,6.2,17,4.9,8,-1.7,24,-4.2
S02000591,S02000608,7,0,0,0,-7,-7,-7,7,0,2,3.3,3,2.3,1,-1.1,4,-2
S02000591,S02000609,0,0,3,6,3,0,6,9,9,3,-1.7,4,-2,2,1,5,1.7
S02000591,S02000610,4,4,0,6,-4,0,2,14,10,4,-0.2,6,0.8,3,-1.6,8,-0.7
S02000591,S02000611,0,9,0,0,0,9,0,9,9,3,-1.7,4,2.6,2,-1.3,5,-2.3
S02000591,S02000614,0,0,0,6,0,0,6,6,6,2,-1.4,3,-1.6,1,-1.1,3,1.4
S02000591,S02000615,5,4,0,9,-5,-1,4,18,13,6,-0.3,8,0.5,3,-1.8,10,-0.4
S02000591,S02000616,3,0,0,6,-3,-3,3,9,6,3,0.1,4,-0.4,2,-1.3,5,0.4
S02000591,S02000628,4,0,0,8,-4,-4,4,12,8,4,0.1,5,-0.5,2,-1.5,7,0.4
S02000591,S02000631,0,3,0,0,0,3,0,3,3,1,-1,1,1.5,1,-0.7,2,-1.3
S02000591,S02000633,3,0,0,0,-3,-3,-3,3,0,1,2.1,1,1.5,1,-0.7,2,-1.3
S02000591,S02000634,12,0,6,0,-6,-12,-12,18,6,6,2.7,8,1.6,3,1.5,10,-1.4
S02000591,S02000635,0,0,0,3,0,0,3,3,3,1,-1,1,-1.1,1,-0.7,2,1
S02000591,S02000637,0,0,0,3,0,0,3,3,3,1,-1,1,-1.1,1,-0.7,2,1
S02000591,S02000638,5,0,0,3,-5,-5,-2,8,3,2,1.6,3,0.9,1,-1.2,5,-0.7
S02000591,S02000647,4,0,0,0,-4,-4,-4,4,0,1,2.5,2,1.8,1,-0.9,2,-1.5
S02000591,S02000651,0,6,3,0,3,6,0,9,9,3,-1.7,4,1.1,2,1,5,-1
S02000591,S02000655,36,8,85,51,49,-28,15,180,144,56,-2.7,77,-3.7,33,9,103,3.2
S02000591,S02000656,4,6,0,3,-4,2,-1,13,9,4,0,6,1.9,2,-1.6,7,-1.6
S02000591,S02000658,41,4,6,46,-35,-37,5,97,56,30,2,41,0.6,18,-2.8,56,-0.5
S02000591,S02000660,18,0,0,0,-18,-18,-18,18,0,6,5.2,8,3.7,3,-1.8,10,-3.2
S02000591,S02000661,13,0,4,3,-9,-13,-10,20,7,6,2.7,9,1.5,4,0.2,11,-1.3
S02000591,S02000664,0,0,0,3,0,0,3,3,3,1,-1,1,-1.1,1,-0.7,2,1
S02000591,S02000665,0,0,3,3,3,0,3,6,6,2,-1.4,3,-1.6,1,1.8,3,1.4
S02000591,S02000666,0,0,0,5,0,0,5,5,5,2,-1.2,2,-1.5,1,-1,3,1.3
S02000591,S02000668,0,0,0,4,0,0,4,4,4,1,-1.1,2,-1.3,1,-0.9,2,1.1
S02000591,S02000670,5,0,0,0,-5,-5,-5,5,0,2,2.8,2,2,1,-1,3,-1.7
S02000591,S02000672,0,0,0,14,0,0,14,14,14,4,-2.1,6,-2.4,3,-1.6,8,2.1
S02000591,S02000675,0,0,0,4,0,0,4,4,4,1,-1.1,2,-1.3,1,-0.9,2,1.1
S02000591,S02000676,4,4,3,0,-1,0,-4,11,7,3,0.3,5,1.5,2,0.7,6,-1.3
S02000591,S02000685,0,3,0,0,0,3,0,3,3,1,-1,1,1.5,1,-0.7,2,-1.3
S02000591,S02000689,9,0,0,6,-9,-9,-3,15,6,5,2,6,1,3,-1.7,9,-0.9
S02000591,S02000710,0,0,3,0,3,0,0,3,3,1,-1,1,-1.1,1,3.3,2,1
S02000591,S02000993,3,0,0,0,-3,-3,-3,3,0,1,2.1,1,1.5,1,-0.7,2,-1.3
S02000591,S02001000,4,0,0,5,-4,-4,1,9,5,3,0.7,4,0.1,2,-1.3,5,-0.1
S02000591,S02001010,11,0,0,0,-11,-11,-11,11,0,3,4.1,5,2.9,2,-1.4,6,-2.5
S02000591,S02001013,0,0,3,0,3,0,0,3,3,1,-1,1,-1.1,1,3.3,2,1
S02000591,S02001153,3,0,0,0,-3,-3,-3,3,0,1,2.1,1,1.5,1,-0.7,2,-1.3
S02000591,S02001161,3,0,0,3,-3,-3,0,6,3,2,0.8,3,0.3,1,-1.1,3,-0.2
S02000591,S02001162,0,3,0,0,0,3,0,3,3,1,-1,1,1.5,1,-0.7,2,-1.3
S02000592,S02000313,5,0,0,6,-5,-5,1,11,6,3,0.9,5,0.1,2,-1.4,6,-0.1
S02000592,S02000317,3,0,0,0,-3,-3,-3,3,0,1,2.1,1,1.5,1,-0.7,2,-1.3
S02000592,S02000318,5,0,0,3,-5,-5,-2,8,3,2,1.6,3,0.9,1,-1.2,5,-0.7
S02000592,S02000323,4,0,0,5,-4,-4,1,9,5,3,0.7,4,0.1,2,-1.3,5,-0.1
S02000592,S02000324,3,4,0,16,-3,1,13,23,20,7,-1.6,10,-0.9,4,-2.1,13,0.8
S02000592,S02000326,0,0,3,0,3,0,0,3,3,1,-1,1,-1.1,1,3.3,2,1
S02000592,S02000327,14,9,9,36,-5,-5,22,68,54,21,-1.6,29,-1.1,13,-1,39,0.9
S02000592,S02000328,6,0,0,7,-6,-6,1,13,7,4,1,6,0.2,2,-1.6,7,-0.2
S02000592,S02000586,5,0,0,3,-5,-5,-2,8,3,2,1.6,3,0.9,1,-1.2,5,-0.7
S02000592,S02000587,14,9,0,16,-14,-5,2,39,25,12,0.5,17,1.6,7,-2.7,22,-1.4
S02000592,S02000588,4,0,0,0,-4,-4,-4,4,0,1,2.5,2,1.8,1,-0.9,2,-1.5
S02000592,S02000590,7,0,0,18,-7,-7,11,25,18,8,-0.3,11,-1.1,5,-2.2,14,1
S02000592,S02000592,10,3,4,14,-6,-7,4,31,21,10,0.1,13,-0.1,6,-0.7,18,0
S02000592,S02000594,0,5,0,3,0,5,3,8,8,2,-1.6,3,0.9,1,-1.2,5,-0.7
S02000592,S02000596,3,0,0,5,-3,-3,2,8,5,2,0.3,3,-0.2,1,-1.2,5,0.2
S02000592,S02000597,7,0,12,53,5,-7,46,72,65,22,-3.3,31,-4.3,13,-0.4,41,3.7
S02000592,S02000599,5,5,0,0,-5,0,-5,10,5,3,1.1,4,2.8,2,-1.4,6,-2.4
S02000592,S02000601,3,0,0,0,-3,-3,-3,3,0,1,2.1,1,1.5,1,-0.7,2,-1.3
S02000592,S02000602,13,8,3,31,-10,-5,18,55,42,17,-1,23,-0.5,10,-2.2,32,0.4
S02000592,S02000603,0,0,0,7,0,0,7,7,7,2,-1.5,3,-1.7,1,-1.1,4,1.5
S02000592,S02000604,3,0,0,0,-3,-3,-3,3,0,1,2.1,1,1.5,1,-0.7,2,-1.3
S02000592,S02000605,3,0,0,5,-3,-3,2,8,5,2,0.3,3,-0.2,1,-1.2,5,0.2
S02000592,S02000607,10,3,0,6,-10,-7,-4,19,9,6,1.7,8,1.7,4,-1.9,11,-1.5
S02000592,S02000608,4,0,0,0,-4,-4,-4,4,0,1,2.5,2,1.8,1,-0.9,2,-1.5
S02000592,S02000609,0,0,3,14,3,0,14,17,17,5,-2.3,7,-2.7,3,-0.1,10,2.3
S02000592,S02000610,3,0,0,5,-3,-3,2,8,5,2,0.3,3,-0.2,1,-1.2,5,0.2
S02000592,S02000612,8,0,0,0,-8,-8,-8,8,0,2,3.5,3,2.5,1,-1.2,5,-2.1
S02000592,S02000614,0,0,0,4,0,0,4,4,4,1,-1.1,2,-1.3,1,-0.9,2,1.1
S02000592,S02000615,5,0,0,3,-5,-5,-2,8,3,2,1.6,3,0.9,1,-1.2,5,-0.7
S02000592,S02000617,0,0,0,7,0,0,7,7,7,2,-1.5,3,-1.7,1,-1.1,4,1.5
S02000592,S02000622,0,0,0,8,0,0,8,8,8,2,-1.6,3,-1.8,1,-1.2,5,1.6
S02000592,S02000624,0,0,0,3,0,0,3,3,3,1,-1,1,-1.1,1,-0.7,2,1
S02000592,S02000625,0,0,0,8,0,0,8,8,8,2,-1.6,3,-1.8,1,-1.2,5,1.6
S02000592,S02000628,3,0,0,0,-3,-3,-3,3,0,1,2.1,1,1.5,1,-0.7,2,-1.3
S02000592,S02000634,19,5,0,10,-19,-14,-9,34,15,11,2.6,14,2.5,6,-2.5,20,-2.2
S02000592,S02000644,3,0,0,0,-3,-3,-3,3,0,1,2.1,1,1.5,1,-0.7,2,-1.3
S02000592,S02000649,3,0,0,7,-3,-3,4,10,7,3,-0.1,4,-0.6,2,-1.4,6,0.5
S02000592,S02000651,0,0,0,3,0,0,3,3,3,1,-1,1,-1.1,1,-0.7,2,1
S02000592,S02000655,15,11,61,24,46,-4,9,111,96,35,-3.3,47,-3.1,21,8.9,64,2.7
S02000592,S02000656,5,7,0,4,-5,2,-1,16,11,5,0,7,2,3,-1.7,9,-1.7
S02000592,S02000658,16,3,15,37,-1,-13,21,71,55,22,-1.3,30,-2,13,0.5,41,1.8
S02000592,S02000660,23,0,6,9,-17,-23,-14,38,15,12,3.2,16,1.7,7,-0.4,22,-1.5
S02000592,S02000661,0,0,5,7,5,0,7,12,12,4,-1.9,5,-2.3,2,1.9,7,1.9
S02000592,S02000664,0,0,0,3,0,0,3,3,3,1,-1,1,-1.1,1,-0.7,2,1
S02000592,S02000666,3,0,0,0,-3,-3,-3,3,0,1,2.1,1,1.5,1,-0.7,2,-1.3
S02000592,S02000667,3,0,0,0,-3,-3,-3,3,0,1,2.1,1,1.5,1,-0.7,2,-1.3
S02000592,S02000670,5,0,4,0,-1,-5,-5,9,4,3,1.3,4,0.6,2,1.8,5,-0.5
S02000592,S02000672,0,0,0,6,0,0,6,6,6,2,-1.4,3,-1.6,1,-1.1,3,1.4
S02000592,S02000678,3,0,0,0,-3,-3,-3,3,0,1,2.1,1,1.5,1,-0.7,2,-1.3
S02000592,S02000689,4,0,0,0,-4,-4,-4,4,0,1,2.5,2,1.8,1,-0.9,2,-1.5
S02000592,S02000691,3,0,0,0,-3,-3,-3,3,0,1,2.1,1,1.5,1,-0.7,2,-1.3
S02000592,S02000695,0,0,0,4,0,0,4,4,4,1,-1.1,2,-1.3,1,-0.9,2,1.1
S02000592,S02000993,3,0,0,0,-3,-3,-3,3,0,1,2.1,1,1.5,1,-0.7,2,-1.3
S02000592,S02001000,0,0,0,6,0,0,6,6,6,2,-1.4,3,-1.6,1,-1.1,3,1.4
S02000592,S02001010,5,0,0,6,-5,-5,1,11,6,3,0.9,5,0.1,2,-1.4,6,-0.1
S02000592,S02001013,0,0,0,7,0,0,7,7,7,2,-1.5,3,-1.7,1,-1.1,4,1.5
S02000592,S02001015,0,5,0,0,0,5,0,5,5,2,-1.2,2,2,1,-1,3,-1.7
S02000592,S02001162,0,0,0,4,0,0,4,4,4,1,-1.1,2,-1.3,1,-0.9,2,1.1
S02000592,S02001185,0,0,3,0,3,0,0,3,3,1,-1,1,-1.1,1,3.3,2,1
S02000593,S02000312,0,0,0,11,0,0,11,11,11,3,-1.9,5,-2.2,2,-1.4,6,1.9
S02000593,S02000313,0,0,0,3,0,0,3,3,3,1,-1,1,-1.1,1,-0.7,2,1
S02000593,S02000316,0,0,0,4,0,0,4,4,4,1,-1.1,2,-1.3,1,-0.9,2,1.1
S02000593,S02000317,3,6,0,3,-3,3,0,12,9,4,-0.4,5,1.7,2,-1.5,7,-1.5
S02000593,S02000318,3,3,0,5,-3,0,2,11,8,3,-0.2,5,0.6,2,-1.4,6,-0.5
S02000593,S02000322,0,0,0,3,0,0,3,3,3,1,-1,1,-1.1,1,-0.7,2,1
S02000593,S02000324,6,3,0,8,-6,-3,2,17,11,5,0.3,7,0.7,3,-1.8,10,-0.6
S02000593,S02000325,3,0,0,5,-3,-3,2,8,5,2,0.3,3,-0.2,1,-1.2,5,0.2
S02000593,S02000327,7,0,4,10,-3,-7,3,21,14,7,0.2,9,-0.6,4,0.1,12,0.6
S02000593,S02000584,0,3,0,0,0,3,0,3,3,1,-1,1,1.5,1,-0.7,2,-1.3
S02000593,S02000587,0,4,0,4,0,4,4,8,8,2,-1.6,3,0.3,1,-1.2,5,-0.3
S02000593,S02000588,4,0,0,0,-4,-4,-4,4,0,1,2.5,2,1.8,1,-0.9,2,-1.5
S02000593,S02000590,0,0,0,10,0,0,10,10,10,3,-1.8,4,-2.1,2,-1.4,6,1.8
S02000593,S02000591,0,0,0,5,0,0,5,5,5,2,-1.2,2,-1.5,1,-1,3,1.3
S02000593,S02000592,0,0,0,5,0,0,5,5,5,2,-1.2,2,-1.5,1,-1,3,1.3
S02000593,S02000593,9,4,3,23,-6,-5,14,39,30,12,-0.9,17,-0.9,7,-1.6,22,0.8
S02000593,S02000596,0,0,0,6,0,0,6,6,6,2,-1.4,3,-1.6,1,-1.1,3,1.4
S02000593,S02000597,4,0,4,14,0,-4,10,22,18,7,-1.1,9,-1.8,4,0,13,1.5
S02000593,S02000598,13,3,0,9,-13,-10,-4,25,12,8,1.9,11,1.6,5,-2.2,14,-1.4
S02000593,S02000599,23,16,0,14,-23,-7,-9,53,30,17,1.6,23,3.5,10,-3.1,30,-3
S02000593,S02000600,0,0,0,4,0,0,4,4,4,1,-1.1,2,-1.3,1,-0.9,2,1.1
S02000593,S02000602,9,4,0,20,-9,-5,11,33,24,10,-0.4,14,-0.3,6,-2.5,19,0.2
S02000593,S02000603,3,7,0,21,-3,4,18,31,28,10,-2.1,13,-0.9,6,-2.4,18,0.8
S02000593,S02000604,3,0,0,0,-3,-3,-3,3,0,1,2.1,1,1.5,1,-0.7,2,-1.3
S02000593,S02000605,0,0,0,3,0,0,3,3,3,1,-1,1,-1.1,1,-0.7,2,1
S02000593,S02000607,31,0,0,0,-31,-31,-31,31,0,10,6.9,13,4.9,6,-2.4,18,-4.2
S02000593,S02000608,4,0,0,3,-4,-4,-1,7,3,2,1.2,3,0.6,1,-1.1,4,-0.5
S02000593,S02000609,0,6,0,15,0,6,15,21,21,7,-2.6,9,-1,4,-2,12,0.8
S02000593,S02000610,6,0,0,4,-6,-6,-2,10,4,3,1.6,4,0.8,2,-1.4,6,-0.7
S02000593,S02000612,0,0,0,4,0,0,4,4,4,1,-1.1,2,-1.3,1,-0.9,2,1.1
S02000593,S02000614,0,0,0,3,0,0,3,3,3,1,-1,1,-1.1,1,-0.7,2,1
S02000593,S02000615,3,0,0,11,-3,-3,8,14,11,4,-0.7,6,-1.2,3,-1.6,8,1
S02000593,S02000616,9,0,3,5,-6,-9,-4,17,8,5,1.6,7,0.7,3,-0.1,10,-0.6
S02000593,S02000617,5,0,0,0,-5,-5,-5,5,0,2,2.8,2,2,1,-1,3,-1.7
S02000593,S02000622,0,0,0,5,0,0,5,5,5,2,-1.2,2,-1.5,1,-1,3,1.3
S02000593,S02000625,0,0,0,8,0,0,8,8,8,2,-1.6,3,-1.8,1,-1.2,5,1.6
S02000593,S02000627,0,0,0,3,0,0,3,3,3,1,-1,1,-1.1,1,-0.7,2,1
S02000593,S02000628,6,6,0,10,-6,0,4,22,16,7,-0.3,9,0.9,4,-2,13,-0.7
S02000593,S02000631,3,0,0,0,-3,-3,-3,3,0,1,2.1,1,1.5,1,-0.7,2,-1.3
S02000593,S02000633,5,3,0,4,-5,-2,-1,12,7,4,0.7,5,1.3,2,-1.5,7,-1.1
S02000593,S02000634,21,3,5,8,-16,-18,-13,37,16,12,2.8,16,2.1,7,-0.7,21,-1.8
S02000593,S02000635,0,0,3,6,3,0,6,9,9,3,-1.7,4,-2,2,1,5,1.7
S02000593,S02000642,0,0,0,3,0,0,3,3,3,1,-1,1,-1.1,1,-0.7,2,1
S02000593,S02000644,12,0,12,5,0,-12,-7,29,17,9,1,12,-0.1,5,2.9,17,0.1
S02000593,S02000651,0,0,7,7,7,0,7,14,14,4,-2.1,6,-2.4,3,2.7,8,2.1
S02000593,S02000655,57,15,190,77,133,-42,20,339,282,106,-4.7,144,-6,63,16.1,195,5.2
S02000593,S02000656,4,6,0,3,-4,2,-1,13,9,4,0,6,1.9,2,-1.6,7,-1.6
S02000593,S02000658,58,12,25,76,-33,-46,18,171,113,53,0.6,73,-0.3,32,-1.2,98,0.3
S02000593,S02000659,3,0,4,0,1,-3,-3,7,4,2,0.6,3,0,1,2.4,4,0
S02000593,S02000660,21,4,3,5,-18,-17,-16,33,12,10,3.3,14,2.9,6,-1.3,19,-2.5
S02000593,S02000661,13,4,20,13,7,-9,0,50,37,16,-0.7,21,-0.9,9,3.5,29,0.8
S02000593,S02000662,0,0,0,3,0,0,3,3,3,1,-1,1,-1.1,1,-0.7,2,1
S02000593,S02000663,0,0,0,4,0,0,4,4,4,1,-1.1,2,-1.3,1,-0.9,2,1.1
S02000593,S02000664,5,0,0,4,-5,-5,-1,9,4,3,1.3,4,0.6,2,-1.3,5,-0.5
S02000593,S02000665,3,3,8,5,5,0,2,19,16,6,-1.2,8,-0.7,4,2.4,11,0.6
S02000593,S02000667,0,3,0,0,0,3,0,3,3,1,-1,1,1.5,1,-0.7,2,-1.3
S02000593,S02000669,0,3,3,4,3,3,4,10,10,3,-1.8,4,-0.6,2,0.8,6,0.5
S02000593,S02000670,3,3,0,0,-3,0,-3,6,3,2,0.8,3,2.2,1,-1.1,3,-1.9
S02000593,S02000672,0,0,4,26,4,0,26,30,30,9,-3.1,13,-3.6,6,-0.7,17,3.1
S02000593,S02000675,3,0,0,0,-3,-3,-3,3,0,1,2.1,1,1.5,1,-0.7,2,-1.3
S02000593,S02000676,7,0,0,3,-7,-7,-4,10,3,3,2.2,4,1.3,2,-1.4,6,-1.1
S02000593,S02000679,0,0,0,3,0,0,3,3,3,1,-1,1,-1.1,1,-0.7,2,1
S02000593,S02000688,3,0,0,4,-3,-3,1,7,4,2,0.6,3,0,1,-1.1,4,0
S02000593,S02000689,13,0,0,5,-13,-13,-8,18,5,6,3.1,8,1.9,3,-1.8,10,-1.7
S02000593,S02000691,6,0,0,0,-6,-6,-6,6,0,2,3,3,2.2,1,-1.1,3,-1.9
S02000593,S02000692,0,0,0,3,0,0,3,3,3,1,-1,1,-1.1,1,-0.7,2,1
S02000593,S02000701,3,0,0,0,-3,-3,-3,3,0,1,2.1,1,1.5,1,-0.7,2,-1.3
S02000593,S02000984,3,0,0,3,-3,-3,0,6,3,2,0.8,3,0.3,1,-1.1,3,-0.2
S02000593,S02000993,5,0,0,0,-5,-5,-5,5,0,2,2.8,2,2,1,-1,3,-1.7
S02000593,S02001000,7,0,6,10,-1,-7,3,23,16,7,-0.1,10,-0.9,4,0.8,13,0.8
S02000593,S02001003,0,0,0,3,0,0,3,3,3,1,-1,1,-1.1,1,-0.7,2,1
S02000593,S02001010,5,6,3,0,-2,1,-5,14,9,4,0.3,6,2.1,3,0.3,8,-1.8
S02000593,S02001013,3,4,3,7,0,1,4,17,14,5,-1,7,-0.1,3,-0.1,10,0.1
S02000593,S02001015,0,7,4,4,4,7,4,15,15,5,-2.2,6,0.2,3,0.7,9,-0.2
S02000593,S02001016,0,3,0,0,0,3,0,3,3,1,-1,1,1.5,1,-0.7,2,-1.3
S02000593,S02001158,0,0,0,3,0,0,3,3,3,1,-1,1,-1.1,1,-0.7,2,1
S02000593,S02001159,0,0,0,3,0,0,3,3,3,1,-1,1,-1.1,1,-0.7,2,1
S02000593,S02001161,3,0,3,3,0,-3,0,9,6,3,0.1,4,-0.4,2,1,5,0.4
S02000593,S02001162,3,0,0,9,-3,-3,6,12,9,4,-0.4,5,-0.9,2,-1.5,7,0.8
S02000593,S02001185,4,0,0,5,-4,-4,1,9,5,3,0.7,4,0.1,2,-1.3,5,-0.1
S02000594,S02000270,0,0,3,0,3,0,0,3,3,1,-1,1,-1.1,1,3.3,2,1
S02000594,S02000312,0,0,0,4,0,0,4,4,4,1,-1.1,2,-1.3,1,-0.9,2,1.1
S02000594,S02000313,0,0,0,5,0,0,5,5,5,2,-1.2,2,-1.5,1,-1,3,1.3
S02000594,S02000317,0,0,3,0,3,0,0,3,3,1,-1,1,-1.1,1,3.3,2,1
S02000594,S02000318,0,0,0,3,0,0,3,3,3,1,-1,1,-1.1,1,-0.7,2,1
S02000594,S02000323,0,0,0,3,0,0,3,3,3,1,-1,1,-1.1,1,-0.7,2,1
S02000594,S02000324,0,5,0,9,0,5,9,14,14,4,-2.1,6,-0.4,3,-1.6,8,0.3
S02000594,S02000327,9,5,3,18,-6,-4,9,35,26,11,-0.6,15,-0.2,6,-1.4,20,0.2
S02000594,S02000328,6,0,0,3,-6,-6,-3,9,3,3,1.9,4,1.1,2,-1.3,5,-1
S02000594,S02000587,3,3,0,0,-3,0,-3,6,3,2,0.8,3,2.2,1,-1.1,3,-1.9
S02000594,S02000590,0,0,0,6,0,0,6,6,6,2,-1.4,3,-1.6,1,-1.1,3,1.4
S02000594,S02000594,4,9,0,3,-4,5,-1,16,12,5,-0.4,7,2.4,3,-1.7,9,-2
S02000594,S02000596,6,5,0,13,-6,-1,7,24,18,7,-0.5,10,0.2,4,-2.1,14,-0.2
S02000594,S02000597,0,0,4,22,4,0,22,26,26,8,-2.8,11,-3.3,5,-0.4,15,2.9
S02000594,S02000598,3,0,0,0,-3,-3,-3,3,0,1,2.1,1,1.5,1,-0.7,2,-1.3
S02000594,S02000602,9,10,4,28,-5,1,19,51,42,16,-1.7,22,-0.6,9,-1.8,29,0.5
S02000594,S02000603,0,0,3,8,3,0,8,11,11,3,-1.9,5,-2.2,2,0.7,6,1.9
S02000594,S02000604,5,0,0,0,-5,-5,-5,5,0,2,2.8,2,2,1,-1,3,-1.7
S02000594,S02000605,0,0,0,5,0,0,5,5,5,2,-1.2,2,-1.5,1,-1,3,1.3
S02000594,S02000606,0,0,0,3,0,0,3,3,3,1,-1,1,-1.1,1,-0.7,2,1
S02000594,S02000607,17,0,0,0,-17,-17,-17,17,0,5,5.1,7,3.6,3,-1.8,10,-3.1
S02000594,S02000609,0,3,3,15,3,3,15,21,21,7,-2.6,9,-2,4,-0.4,12,1.7
S02000594,S02000614,3,3,0,0,-3,0,-3,6,3,2,0.8,3,2.2,1,-1.1,3,-1.9
S02000594,S02000615,3,0,0,5,-3,-3,2,8,5,2,0.3,3,-0.2,1,-1.2,5,0.2
S02000594,S02000617,5,0,0,0,-5,-5,-5,5,0,2,2.8,2,2,1,-1,3,-1.7
S02000594,S02000622,0,0,0,6,0,0,6,6,6,2,-1.4,3,-1.6,1,-1.1,3,1.4
S02000594,S02000625,0,0,0,5,0,0,5,5,5,2,-1.2,2,-1.5,1,-1,3,1.3
S02000594,S02000628,8,0,0,5,-8,-8,-3,13,5,4,2,6,1.1,2,-1.6,7,-0.9
S02000594,S02000631,0,0,0,3,0,0,3,3,3,1,-1,1,-1.1,1,-0.7,2,1
S02000594,S02000633,3,0,4,0,1,-3,-3,7,4,2,0.6,3,0,1,2.4,4,0
S02000594,S02000634,13,4,0,12,-13,-9,-1,29,16,9,1.3,12,1.3,5,-2.3,17,-1.1
S02000594,S02000635,0,0,0,5,0,0,5,5,5,2,-1.2,2,-1.5,1,-1,3,1.3
S02000594,S02000642,0,0,3,0,3,0,0,3,3,1,-1,1,-1.1,1,3.3,2,1
S02000594,S02000644,3,0,3,0,0,-3,-3,6,3,2,0.8,3,0.3,1,1.8,3,-0.2
S02000594,S02000649,0,0,3,0,3,0,0,3,3,1,-1,1,-1.1,1,3.3,2,1
S02000594,S02000651,0,0,4,0,4,0,0,4,4,1,-1.1,2,-1.3,1,3.8,2,1.1
S02000594,S02000652,3,0,0,0,-3,-3,-3,3,0,1,2.1,1,1.5,1,-0.7,2,-1.3
S02000594,S02000655,27,7,87,43,60,-20,16,164,137,51,-3.4,70,-4.3,30,10.3,94,3.7
S02000594,S02000656,4,8,5,4,1,4,0,21,17,7,-1,9,1,4,0.6,12,-0.9
S02000594,S02000658,21,5,6,29,-15,-16,8,61,40,19,0.5,26,0,11,-1.6,35,0
S02000594,S02000660,22,3,3,9,-19,-19,-13,37,15,12,3.1,16,2.3,7,-1.5,21,-2
S02000594,S02000661,9,0,6,3,-3,-9,-6,18,9,6,1.4,8,0.5,3,1.5,10,-0.4
S02000594,S02000665,4,0,0,0,-4,-4,-4,4,0,1,2.5,2,1.8,1,-0.9,2,-1.5
S02000594,S02000666,3,0,0,0,-3,-3,-3,3,0,1,2.1,1,1.5,1,-0.7,2,-1.3
S02000594,S02000669,0,0,5,0,5,0,0,5,5,2,-1.2,2,-1.5,1,4.2,3,1.3
S02000594,S02000670,4,6,0,0,-4,2,-4,10,6,3,0.5,4,2.8,2,-1.4,6,-2.4
S02000594,S02000672,0,0,0,9,0,0,9,9,9,3,-1.7,4,-2,2,-1.3,5,1.7
S02000594,S02000676,4,0,0,0,-4,-4,-4,4,0,1,2.5,2,1.8,1,-0.9,2,-1.5
S02000594,S02000999,0,0,0,3,0,0,3,3,3,1,-1,1,-1.1,1,-0.7,2,1
S02000594,S02001000,3,0,0,4,-3,-3,1,7,4,2,0.6,3,0,1,-1.1,4,0
S02000594,S02001012,0,0,0,3,0,0,3,3,3,1,-1,1,-1.1,1,-0.7,2,1
S02000594,S02001013,0,4,0,3,0,4,3,7,7,2,-1.5,3,0.6,1,-1.1,4,-0.5
S02000595,S02000310,0,3,0,0,0,3,0,3,3,1,-1,1,1.5,1,-0.7,2,-1.3
S02000595,S02000312,3,0,0,0,-3,-3,-3,3,0,1,2.1,1,1.5,1,-0.7,2,-1.3
S02000595,S02000313,0,0,0,4,0,0,4,4,4,1,-1.1,2,-1.3,1,-0.9,2,1.1
S02000595,S02000314,3,0,0,0,-3,-3,-3,3,0,1,2.1,1,1.5,1,-0.7,2,-1.3
S02000595,S02000316,0,0,0,4,0,0,4,4,4,1,-1.1,2,-1.3,1,-0.9,2,1.1
S02000595,S02000321,0,0,0,3,0,0,3,3,3,1,-1,1,-1.1,1,-0.7,2,1
S02000595,S02000324,7,0,0,5,-7,-7,-2,12,5,4,1.7,5,0.8,2,-1.5,7,-0.7
S02000595,S02000327,5,0,0,0,-5,-5,-5,5,0,2,2.8,2,2,1,-1,3,-1.7
S02000595,S02000328,0,0,0,3,0,0,3,3,3,1,-1,1,-1.1,1,-0.7,2,1
S02000595,S02000584,0,4,0,6,0,4,6,10,10,3,-1.8,4,-0.1,2,-1.4,6,0.1
S02000595,S02000585,6,0,0,7,-6,-6,1,13,7,4,1,6,0.2,2,-1.6,7,-0.2
S02000595,S02000588,15,4,3,10,-12,-11,-5,32,17,10,1.6,14,1.5,6,-1.2,18,-1.3
S02000595,S02000589,0,0,0,6,0,0,6,6,6,2,-1.4,3,-1.6,1,-1.1,3,1.4
S02000595,S02000591,0,0,0,6,0,0,6,6,6,2,-1.4,3,-1.6,1,-1.1,3,1.4
S02000595,S02000593,5,0,0,4,-5,-5,-1,9,4,3,1.3,4,0.6,2,-1.3,5,-0.5
S02000595,S02000595,0,0,0,11,0,0,11,11,11,3,-1.9,5,-2.2,2,-1.4,6,1.9
S02000595,S02000596,0,0,0,3,0,0,3,3,3,1,-1,1,-1.1,1,-0.7,2,1
S02000595,S02000597,0,0,0,4,0,0,4,4,4,1,-1.1,2,-1.3,1,-0.9,2,1.1
S02000595,S02000598,3,0,0,0,-3,-3,-3,3,0,1,2.1,1,1.5,1,-0.7,2,-1.3
S02000595,S02000599,14,8,3,14,-11,-6,0,39,25,12,0.5,17,1.3,7,-1.6,22,-1.1
S02000595,S02000600,3,0,0,8,-3,-3,5,11,8,3,-0.2,5,-0.8,2,-1.4,6,0.7
S02000595,S02000601,0,0,0,11,0,0,11,11,11,3,-1.9,5,-2.2,2,-1.4,6,1.9
S02000595,S02000602,0,0,0,12,0,0,12,12,12,4,-1.9,5,-2.3,2,-1.5,7,1.9
S02000595,S02000603,5,6,3,24,-2,1,19,38,33,12,-2,16,-1.3,7,-1.5,22,1.1
S02000595,S02000604,3,0,0,0,-3,-3,-3,3,0,1,2.1,1,1.5,1,-0.7,2,-1.3
S02000595,S02000605,0,0,0,4,0,0,4,4,4,1,-1.1,2,-1.3,1,-0.9,2,1.1
S02000595,S02000607,27,0,0,12,-27,-27,-15,39,12,12,4.3,17,2.6,7,-2.7,22,-2.2
S02000595,S02000609,0,0,3,4,3,0,4,7,7,2,-1.5,3,-1.7,1,1.5,4,1.5
S02000595,S02000610,7,5,0,27,-7,-2,20,39,32,12,-1.5,17,-1.1,7,-2.7,22,1
S02000595,S02000611,0,7,0,3,0,7,3,10,10,3,-1.8,4,1.3,2,-1.4,6,-1.1
S02000595,S02000612,3,0,0,0,-3,-3,-3,3,0,1,2.1,1,1.5,1,-0.7,2,-1.3
S02000595,S02000614,3,0,0,6,-3,-3,3,9,6,3,0.1,4,-0.4,2,-1.3,5,0.4
S02000595,S02000615,8,0,0,7,-8,-8,-1,15,7,5,1.5,6,0.6,3,-1.7,9,-0.6
S02000595,S02000616,3,0,0,7,-3,-3,4,10,7,3,-0.1,4,-0.6,2,-1.4,6,0.5
S02000595,S02000622,0,0,0,4,0,0,4,4,4,1,-1.1,2,-1.3,1,-0.9,2,1.1
S02000595,S02000625,0,0,0,7,0,0,7,7,7,2,-1.5,3,-1.7,1,-1.1,4,1.5
S02000595,S02000628,14,0,0,9,-14,-14,-5,23,9,7,2.6,10,1.3,4,-2.1,13,-1.2
S02000595,S02000631,3,3,0,0,-3,0,-3,6,3,2,0.8,3,2.2,1,-1.1,3,-1.9
S02000595,S02000632,0,0,0,4,0,0,4,4,4,1,-1.1,2,-1.3,1,-0.9,2,1.1
S02000595,S02000633,11,10,0,6,-11,-1,-5,27,16,8,0.9,11,2.8,5,-2.2,16,-2.4
S02000595,S02000634,24,0,5,13,-19,-24,-11,42,18,13,3,18,1.5,8,-1,24,-1.2
S02000595,S02000635,6,4,0,8,-6,-2,2,18,12,6,0.2,8,0.8,3,-1.8,10,-0.7
S02000595,S02000637,0,0,0,3,0,0,3,3,3,1,-1,1,-1.1,1,-0.7,2,1
S02000595,S02000642,3,0,0,0,-3,-3,-3,3,0,1,2.1,1,1.5,1,-0.7,2,-1.3
S02000595,S02000644,14,3,4,0,-10,-11,-14,21,7,7,2.9,9,2.7,4,0.1,12,-2.3
S02000595,S02000650,3,0,0,0,-3,-3,-3,3,0,1,2.1,1,1.5,1,-0.7,2,-1.3
S02000595,S02000651,0,4,7,0,7,4,0,11,11,3,-1.9,5,-0.3,2,3.5,6,0.3
S02000595,S02000652,3,0,0,0,-3,-3,-3,3,0,1,2.1,1,1.5,1,-0.7,2,-1.3
S02000595,S02000655,50,8,137,76,87,-42,26,271,221,84,-3.7,115,-5.3,50,12.3,156,4.6
S02000595,S02000656,4,7,0,10,-4,3,6,21,17,7,-1,9,0.7,4,-2,12,-0.6
S02000595,S02000658,51,7,14,58,-37,-44,7,130,79,40,1.7,55,0.4,24,-2,75,-0.3
S02000595,S02000659,3,6,3,4,0,3,1,16,13,5,-0.9,7,0.8,3,0,9,-0.7
S02000595,S02000660,13,0,0,3,-13,-13,-10,16,3,5,3.6,7,2.4,3,-1.7,9,-2
S02000595,S02000661,6,0,14,11,8,-6,5,31,25,10,-1.2,13,-2,6,3.5,18,1.7
S02000595,S02000663,3,0,0,0,-3,-3,-3,3,0,1,2.1,1,1.5,1,-0.7,2,-1.3
S02000595,S02000664,4,0,0,6,-4,-4,2,10,6,3,0.5,4,-0.1,2,-1.4,6,0.1
S02000595,S02000665,0,0,7,7,7,0,7,14,14,4,-2.1,6,-2.4,3,2.7,8,2.1
S02000595,S02000666,0,0,0,3,0,0,3,3,3,1,-1,1,-1.1,1,-0.7,2,1
S02000595,S02000669,0,0,3,3,3,0,3,6,6,2,-1.4,3,-1.6,1,1.8,3,1.4
S02000595,S02000670,10,13,0,0,-10,3,-10,23,13,7,1.1,10,4.2,4,-2.1,13,-3.6
S02000595,S02000672,0,0,0,11,0,0,11,11,11,3,-1.9,5,-2.2,2,-1.4,6,1.9
S02000595,S02000676,12,0,0,3,-12,-12,-9,15,3,5,3.4,6,2.2,3,-1.7,9,-1.9
S02000595,S02000679,0,0,0,3,0,0,3,3,3,1,-1,1,-1.1,1,-0.7,2,1
S02000595,S02000680,3,0,0,0,-3,-3,-3,3,0,1,2.1,1,1.5,1,-0.7,2,-1.3
S02000595,S02000684,0,7,0,0,0,7,0,7,7,2,-1.5,3,2.3,1,-1.1,4,-2
S02000595,S02000688,3,0,0,0,-3,-3,-3,3,0,1,2.1,1,1.5,1,-0.7,2,-1.3
S02000595,S02000689,13,0,3,3,-10,-13,-10,19,6,6,2.9,8,1.7,4,-0.3,11,-1.5
S02000595,S02000701,3,0,0,0,-3,-3,-3,3,0,1,2.1,1,1.5,1,-0.7,2,-1.3
S02000595,S02000705,0,0,0,3,0,0,3,3,3,1,-1,1,-1.1,1,-0.7,2,1
S02000595,S02000708,0,0,0,3,0,0,3,3,3,1,-1,1,-1.1,1,-0.7,2,1
S02000595,S02000710,0,0,3,0,3,0,0,3,3,1,-1,1,-1.1,1,3.3,2,1
S02000595,S02000993,5,0,0,0,-5,-5,-5,5,0,2,2.8,2,2,1,-1,3,-1.7
S02000595,S02001000,3,0,0,6,-3,-3,3,9,6,3,0.1,4,-0.4,2,-1.3,5,0.4
S02000595,S02001010,0,4,0,0,0,4,0,4,4,1,-1.1,2,1.8,1,-0.9,2,-1.5
S02000595,S02001013,0,5,0,4,0,5,4,9,9,3,-1.7,4,0.6,2,-1.3,5,-0.5
S02000595,S02001161,8,5,3,11,-5,-3,3,27,19,8,-0.1,11,0.4,5,-0.9,16,-0.4
S02000595,S02001162,5,8,0,9,-5,3,4,22,17,7,-0.7,9,1.2,4,-2,13,-1
S02000596,S02000270,0,0,3,0,3,0,0,3,3,1,-1,1,-1.1,1,3.3,2,1
S02000596,S02000313,0,0,0,7,0,0,7,7,7,2,-1.5,3,-1.7,1,-1.1,4,1.5
S02000596,S02000316,5,0,0,0,-5,-5,-5,5,0,2,2.8,2,2,1,-1,3,-1.7
S02000596,S02000317,3,0,0,0,-3,-3,-3,3,0,1,2.1,1,1.5,1,-0.7,2,-1.3
S02000596,S02000318,0,0,0,4,0,0,4,4,4,1,-1.1,2,-1.3,1,-0.9,2,1.1
S02000596,S02000324,0,4,0,11,0,4,11,15,15,5,-2.2,6,-0.9,3,-1.7,9,0.8
S02000596,S02000325,0,0,3,4,3,0,4,7,7,2,-1.5,3,-1.7,1,1.5,4,1.5
S02000596,S02000326,4,0,0,0,-4,-4,-4,4,0,1,2.5,2,1.8,1,-0.9,2,-1.5
S02000596,S02000327,13,3,0,10,-13,-10,-3,26,13,8,1.7,11,1.5,5,-2.2,15,-1.3
S02000596,S02000328,4,0,0,5,-4,-4,1,9,5,3,0.7,4,0.1,2,-1.3,5,-0.1
S02000596,S02000584,4,0,0,4,-4,-4,0,8,4,2,1,3,0.3,1,-1.2,5,-0.3
S02000596,S02000587,0,5,0,0,0,5,0,5,5,2,-1.2,2,2,1,-1,3,-1.7
S02000596,S02000588,7,3,0,3,-7,-4,-4,13,6,4,1.5,6,1.9,2,-1.6,7,-1.6
S02000596,S02000590,0,0,0,10,0,0,10,10,10,3,-1.8,4,-2.1,2,-1.4,6,1.8
S02000596,S02000592,0,0,0,5,0,0,5,5,5,2,-1.2,2,-1.5,1,-1,3,1.3
S02000596,S02000593,0,0,0,3,0,0,3,3,3,1,-1,1,-1.1,1,-0.7,2,1
S02000596,S02000594,0,3,0,0,0,3,0,3,3,1,-1,1,1.5,1,-0.7,2,-1.3
S02000596,S02000596,7,0,0,12,-7,-7,5,19,12,6,0.4,8,-0.4,4,-1.9,11,0.3
S02000596,S02000597,10,0,3,31,-7,-10,21,44,34,14,-1,19,-2,8,-1.8,25,1.7
S02000596,S02000598,3,0,0,3,-3,-3,0,6,3,2,0.8,3,0.3,1,-1.1,3,-0.2
S02000596,S02000599,9,4,0,0,-9,-5,-9,13,4,4,2.5,6,3.2,2,-1.6,7,-2.7
S02000596,S02000602,4,0,5,33,1,-4,29,42,38,13,-2.5,18,-3.3,8,-1,24,2.8
S02000596,S02000603,0,0,0,15,0,0,15,15,15,5,-2.2,6,-2.5,3,-1.7,9,2.2
S02000596,S02000604,4,0,0,5,-4,-4,1,9,5,3,0.7,4,0.1,2,-1.3,5,-0.1
S02000596,S02000605,4,0,0,9,-4,-4,5,13,9,4,0,6,-0.7,2,-1.6,7,0.6
S02000596,S02000607,34,0,0,0,-34,-34,-34,34,0,11,7.2,14,5.1,6,-2.5,20,-4.4
S02000596,S02000608,10,0,0,3,-10,-10,-7,13,3,4,3,6,1.9,2,-1.6,7,-1.6
S02000596,S02000609,0,0,5,23,5,0,23,28,28,9,-3,12,-3.5,5,-0.1,16,3
S02000596,S02000612,3,0,0,8,-3,-3,5,11,8,3,-0.2,5,-0.8,2,-1.4,6,0.7
S02000596,S02000614,4,0,4,11,0,-4,7,19,15,6,-0.8,8,-1.4,4,0.3,11,1.2
S02000596,S02000615,0,0,3,7,3,0,7,10,10,3,-1.8,4,-2.1,2,0.8,6,1.8
S02000596,S02000616,3,0,0,11,-3,-3,8,14,11,4,-0.7,6,-1.2,3,-1.6,8,1
S02000596,S02000621,0,0,0,4,0,0,4,4,4,1,-1.1,2,-1.3,1,-0.9,2,1.1
S02000596,S02000622,0,4,0,8,0,4,8,12,12,4,-1.9,5,-0.5,2,-1.5,7,0.4
S02000596,S02000624,0,0,0,3,0,0,3,3,3,1,-1,1,-1.1,1,-0.7,2,1
S02000596,S02000625,0,0,0,8,0,0,8,8,8,2,-1.6,3,-1.8,1,-1.2,5,1.6
S02000596,S02000627,0,0,0,3,0,0,3,3,3,1,-1,1,-1.1,1,-0.7,2,1
S02000596,S02000628,12,0,0,7,-12,-12,-5,19,7,6,2.5,8,1.4,4,-1.9,11,-1.2
S02000596,S02000631,0,0,0,6,0,0,6,6,6,2,-1.4,3,-1.6,1,-1.1,3,1.4
S02000596,S02000632,0,0,0,3,0,0,3,3,3,1,-1,1,-1.1,1,-0.7,2,1
S02000596,S02000633,8,5,3,3,-5,-3,-5,19,11,6,0.9,8,1.7,4,-0.3,11,-1.5
S02000596,S02000634,19,4,7,18,-12,-15,-1,48,29,15,1,20,0.6,9,-0.6,28,-0.5
S02000596,S02000635,6,0,0,10,-6,-6,4,16,10,5,0.5,7,-0.3,3,-1.7,9,0.3
S02000596,S02000637,4,0,0,0,-4,-4,-4,4,0,1,2.5,2,1.8,1,-0.9,2,-1.5
S02000596,S02000642,0,0,8,3,8,0,3,11,11,3,-1.9,5,-2.2,2,4.2,6,1.9
S02000596,S02000644,3,0,9,0,6,-3,-3,12,9,4,-0.4,5,-0.9,2,4.6,7,0.8
S02000596,S02000647,0,0,0,5,0,0,5,5,5,2,-1.2,2,-1.5,1,-1,3,1.3
S02000596,S02000649,0,3,3,4,3,3,4,10,10,3,-1.8,4,-0.6,2,0.8,6,0.5
S02000596,S02000650,0,0,0,3,0,0,3,3,3,1,-1,1,-1.1,1,-0.7,2,1
S02000596,S02000651,4,7,10,6,6,3,2,27,23,8,-1.5,11,-0.1,5,2.2,16,0.1
S02000596,S02000655,49,14,156,58,107,-35,9,277,228,86,-4,118,-5,51,14.6,159,4.3
S02000596,S02000656,0,9,0,4,0,9,4,13,13,4,-2,6,1.5,2,-1.6,7,-1.3
S02000596,S02000658,48,5,16,66,-32,-43,18,135,87,42,0.9,57,-0.6,25,-1.8,78,0.5
S02000596,S02000659,3,0,4,5,1,-3,2,12,9,4,-0.4,5,-0.9,2,1.2,7,0.8
S02000596,S02000660,23,6,4,4,-19,-17,-19,37,14,12,3.4,16,3.3,7,-1.1,21,-2.9
S02000596,S02000661,21,0,14,6,-7,-21,-15,41,20,13,2.3,17,0.9,8,2.3,24,-0.7
S02000596,S02000664,11,0,0,11,-11,-11,0,22,11,7,1.6,9,0.5,4,-2,13,-0.5
S02000596,S02000665,3,4,7,5,4,1,2,19,16,6,-1.2,8,-0.4,4,1.9,11,0.3
S02000596,S02000666,3,0,0,4,-3,-3,1,7,4,2,0.6,3,0,1,-1.1,4,0
S02000596,S02000669,0,0,4,4,4,0,4,8,8,2,-1.6,3,-1.8,1,2.1,5,1.6
S02000596,S02000670,5,0,0,0,-5,-5,-5,5,0,2,2.8,2,2,1,-1,3,-1.7
S02000596,S02000672,0,0,0,20,0,0,20,20,20,6,-2.5,9,-2.9,4,-1.9,11,2.5
S02000596,S02000676,8,0,0,3,-8,-8,-5,11,3,3,2.5,5,1.5,2,-1.4,6,-1.3
S02000596,S02000677,0,0,0,4,0,0,4,4,4,1,-1.1,2,-1.3,1,-0.9,2,1.1
S02000596,S02000680,0,0,0,4,0,0,4,4,4,1,-1.1,2,-1.3,1,-0.9,2,1.1
S02000596,S02000681,3,0,0,0,-3,-3,-3,3,0,1,2.1,1,1.5,1,-0.7,2,-1.3
S02000596,S02000687,0,0,0,4,0,0,4,4,4,1,-1.1,2,-1.3,1,-0.9,2,1.1
S02000596,S02000689,18,0,3,6,-15,-18,-12,27,9,8,3.3,11,1.9,5,-0.9,16,-1.7
S02000596,S02000691,10,0,0,0,-10,-10,-10,10,0,3,3.9,4,2.8,2,-1.4,6,-2.4
S02000596,S02000692,5,0,0,0,-5,-5,-5,5,0,2,2.8,2,2,1,-1,3,-1.7
S02000596,S02000777,0,0,3,0,3,0,0,3,3,1,-1,1,-1.1,1,3.3,2,1
S02000596,S02000780,4,0,0,0,-4,-4,-4,4,0,1,2.5,2,1.8,1,-0.9,2,-1.5
S02000596,S02000781,3,0,0,0,-3,-3,-3,3,0,1,2.1,1,1.5,1,-0.7,2,-1.3
S02000596,S02000784,0,0,0,7,0,0,7,7,7,2,-1.5,3,-1.7,1,-1.1,4,1.5
S02000596,S02000984,0,0,0,5,0,0,5,5,5,2,-1.2,2,-1.5,1,-1,3,1.3
S02000596,S02000993,4,0,0,0,-4,-4,-4,4,0,1,2.5,2,1.8,1,-0.9,2,-1.5
S02000596,S02001000,8,0,6,7,-2,-8,-1,21,13,7,0.6,9,-0.3,4,1.1,12,0.3
S02000596,S02001006,0,0,0,3,0,0,3,3,3,1,-1,1,-1.1,1,-0.7,2,1
S02000596,S02001010,14,0,0,0,-14,-14,-14,14,0,4,4.6,6,3.3,3,-1.6,8,-2.8
S02000596,S02001013,3,3,4,4,1,0,1,14,11,4,-0.7,6,0,3,0.9,8,0
S02000596,S02001014,0,3,0,0,0,3,0,3,3,1,-1,1,1.5,1,-0.7,2,-1.3
S02000596,S02001015,0,4,9,0,9,4,0,13,13,4,-2,6,-0.7,2,4.3,7,0.6
S02000596,S02001162,3,0,0,0,-3,-3,-3,3,0,1,2.1,1,1.5,1,-0.7,2,-1.3
S02000596,S02001185,0,3,0,4,0,3,4,7,7,2,-1.5,3,0,1,-1.1,4,0
S02000597,S02000270,0,0,3,0,3,0,0,3,3,1,-1,1,-1.1,1,3.3,2,1
S02000597,S02000281,0,3,0,0,0,3,0,3,3,1,-1,1,1.5,1,-0.7,2,-1.3
S02000597,S02000313,0,0,4,0,4,0,0,4,4,1,-1.1,2,-1.3,1,3.8,2,1.1
S02000597,S02000314,5,0,0,0,-5,-5,-5,5,0,2,2.8,2,2,1,-1,3,-1.7
S02000597,S02000318,0,0,0,7,0,0,7,7,7,2,-1.5,3,-1.7,1,-1.1,4,1.5
S02000597,S02000324,0,0,0,13,0,0,13,13,13,4,-2,6,-2.4,2,-1.6,7,2
S02000597,S02000327,0,3,0,6,0,3,6,9,9,3,-1.7,4,-0.4,2,-1.3,5,0.4
S02000597,S02000328,0,5,0,5,0,5,5,10,10,3,-1.8,4,0.4,2,-1.4,6,-0.3
S02000597,S02000329,3,0,0,0,-3,-3,-3,3,0,1,2.1,1,1.5,1,-0.7,2,-1.3
S02000597,S02000586,22,0,0,10,-22,-22,-12,32,10,10,3.8,14,2.3,6,-2.4,18,-2
S02000597,S02000587,0,11,0,10,0,11,10,21,21,7,-2.6,9,0.7,4,-2,12,-0.6
S02000597,S02000590,24,4,8,33,-16,-20,9,69,45,21,0.5,29,-0.2,13,-1.3,40,0.2
S02000597,S02000596,5,0,0,0,-5,-5,-5,5,0,2,2.8,2,2,1,-1,3,-1.7
S02000597,S02000597,27,10,24,146,-3,-17,119,207,180,64,-4.7,88,-5.4,38,-2.3,119,4.7
S02000597,S02000599,3,0,0,0,-3,-3,-3,3,0,1,2.1,1,1.5,1,-0.7,2,-1.3
S02000597,S02000601,9,0,5,10,-4,-9,1,24,15,7,0.6,10,-0.4,4,0.3,14,0.3
S02000597,S02000602,4,0,0,19,-4,-4,15,23,19,7,-1.2,10,-1.8,4,-2.1,13,1.6
S02000597,S02000603,3,0,0,4,-3,-3,1,7,4,2,0.6,3,0,1,-1.1,4,0
S02000597,S02000606,0,0,4,5,4,0,5,9,9,3,-1.7,4,-2,2,1.8,5,1.7
S02000597,S02000607,14,0,0,3,-14,-14,-11,17,3,5,3.8,7,2.5,3,-1.8,10,-2.2
S02000597,S02000608,24,0,0,11,-24,-24,-13,35,11,11,4,15,2.4,6,-2.5,20,-2
S02000597,S02000610,5,0,0,0,-5,-5,-5,5,0,2,2.8,2,2,1,-1,3,-1.7
S02000597,S02000612,3,0,0,0,-3,-3,-3,3,0,1,2.1,1,1.5,1,-0.7,2,-1.3
S02000597,S02000614,5,0,0,4,-5,-5,-1,9,4,3,1.3,4,0.6,2,-1.3,5,-0.5
S02000597,S02000616,0,0,0,4,0,0,4,4,4,1,-1.1,2,-1.3,1,-0.9,2,1.1
S02000597,S02000617,16,0,3,4,-13,-16,-12,23,7,7,3.3,10,2,4,-0.6,13,-1.7
S02000597,S02000621,0,0,0,4,0,0,4,4,4,1,-1.1,2,-1.3,1,-0.9,2,1.1
S02000597,S02000622,0,0,0,6,0,0,6,6,6,2,-1.4,3,-1.6,1,-1.1,3,1.4
S02000597,S02000625,9,4,3,20,-6,-5,11,36,27,11,-0.7,15,-0.6,7,-1.4,21,0.5
S02000597,S02000627,6,0,0,7,-6,-6,1,13,7,4,1,6,0.2,2,-1.6,7,-0.2
S02000597,S02000628,3,0,0,7,-3,-3,4,10,7,3,-0.1,4,-0.6,2,-1.4,6,0.5
S02000597,S02000631,0,0,0,3,0,0,3,3,3,1,-1,1,-1.1,1,-0.7,2,1
S02000597,S02000633,3,0,0,0,-3,-3,-3,3,0,1,2.1,1,1.5,1,-0.7,2,-1.3
S02000597,S02000634,24,0,0,8,-24,-24,-16,32,8,10,4.4,14,2.8,6,-2.4,18,-2.4
S02000597,S02000635,4,4,0,4,-4,0,0,12,8,4,0.1,5,1.3,2,-1.5,7,-1.1
S02000597,S02000637,0,0,0,4,0,0,4,4,4,1,-1.1,2,-1.3,1,-0.9,2,1.1
S02000597,S02000638,4,0,0,4,-4,-4,0,8,4,2,1,3,0.3,1,-1.2,5,-0.3
S02000597,S02000639,5,0,0,0,-5,-5,-5,5,0,2,2.8,2,2,1,-1,3,-1.7
S02000597,S02000642,4,0,0,4,-4,-4,0,8,4,2,1,3,0.3,1,-1.2,5,-0.3
S02000597,S02000644,10,0,0,3,-10,-10,-7,13,3,4,3,6,1.9,2,-1.6,7,-1.6
S02000597,S02000647,4,0,0,0,-4,-4,-4,4,0,1,2.5,2,1.8,1,-0.9,2,-1.5
S02000597,S02000649,3,0,0,0,-3,-3,-3,3,0,1,2.1,1,1.5,1,-0.7,2,-1.3
S02000597,S02000651,0,0,5,0,5,0,0,5,5,2,-1.2,2,-1.5,1,4.2,3,1.3
S02000597,S02000655,30,3,60,34,30,-27,4,127,97,40,-1.5,54,-2.9,23,7.5,73,2.5
S02000597,S02000656,6,12,4,16,-2,6,10,38,32,12,-1.7,16,0.5,7,-1.1,22,-0.4
S02000597,S02000658,18,5,12,30,-6,-13,12,65,47,20,-0.5,28,-0.9,12,0,37,0.8
S02000597,S02000660,32,11,10,17,-22,-21,-15,70,38,22,2.2,30,2.4,13,-0.8,40,-2.1
S02000597,S02000661,9,0,4,8,-5,-9,-1,21,12,7,1,9,0,4,0.1,12,0
S02000597,S02000663,0,7,0,0,0,7,0,7,7,2,-1.5,3,2.3,1,-1.1,4,-2
S02000597,S02000666,0,0,0,3,0,0,3,3,3,1,-1,1,-1.1,1,-0.7,2,1
S02000597,S02000669,0,0,5,0,5,0,0,5,5,2,-1.2,2,-1.5,1,4.2,3,1.3
S02000597,S02000670,0,8,0,0,0,8,0,8,8,2,-1.6,3,2.5,1,-1.2,5,-2.1
S02000597,S02000672,0,0,3,3,3,0,3,6,6,2,-1.4,3,-1.6,1,1.8,3,1.4
S02000597,S02000676,5,0,4,4,-1,-5,-1,13,8,4,0.5,6,-0.2,2,1,7,0.2
S02000597,S02000684,0,3,0,0,0,3,0,3,3,1,-1,1,1.5,1,-0.7,2,-1.3
S02000597,S02000702,0,0,0,3,0,0,3,3,3,1,-1,1,-1.1,1,-0.7,2,1
S02000597,S02000705,0,0,0,6,0,0,6,6,6,2,-1.4,3,-1.6,1,-1.1,3,1.4
S02000597,S02000716,4,0,0,0,-4,-4,-4,4,0,1,2.5,2,1.8,1,-0.9,2,-1.5
S02000597,S02000993,3,0,0,0,-3,-3,-3,3,0,1,2.1,1,1.5,1,-0.7,2,-1.3
S02000597,S02000997,0,4,0,0,0,4,0,4,4,1,-1.1,2,1.8,1,-0.9,2,-1.5
S02000597,S02000999,0,0,0,5,0,0,5,5,5,2,-1.2,2,-1.5,1,-1,3,1.3
S02000597,S02001000,6,0,6,8,0,-6,2,20,14,6,-0.1,9,-0.9,4,1.2,11,0.7
S02000597,S02001010,11,5,0,7,-11,-6,-4,23,12,7,1.4,10,2,4,-2.1,13,-1.7
S02000597,S02001013,7,13,0,25,-7,6,18,45,38,14,-1.9,19,0.2,8,-2.9,26,-0.2
S02000597,S02001014,0,0,4,0,4,0,0,4,4,1,-1.1,2,-1.3,1,3.8,2,1.1
S02000597,S02001015,0,8,3,0,3,8,0,11,11,3,-1.9,5,1.5,2,0.7,6,-1.3
S02000597,S02001016,3,0,0,0,-3,-3,-3,3,0,1,2.1,1,1.5,1,-0.7,2,-1.3
S02000597,S02001157,0,3,0,3,0,3,3,6,6,2,-1.4,3,0.3,1,-1.1,3,-0.2
S02000597,S02001185,0,0,0,4,0,0,4,4,4,1,-1.1,2,-1.3,1,-0.9,2,1.1
S02000598,S02000272,0,0,0,5,0,0,5,5,5,2,-1.2,2,-1.5,1,-1,3,1.3
S02000598,S02000312,0,0,0,3,0,0,3,3,3,1,-1,1,-1.1,1,-0.7,2,1
S02000598,S02000313,0,0,0,8,0,0,8,8,8,2,-1.6,3,-1.8,1,-1.2,5,1.6
S02000598,S02000324,4,0,4,3,0,-4,-1,11,7,3,0.3,5,-0.3,2,1.4,6,0.3
S02000598,S02000326,0,0,0,3,0,0,3,3,3,1,-1,1,-1.1,1,-0.7,2,1
S02000598,S02000327,0,0,0,4,0,0,4,4,4,1,-1.1,2,-1.3,1,-0.9,2,1.1
S02000598,S02000328,4,0,0,3,-4,-4,-1,7,3,2,1.2,3,0.6,1,-1.1,4,-0.5
S02000598,S02000588,6,0,0,3,-6,-6,-3,9,3,3,1.9,4,1.1,2,-1.3,5,-1
S02000598,S02000590,0,0,0,4,0,0,4,4,4,1,-1.1,2,-1.3,1,-0.9,2,1.1
S02000598,S02000593,3,0,0,9,-3,-3,6,12,9,4,-0.4,5,-0.9,2,-1.5,7,0.8
S02000598,S02000596,0,0,0,3,0,0,3,3,3,1,-1,1,-1.1,1,-0.7,2,1
S02000598,S02000597,4,0,0,4,-4,-4,0,8,4,2,1,3,0.3,1,-1.2,5,-0.3
S02000598,S02000598,7,0,0,6,-7,-7,-1,13,6,4,1.5,6,0.6,2,-1.6,7,-0.5
S02000598,S02000599,16,6,3,7,-13,-10,-9,32,16,10,1.9,14,2.3,6,-1.2,18,-2
S02000598,S02000602,6,0,0,6,-6,-6,0,12,6,4,1.2,5,0.4,2,-1.5,7,-0.3
S02000598,S02000603,3,0,0,14,-3,-3,11,17,14,5,-1,7,-1.6,3,-1.8,10,1.4
S02000598,S02000605,0,0,4,3,4,0,3,7,7,2,-1.5,3,-1.7,1,2.4,4,1.5
S02000598,S02000607,26,3,0,4,-26,-23,-22,33,7,10,4.9,14,4,6,-2.5,19,-3.4
S02000598,S02000609,0,4,0,8,0,4,8,12,12,4,-1.9,5,-0.5,2,-1.5,7,0.4
S02000598,S02000610,0,0,0,4,0,0,4,4,4,1,-1.1,2,-1.3,1,-0.9,2,1.1
S02000598,S02000611,0,0,3,0,3,0,0,3,3,1,-1,1,-1.1,1,3.3,2,1
S02000598,S02000612,0,0,0,9,0,0,9,9,9,3,-1.7,4,-2,2,-1.3,5,1.7
S02000598,S02000614,0,0,0,3,0,0,3,3,3,1,-1,1,-1.1,1,-0.7,2,1
S02000598,S02000615,0,0,0,3,0,0,3,3,3,1,-1,1,-1.1,1,-0.7,2,1
S02000598,S02000622,0,0,0,8,0,0,8,8,8,2,-1.6,3,-1.8,1,-1.2,5,1.6
S02000598,S02000627,0,0,0,4,0,0,4,4,4,1,-1.1,2,-1.3,1,-0.9,2,1.1
S02000598,S02000628,10,0,0,4,-10,-10,-6,14,4,4,2.7,6,1.7,3,-1.6,8,-1.4
S02000598,S02000633,5,0,0,0,-5,-5,-5,5,0,2,2.8,2,2,1,-1,3,-1.7
S02000598,S02000634,8,3,6,14,-2,-5,6,31,23,10,-0.5,13,-0.6,6,0.1,18,0.5
S02000598,S02000635,3,0,0,5,-3,-3,2,8,5,2,0.3,3,-0.2,1,-1.2,5,0.2
S02000598,S02000642,3,0,0,6,-3,-3,3,9,6,3,0.1,4,-0.4,2,-1.3,5,0.4
S02000598,S02000644,0,0,11,3,11,0,3,14,14,4,-2.1,6,-2.4,3,5.2,8,2.1
S02000598,S02000655,54,13,141,47,87,-41,-7,255,201,79,-2.9,108,-4,47,13.7,147,3.4
S02000598,S02000656,3,0,3,0,0,-3,-3,6,3,2,0.8,3,0.3,1,1.8,3,-0.2
S02000598,S02000658,33,7,21,42,-12,-26,9,103,70,32,0.2,44,-0.6,19,0.4,59,0.5
S02000598,S02000659,0,0,3,0,3,0,0,3,3,1,-1,1,-1.1,1,3.3,2,1
S02000598,S02000660,17,0,0,4,-17,-17,-13,21,4,7,4.1,9,2.7,4,-2,12,-2.3
S02000598,S02000661,13,0,7,17,-6,-13,4,37,24,12,0.4,16,-0.7,7,0.1,21,0.6
S02000598,S02000663,0,8,0,0,0,8,0,8,8,2,-1.6,3,2.5,1,-1.2,5,-2.1
S02000598,S02000664,7,0,0,0,-7,-7,-7,7,0,2,3.3,3,2.3,1,-1.1,4,-2
S02000598,S02000665,0,0,11,3,11,0,3,14,14,4,-2.1,6,-2.4,3,5.2,8,2.1
S02000598,S02000666,0,0,0,4,0,0,4,4,4,1,-1.1,2,-1.3,1,-0.9,2,1.1
S02000598,S02000669,0,0,0,3,0,0,3,3,3,1,-1,1,-1.1,1,-0.7,2,1
S02000598,S02000670,4,4,0,0,-4,0,-4,8,4,2,1,3,2.5,1,-1.2,5,-2.1
S02000598,S02000672,0,0,0,18,0,0,18,18,18,6,-2.4,8,-2.8,3,-1.8,10,2.4
S02000598,S02000676,5,0,0,0,-5,-5,-5,5,0,2,2.8,2,2,1,-1,3,-1.7
S02000598,S02000680,0,0,0,3,0,0,3,3,3,1,-1,1,-1.1,1,-0.7,2,1
S02000598,S02000684,0,5,0,0,0,5,0,5,5,2,-1.2,2,2,1,-1,3,-1.7
S02000598,S02000689,10,0,0,10,-10,-10,0,20,10,6,1.5,9,0.5,4,-1.9,11,-0.4
S02000598,S02000690,3,0,0,0,-3,-3,-3,3,0,1,2.1,1,1.5,1,-0.7,2,-1.3
S02000598,S02000691,5,0,0,0,-5,-5,-5,5,0,2,2.8,2,2,1,-1,3,-1.7
S02000598,S02000701,3,0,0,0,-3,-3,-3,3,0,1,2.1,1,1.5,1,-0.7,2,-1.3
S02000598,S02000993,7,0,0,0,-7,-7,-7,7,0,2,3.3,3,2.3,1,-1.1,4,-2
S02000598,S02001000,4,0,3,9,-1,-4,5,16,12,5,-0.4,7,-1.1,3,0,9,0.9
S02000598,S02001010,4,0,0,3,-4,-4,-1,7,3,2,1.2,3,0.6,1,-1.1,4,-0.5
S02000598,S02001013,4,7,3,8,-1,3,4,22,18,7,-1.1,9,0.5,4,-0.5,13,-0.5
S02000598,S02001015,0,6,0,0,0,6,0,6,6,2,-1.4,3,2.2,1,-1.1,3,-1.9
S02000598,S02001146,0,0,0,3,0,0,3,3,3,1,-1,1,-1.1,1,-0.7,2,1
S02000598,S02001185,3,0,4,0,1,-3,-3,7,4,2,0.6,3,0,1,2.4,4,0
S02000599,S02000264,0,3,0,8,0,3,8,11,11,3,-1.9,5,-0.8,2,-1.4,6,0.7
S02000599,S02000310,0,0,0,3,0,0,3,3,3,1,-1,1,-1.1,1,-0.7,2,1
S02000599,S02000311,0,0,0,5,0,0,5,5,5,2,-1.2,2,-1.5,1,-1,3,1.3
S02000599,S02000313,0,0,0,6,0,0,6,6,6,2,-1.4,3,-1.6,1,-1.1,3,1.4
S02000599,S02000317,5,0,0,4,-5,-5,-1,9,4,3,1.3,4,0.6,2,-1.3,5,-0.5
S02000599,S02000324,6,0,0,7,-6,-6,1,13,7,4,1,6,0.2,2,-1.6,7,-0.2
S02000599,S02000325,0,0,0,8,0,0,8,8,8,2,-1.6,3,-1.8,1,-1.2,5,1.6
S02000599,S02000327,0,0,0,6,0,0,6,6,6,2,-1.4,3,-1.6,1,-1.1,3,1.4
S02000599,S02000584,3,0,0,0,-3,-3,-3,3,0,1,2.1,1,1.5,1,-0.7,2,-1.3
S02000599,S02000585,3,0,0,11,-3,-3,8,14,11,4,-0.7,6,-1.2,3,-1.6,8,1
S02000599,S02000588,6,0,0,0,-6,-6,-6,6,0,2,3,3,2.2,1,-1.1,3,-1.9
S02000599,S02000589,0,0,0,4,0,0,4,4,4,1,-1.1,2,-1.3,1,-0.9,2,1.1
S02000599,S02000590,0,0,0,3,0,0,3,3,3,1,-1,1,-1.1,1,-0.7,2,1
S02000599,S02000591,3,3,0,4,-3,0,1,10,7,3,-0.1,4,0.8,2,-1.4,6,-0.7
S02000599,S02000593,3,3,0,6,-3,0,3,12,9,4,-0.4,5,0.4,2,-1.5,7,-0.3
S02000599,S02000595,4,0,0,0,-4,-4,-4,4,0,1,2.5,2,1.8,1,-0.9,2,-1.5
S02000599,S02000596,0,0,0,4,0,0,4,4,4,1,-1.1,2,-1.3,1,-0.9,2,1.1
S02000599,S02000597,0,0,4,12,4,0,12,16,16,5,-2.2,7,-2.6,3,0.6,9,2.2
S02000599,S02000599,37,26,9,18,-28,-11,-19,90,53,28,1.7,38,4,17,-1.9,52,-3.4
S02000599,S02000600,0,0,0,3,0,0,3,3,3,1,-1,1,-1.1,1,-0.7,2,1
S02000599,S02000601,4,0,0,0,-4,-4,-4,4,0,1,2.5,2,1.8,1,-0.9,2,-1.5
S02000599,S02000602,4,0,3,5,-1,-4,1,12,8,4,0.1,5,-0.5,2,0.5,7,0.4
S02000599,S02000603,6,4,0,19,-6,-2,13,29,23,9,-1,12,-0.7,5,-2.3,17,0.6
S02000599,S02000604,10,0,0,5,-10,-10,-5,15,5,5,2.5,6,1.4,3,-1.7,9,-1.2
S02000599,S02000605,0,3,3,3,3,3,3,9,9,3,-1.7,4,-0.4,2,1,5,0.4
S02000599,S02000607,43,0,3,9,-40,-43,-34,55,12,17,6.3,23,4.1,10,-2.2,32,-3.5
S02000599,S02000608,0,0,0,3,0,0,3,3,3,1,-1,1,-1.1,1,-0.7,2,1
S02000599,S02000609,0,3,3,6,3,3,6,12,12,4,-1.9,5,-0.9,2,0.5,7,0.8
S02000599,S02000610,3,0,0,14,-3,-3,11,17,14,5,-1,7,-1.6,3,-1.8,10,1.4
S02000599,S02000611,8,0,0,6,-8,-8,-2,14,6,4,1.7,6,0.8,3,-1.6,8,-0.7
S02000599,S02000612,0,0,0,8,0,0,8,8,8,2,-1.6,3,-1.8,1,-1.2,5,1.6
S02000599,S02000614,0,0,0,5,0,0,5,5,5,2,-1.2,2,-1.5,1,-1,3,1.3
S02000599,S02000615,0,0,0,15,0,0,15,15,15,5,-2.2,6,-2.5,3,-1.7,9,2.2
S02000599,S02000616,4,4,0,3,-4,0,-1,11,7,3,0.3,5,1.5,2,-1.4,6,-1.3
S02000599,S02000622,0,0,0,5,0,0,5,5,5,2,-1.2,2,-1.5,1,-1,3,1.3
S02000599,S02000624,0,0,0,5,0,0,5,5,5,2,-1.2,2,-1.5,1,-1,3,1.3
S02000599,S02000625,0,0,0,8,0,0,8,8,8,2,-1.6,3,-1.8,1,-1.2,5,1.6
S02000599,S02000627,0,0,0,4,0,0,4,4,4,1,-1.1,2,-1.3,1,-0.9,2,1.1
S02000599,S02000628,16,3,0,10,-16,-13,-6,29,13,9,2.3,12,1.9,5,-2.3,17,-1.6
S02000599,S02000631,4,3,3,0,-1,-1,-4,10,6,3,0.5,4,1.3,2,0.8,6,-1.1
S02000599,S02000632,5,0,0,0,-5,-5,-5,5,0,2,2.8,2,2,1,-1,3,-1.7
S02000599,S02000633,12,3,0,7,-12,-9,-5,22,10,7,2,9,1.8,4,-2,13,-1.6
S02000599,S02000634,22,0,4,18,-18,-22,-4,44,22,14,2.2,19,0.8,8,-1.5,25,-0.7
S02000599,S02000635,8,0,8,5,0,-8,-3,21,13,7,0.6,9,-0.3,4,2.1,12,0.3
S02000599,S02000638,0,0,0,4,0,0,4,4,4,1,-1.1,2,-1.3,1,-0.9,2,1.1
S02000599,S02000644,5,0,8,3,3,-5,-2,16,11,5,0,7,-0.7,3,2.9,9,0.6
S02000599,S02000649,0,3,5,0,5,3,0,8,8,2,-1.6,3,-0.2,1,2.9,5,0.2
S02000599,S02000651,4,3,11,5,7,-1,1,23,19,7,-1.2,10,-0.9,4,3.3,13,0.8
S02000599,S02000652,0,0,0,3,0,0,3,3,3,1,-1,1,-1.1,1,-0.7,2,1
S02000599,S02000655,66,25,265,94,199,-41,28,450,384,140,-6.3,191,-7.3,83,19.9,259,6.2
S02000599,S02000656,6,8,0,5,-6,2,-1,19,13,6,0,8,2.1,4,-1.9,11,-1.8
S02000599,S02000658,50,12,37,91,-13,-38,41,190,140,59,-1.2,81,-2.1,35,0.3,109,1.8
S02000599,S02000659,4,0,7,3,3,-4,-1,14,10,4,-0.2,6,-0.8,3,2.7,8,0.7
S02000599,S02000660,30,5,5,4,-25,-25,-26,44,14,14,4.4,19,3.8,8,-1.1,25,-3.2
S02000599,S02000661,11,0,16,10,5,-11,-1,37,26,12,-0.2,16,-1.2,7,3.5,21,1
S02000599,S02000663,0,3,0,0,0,3,0,3,3,1,-1,1,1.5,1,-0.7,2,-1.3
S02000599,S02000664,7,0,0,8,-7,-7,1,15,8,5,1.1,6,0.2,3,-1.7,9,-0.2
S02000599,S02000665,5,0,7,3,2,-5,-2,15,10,5,0.2,6,-0.5,3,2.5,9,0.5
S02000599,S02000666,0,0,0,4,0,0,4,4,4,1,-1.1,2,-1.3,1,-0.9,2,1.1
S02000599,S02000669,0,0,4,4,4,0,4,8,8,2,-1.6,3,-1.8,1,2.1,5,1.6
S02000599,S02000670,4,4,0,0,-4,0,-4,8,4,2,1,3,2.5,1,-1.2,5,-2.1
S02000599,S02000672,0,0,4,24,4,0,24,28,28,9,-3,12,-3.5,5,-0.5,16,3
S02000599,S02000676,0,0,3,0,3,0,0,3,3,1,-1,1,-1.1,1,3.3,2,1
S02000599,S02000681,0,0,0,4,0,0,4,4,4,1,-1.1,2,-1.3,1,-0.9,2,1.1
S02000599,S02000684,0,3,0,3,0,3,3,6,6,2,-1.4,3,0.3,1,-1.1,3,-0.2
S02000599,S02000688,0,0,0,5,0,0,5,5,5,2,-1.2,2,-1.5,1,-1,3,1.3
S02000599,S02000689,13,0,3,6,-10,-13,-7,22,9,7,2.3,9,1.2,4,-0.5,13,-1
S02000599,S02000690,3,0,0,0,-3,-3,-3,3,0,1,2.1,1,1.5,1,-0.7,2,-1.3
S02000599,S02000691,6,0,0,0,-6,-6,-6,6,0,2,3,3,2.2,1,-1.1,3,-1.9
S02000599,S02000702,0,0,0,6,0,0,6,6,6,2,-1.4,3,-1.6,1,-1.1,3,1.4
S02000599,S02000710,0,0,5,3,5,0,3,8,8,2,-1.6,3,-1.8,1,2.9,5,1.6
S02000599,S02000777,0,0,4,3,4,0,3,7,7,2,-1.5,3,-1.7,1,2.4,4,1.5
S02000599,S02000781,3,0,0,0,-3,-3,-3,3,0,1,2.1,1,1.5,1,-0.7,2,-1.3
S02000599,S02000923,0,4,0,0,0,4,0,4,4,1,-1.1,2,1.8,1,-0.9,2,-1.5
S02000599,S02000984,3,0,0,0,-3,-3,-3,3,0,1,2.1,1,1.5,1,-0.7,2,-1.3
S02000599,S02000993,4,0,0,0,-4,-4,-4,4,0,1,2.5,2,1.8,1,-0.9,2,-1.5
S02000599,S02000999,0,0,0,3,0,0,3,3,3,1,-1,1,-1.1,1,-0.7,2,1
S02000599,S02001000,8,3,0,0,-8,-5,-8,11,3,3,2.5,5,2.9,2,-1.4,6,-2.5
S02000599,S02001010,12,6,0,0,-12,-6,-12,18,6,6,2.7,8,3.7,3,-1.8,10,-3.2
S02000599,S02001013,0,4,0,12,0,4,12,16,16,5,-2.2,7,-1.1,3,-1.7,9,0.9
S02000599,S02001014,0,3,0,0,0,3,0,3,3,1,-1,1,1.5,1,-0.7,2,-1.3
S02000599,S02001015,0,0,3,4,3,0,4,7,7,2,-1.5,3,-1.7,1,1.5,4,1.5
S02000599,S02001016,0,0,0,5,0,0,5,5,5,2,-1.2,2,-1.5,1,-1,3,1.3
S02000599,S02001153,3,0,0,0,-3,-3,-3,3,0,1,2.1,1,1.5,1,-0.7,2,-1.3
S02000599,S02001159,0,0,0,3,0,0,3,3,3,1,-1,1,-1.1,1,-0.7,2,1
S02000599,S02001161,4,4,0,0,-4,0,-4,8,4,2,1,3,2.5,1,-1.2,5,-2.1
S02000599,S02001185,0,0,5,4,5,0,4,9,9,3,-1.7,4,-2,2,2.6,5,1.7
S02000599,S02001192,0,0,0,3,0,0,3,3,3,1,-1,1,-1.1,1,-0.7,2,1
S02000600,S02000270,0,0,5,0,5,0,0,5,5,2,-1.2,2,-1.5,1,4.2,3,1.3
S02000600,S02000281,3,0,0,0,-3,-3,-3,3,0,1,2.1,1,1.5,1,-0.7,2,-1.3
S02000600,S02000318,3,0,0,0,-3,-3,-3,3,0,1,2.1,1,1.5,1,-0.7,2,-1.3
S02000600,S02000319,0,0,0,3,0,0,3,3,3,1,-1,1,-1.1,1,-0.7,2,1
S02000600,S02000327,0,0,0,7,0,0,7,7,7,2,-1.5,3,-1.7,1,-1.1,4,1.5
S02000600,S02000328,0,3,0,0,0,3,0,3,3,1,-1,1,1.5,1,-0.7,2,-1.3
S02000600,S02000584,3,6,0,0,-3,3,-3,9,6,3,0.1,4,2.6,2,-1.3,5,-2.3
S02000600,S02000585,0,0,0,5,0,0,5,5,5,2,-1.2,2,-1.5,1,-1,3,1.3
S02000600,S02000587,0,4,0,0,0,4,0,4,4,1,-1.1,2,1.8,1,-0.9,2,-1.5
S02000600,S02000588,12,0,0,6,-12,-12,-6,18,6,6,2.7,8,1.6,3,-1.8,10,-1.4
S02000600,S02000589,0,0,0,3,0,0,3,3,3,1,-1,1,-1.1,1,-0.7,2,1
S02000600,S02000591,0,0,0,6,0,0,6,6,6,2,-1.4,3,-1.6,1,-1.1,3,1.4
S02000600,S02000593,3,0,0,0,-3,-3,-3,3,0,1,2.1,1,1.5,1,-0.7,2,-1.3
S02000600,S02000596,0,0,0,4,0,0,4,4,4,1,-1.1,2,-1.3,1,-0.9,2,1.1
S02000600,S02000597,5,0,0,5,-5,-5,0,10,5,3,1.1,4,0.4,2,-1.4,6,-0.3
S02000600,S02000599,7,8,4,7,-3,1,0,26,19,8,-0.4,11,1.2,5,-0.4,15,-1
S02000600,S02000600,0,0,0,11,0,0,11,11,11,3,-1.9,5,-2.2,2,-1.4,6,1.9
S02000600,S02000602,3,0,0,4,-3,-3,1,7,4,2,0.6,3,0,1,-1.1,4,0
S02000600,S02000603,7,3,4,16,-3,-4,9,30,23,9,-0.8,13,-0.8,6,-0.7,17,0.7
S02000600,S02000604,6,0,0,0,-6,-6,-6,6,0,2,3,3,2.2,1,-1.1,3,-1.9
S02000600,S02000605,0,0,0,4,0,0,4,4,4,1,-1.1,2,-1.3,1,-0.9,2,1.1
S02000600,S02000607,47,4,0,9,-47,-43,-38,60,13,19,6.5,26,5,11,-3.3,34,-4.3
S02000600,S02000608,3,0,0,0,-3,-3,-3,3,0,1,2.1,1,1.5,1,-0.7,2,-1.3
S02000600,S02000609,0,0,3,6,3,0,6,9,9,3,-1.7,4,-2,2,1,5,1.7
S02000600,S02000610,6,3,5,42,-1,-3,36,56,50,17,-2.7,24,-3,10,-1.7,32,2.6
S02000600,S02000611,0,8,0,0,0,8,0,8,8,2,-1.6,3,2.5,1,-1.2,5,-2.1
S02000600,S02000612,0,0,0,7,0,0,7,7,7,2,-1.5,3,-1.7,1,-1.1,4,1.5
S02000600,S02000613,0,0,0,3,0,0,3,3,3,1,-1,1,-1.1,1,-0.7,2,1
S02000600,S02000614,0,0,0,7,0,0,7,7,7,2,-1.5,3,-1.7,1,-1.1,4,1.5
S02000600,S02000615,6,3,0,13,-6,-3,7,22,16,7,-0.3,9,-0.1,4,-2,13,0.1
S02000600,S02000616,3,5,0,15,-3,2,12,23,20,7,-1.6,10,-0.6,4,-2.1,13,0.5
S02000600,S02000622,0,3,0,9,0,3,9,12,12,4,-1.9,5,-0.9,2,-1.5,7,0.8
S02000600,S02000624,0,0,0,3,0,0,3,3,3,1,-1,1,-1.1,1,-0.7,2,1
S02000600,S02000625,0,0,0,5,0,0,5,5,5,2,-1.2,2,-1.5,1,-1,3,1.3
S02000600,S02000627,0,0,0,3,0,0,3,3,3,1,-1,1,-1.1,1,-0.7,2,1
S02000600,S02000628,10,5,0,12,-10,-5,2,27,17,8,0.5,11,1,5,-2.2,16,-0.9
S02000600,S02000631,0,0,0,7,0,0,7,7,7,2,-1.5,3,-1.7,1,-1.1,4,1.5
S02000600,S02000632,0,3,0,0,0,3,0,3,3,1,-1,1,1.5,1,-0.7,2,-1.3
S02000600,S02000633,9,3,0,10,-9,-6,1,22,13,7,0.8,9,0.9,4,-2,13,-0.7
S02000600,S02000634,20,0,6,10,-14,-20,-10,36,16,11,2.6,15,1.2,7,-0.3,21,-1
S02000600,S02000635,6,0,3,4,-3,-6,-2,13,7,4,1,6,0.2,2,0.4,7,-0.2
S02000600,S02000638,4,0,0,0,-4,-4,-4,4,0,1,2.5,2,1.8,1,-0.9,2,-1.5
S02000600,S02000642,0,3,0,0,0,3,0,3,3,1,-1,1,1.5,1,-0.7,2,-1.3
S02000600,S02000644,0,0,5,0,5,0,0,5,5,2,-1.2,2,-1.5,1,4.2,3,1.3
S02000600,S02000648,0,3,0,0,0,3,0,3,3,1,-1,1,1.5,1,-0.7,2,-1.3
S02000600,S02000649,0,0,0,3,0,0,3,3,3,1,-1,1,-1.1,1,-0.7,2,1
S02000600,S02000651,6,3,8,3,2,-3,-3,20,14,6,-0.1,9,0.2,4,2.2,11,-0.1
S02000600,S02000654,3,0,0,0,-3,-3,-3,3,0,1,2.1,1,1.5,1,-0.7,2,-1.3
S02000600,S02000655,63,9,122,74,59,-54,11,268,205,83,-2.2,114,-3.9,50,10.3,154,3.4
S02000600,S02000656,7,8,0,4,-7,1,-3,19,12,6,0.4,8,2.4,4,-1.9,11,-2.1
S02000600,S02000658,40,4,16,73,-24,-36,33,133,93,41,-0.2,57,-1.7,25,-1.7,76,1.4
S02000600,S02000659,0,0,3,6,3,0,6,9,9,3,-1.7,4,-2,2,1,5,1.7
S02000600,S02000660,25,10,3,8,-22,-15,-17,46,21,14,2.8,20,3.5,9,-1.9,26,-3
S02000600,S02000661,9,0,9,9,0,-9,0,27,18,8,0.2,11,-0.7,5,1.8,16,0.6
S02000600,S02000663,0,3,0,7,0,3,7,10,10,3,-1.8,4,-0.6,2,-1.4,6,0.5
S02000600,S02000664,3,0,0,6,-3,-3,3,9,6,3,0.1,4,-0.4,2,-1.3,5,0.4
S02000600,S02000665,0,0,4,4,4,0,4,8,8,2,-1.6,3,-1.8,1,2.1,5,1.6
S02000600,S02000666,0,0,0,5,0,0,5,5,5,2,-1.2,2,-1.5,1,-1,3,1.3
S02000600,S02000669,0,0,3,0,3,0,0,3,3,1,-1,1,-1.1,1,3.3,2,1
S02000600,S02000670,9,6,0,0,-9,-3,-9,15,6,5,2,6,3.4,3,-1.7,9,-2.9
S02000600,S02000672,3,0,3,18,0,-3,15,24,21,7,-1.6,10,-2.3,4,-0.7,14,1.9
S02000600,S02000673,0,3,0,0,0,3,0,3,3,1,-1,1,1.5,1,-0.7,2,-1.3
S02000600,S02000675,0,0,0,5,0,0,5,5,5,2,-1.2,2,-1.5,1,-1,3,1.3
S02000600,S02000676,8,3,0,3,-8,-5,-5,14,6,4,1.7,6,2.1,3,-1.6,8,-1.8
S02000600,S02000684,0,8,0,0,0,8,0,8,8,2,-1.6,3,2.5,1,-1.2,5,-2.1
S02000600,S02000688,3,0,0,0,-3,-3,-3,3,0,1,2.1,1,1.5,1,-0.7,2,-1.3
S02000600,S02000689,8,0,0,6,-8,-8,-2,14,6,4,1.7,6,0.8,3,-1.6,8,-0.7
S02000600,S02000691,7,0,0,0,-7,-7,-7,7,0,2,3.3,3,2.3,1,-1.1,4,-2
S02000600,S02000702,3,0,0,0,-3,-3,-3,3,0,1,2.1,1,1.5,1,-0.7,2,-1.3
S02000600,S02000993,4,0,0,0,-4,-4,-4,4,0,1,2.5,2,1.8,1,-0.9,2,-1.5
S02000600,S02001000,5,0,0,9,-5,-5,4,14,9,4,0.3,6,-0.4,3,-1.6,8,0.3
S02000600,S02001010,3,0,3,0,0,-3,-3,6,3,2,0.8,3,0.3,1,1.8,3,-0.2
S02000600,S02001013,0,6,0,8,0,6,8,14,14,4,-2.1,6,0,3,-1.6,8,0
S02000600,S02001015,0,3,0,0,0,3,0,3,3,1,-1,1,1.5,1,-0.7,2,-1.3
S02000600,S02001156,0,0,0,5,0,0,5,5,5,2,-1.2,2,-1.5,1,-1,3,1.3
S02000600,S02001157,0,0,0,3,0,0,3,3,3,1,-1,1,-1.1,1,-0.7,2,1
S02000600,S02001158,0,0,0,3,0,0,3,3,3,1,-1,1,-1.1,1,-0.7,2,1
S02000600,S02001159,0,0,0,6,0,0,6,6,6,2,-1.4,3,-1.6,1,-1.1,3,1.4
S02000600,S02001160,0,0,4,0,4,0,0,4,4,1,-1.1,2,-1.3,1,3.8,2,1.1
S02000600,S02001161,13,5,0,9,-13,-8,-4,27,14,8,1.6,11,1.9,5,-2.2,16,-1.7
S02000600,S02001162,3,0,0,4,-3,-3,1,7,4,2,0.6,3,0,1,-1.1,4,0
S02000600,S02001185,4,0,4,5,0,-4,1,13,9,4,0,6,-0.7,2,1,7,0.6
S02000601,S02000324,3,3,0,5,-3,0,2,11,8,3,-0.2,5,0.6,2,-1.4,6,-0.5
S02000601,S02000327,0,3,0,0,0,3,0,3,3,1,-1,1,1.5,1,-0.7,2,-1.3
S02000601,S02000328,6,0,0,0,-6,-6,-6,6,0,2,3,3,2.2,1,-1.1,3,-1.9
S02000601,S02000586,7,0,0,0,-7,-7,-7,7,0,2,3.3,3,2.3,1,-1.1,4,-2
S02000601,S02000587,0,15,0,3,0,15,3,18,18,6,-2.4,8,2.7,3,-1.8,10,-2.3
S02000601,S02000590,3,0,0,18,-3,-3,15,21,18,7,-1.4,9,-2,4,-2,12,1.7
S02000601,S02000596,0,0,0,4,0,0,4,4,4,1,-1.1,2,-1.3,1,-0.9,2,1.1
S02000601,S02000597,14,4,17,81,3,-10,67,116,102,36,-3.7,49,-4.5,21,-1,67,3.8
S02000601,S02000599,0,3,0,3,0,3,3,6,6,2,-1.4,3,0.3,1,-1.1,3,-0.2
S02000601,S02000601,6,0,0,9,-6,-6,3,15,9,5,0.6,6,-0.2,3,-1.7,9,0.1
S02000601,S02000602,5,0,4,7,-1,-5,2,16,11,5,0,7,-0.7,3,0.6,9,0.6
S02000601,S02000603,0,0,0,4,0,0,4,4,4,1,-1.1,2,-1.3,1,-0.9,2,1.1
S02000601,S02000606,0,0,0,7,0,0,7,7,7,2,-1.5,3,-1.7,1,-1.1,4,1.5
S02000601,S02000607,7,0,0,4,-7,-7,-3,11,4,3,1.9,5,1.1,2,-1.4,6,-0.9
S02000601,S02000608,23,3,4,8,-19,-20,-15,38,15,12,3.2,16,2.4,7,-1.1,22,-2.1
S02000601,S02000609,0,0,0,5,0,0,5,5,5,2,-1.2,2,-1.5,1,-1,3,1.3
S02000601,S02000610,3,0,0,3,-3,-3,0,6,3,2,0.8,3,0.3,1,-1.1,3,-0.2
S02000601,S02000611,0,3,0,0,0,3,0,3,3,1,-1,1,1.5,1,-0.7,2,-1.3
S02000601,S02000612,3,0,0,0,-3,-3,-3,3,0,1,2.1,1,1.5,1,-0.7,2,-1.3
S02000601,S02000614,4,0,0,4,-4,-4,0,8,4,2,1,3,0.3,1,-1.2,5,-0.3
S02000601,S02000615,5,0,0,0,-5,-5,-5,5,0,2,2.8,2,2,1,-1,3,-1.7
S02000601,S02000616,5,0,0,0,-5,-5,-5,5,0,2,2.8,2,2,1,-1,3,-1.7
S02000601,S02000617,5,0,0,7,-5,-5,2,12,7,4,0.7,5,0,2,-1.5,7,0
S02000601,S02000625,6,0,0,11,-6,-6,5,17,11,5,0.3,7,-0.5,3,-1.8,10,0.4
S02000601,S02000627,9,0,3,8,-6,-9,-1,20,11,6,1.1,9,0.2,4,-0.4,11,-0.1
S02000601,S02000628,0,0,0,3,0,0,3,3,3,1,-1,1,-1.1,1,-0.7,2,1
S02000601,S02000634,13,0,3,3,-10,-13,-10,19,6,6,2.9,8,1.7,4,-0.3,11,-1.5
S02000601,S02000635,3,0,0,0,-3,-3,-3,3,0,1,2.1,1,1.5,1,-0.7,2,-1.3
S02000601,S02000638,0,3,0,6,0,3,6,9,9,3,-1.7,4,-0.4,2,-1.3,5,0.4
S02000601,S02000644,8,3,0,0,-8,-5,-8,11,3,3,2.5,5,2.9,2,-1.4,6,-2.5
S02000601,S02000651,0,0,4,0,4,0,0,4,4,1,-1.1,2,-1.3,1,3.8,2,1.1
S02000601,S02000655,16,0,24,20,8,-16,4,60,44,19,-0.6,26,-1.9,11,3.9,34,1.6
S02000601,S02000656,0,4,0,21,0,4,21,25,25,8,-2.8,11,-2,5,-2.2,14,1.7
S02000601,S02000658,13,4,4,24,-9,-9,11,45,32,14,-0.3,19,-0.5,8,-1.5,26,0.4
S02000601,S02000660,35,6,0,4,-35,-29,-31,45,10,14,5.6,19,5,8,-2.9,26,-4.3
S02000601,S02000670,0,5,0,0,0,5,0,5,5,2,-1.2,2,2,1,-1,3,-1.7
S02000601,S02000674,3,0,0,0,-3,-3,-3,3,0,1,2.1,1,1.5,1,-0.7,2,-1.3
S02000601,S02000684,0,6,0,0,0,6,0,6,6,2,-1.4,3,2.2,1,-1.1,3,-1.9
S02000601,S02000688,3,0,0,0,-3,-3,-3,3,0,1,2.1,1,1.5,1,-0.7,2,-1.3
S02000601,S02000689,4,0,0,0,-4,-4,-4,4,0,1,2.5,2,1.8,1,-0.9,2,-1.5
S02000601,S02000698,0,0,0,3,0,0,3,3,3,1,-1,1,-1.1,1,-0.7,2,1
S02000601,S02000999,0,0,0,5,0,0,5,5,5,2,-1.2,2,-1.5,1,-1,3,1.3
S02000601,S02001000,12,0,0,6,-12,-12,-6,18,6,6,2.7,8,1.6,3,-1.8,10,-1.4
S02000601,S02001004,0,0,4,0,4,0,0,4,4,1,-1.1,2,-1.3,1,3.8,2,1.1
S02000601,S02001010,0,0,0,3,0,0,3,3,3,1,-1,1,-1.1,1,-0.7,2,1
S02000601,S02001013,3,9,6,10,3,6,7,28,25,9,-1.9,12,0,5,0.4,16,0
S02000601,S02001015,0,7,0,0,0,7,0,7,7,2,-1.5,3,2.3,1,-1.1,4,-2
S02000601,S02001016,4,0,0,0,-4,-4,-4,4,0,1,2.5,2,1.8,1,-0.9,2,-1.5
S02000601,S02001185,0,0,0,4,0,0,4,4,4,1,-1.1,2,-1.3,1,-0.9,2,1.1
S02000602,S02000264,0,0,0,3,0,0,3,3,3,1,-1,1,-1.1,1,-0.7,2,1
S02000602,S02000313,4,0,0,0,-4,-4,-4,4,0,1,2.5,2,1.8,1,-0.9,2,-1.5
S02000602,S02000314,4,0,0,0,-4,-4,-4,4,0,1,2.5,2,1.8,1,-0.9,2,-1.5
S02000602,S02000318,6,0,0,3,-6,-6,-3,9,3,3,1.9,4,1.1,2,-1.3,5,-1
S02000602,S02000323,0,0,0,5,0,0,5,5,5,2,-1.2,2,-1.5,1,-1,3,1.3
S02000602,S02000324,0,0,0,4,0,0,4,4,4,1,-1.1,2,-1.3,1,-0.9,2,1.1
S02000602,S02000327,4,0,0,4,-4,-4,0,8,4,2,1,3,0.3,1,-1.2,5,-0.3
S02000602,S02000328,6,3,0,0,-6,-3,-6,9,3,3,1.9,4,2.6,2,-1.3,5,-2.3
S02000602,S02000585,0,0,0,3,0,0,3,3,3,1,-1,1,-1.1,1,-0.7,2,1
S02000602,S02000587,3,3,0,0,-3,0,-3,6,3,2,0.8,3,2.2,1,-1.1,3,-1.9
S02000602,S02000588,5,0,0,0,-5,-5,-5,5,0,2,2.8,2,2,1,-1,3,-1.7
S02000602,S02000590,3,0,0,5,-3,-3,2,8,5,2,0.3,3,-0.2,1,-1.2,5,0.2
S02000602,S02000593,3,0,0,0,-3,-3,-3,3,0,1,2.1,1,1.5,1,-0.7,2,-1.3
S02000602,S02000596,0,0,0,8,0,0,8,8,8,2,-1.6,3,-1.8,1,-1.2,5,1.6
S02000602,S02000597,4,0,8,21,4,-4,17,33,29,10,-2,14,-2.7,6,0.8,19,2.3
S02000602,S02000598,0,0,0,3,0,0,3,3,3,1,-1,1,-1.1,1,-0.7,2,1
S02000602,S02000599,16,6,3,3,-13,-10,-13,28,12,9,2.5,12,2.9,5,-1,16,-2.5
S02000602,S02000601,0,0,0,4,0,0,4,4,4,1,-1.1,2,-1.3,1,-0.9,2,1.1
S02000602,S02000602,17,7,0,36,-17,-10,19,60,43,19,-0.4,26,-0.3,11,-3.3,34,0.3
S02000602,S02000603,0,0,0,8,0,0,8,8,8,2,-1.6,3,-1.8,1,-1.2,5,1.6
S02000602,S02000604,4,0,0,0,-4,-4,-4,4,0,1,2.5,2,1.8,1,-0.9,2,-1.5
S02000602,S02000605,0,3,0,4,0,3,4,7,7,2,-1.5,3,0,1,-1.1,4,0
S02000602,S02000607,18,0,0,5,-18,-18,-13,23,5,7,4,10,2.6,4,-2.1,13,-2.3
S02000602,S02000609,5,0,7,19,2,-5,14,31,26,10,-1.5,13,-2.3,6,0.5,18,1.9
S02000602,S02000611,0,5,0,0,0,5,0,5,5,2,-1.2,2,2,1,-1,3,-1.7
S02000602,S02000612,5,0,0,13,-5,-5,8,18,13,6,-0.3,8,-1,3,-1.8,10,0.8
S02000602,S02000614,0,0,0,5,0,0,5,5,5,2,-1.2,2,-1.5,1,-1,3,1.3
S02000602,S02000616,3,0,4,6,1,-3,3,13,10,4,-0.5,6,-1.1,2,1,7,0.9
S02000602,S02000617,6,0,0,3,-6,-6,-3,9,3,3,1.9,4,1.1,2,-1.3,5,-1
S02000602,S02000622,0,0,0,9,0,0,9,9,9,3,-1.7,4,-2,2,-1.3,5,1.7
S02000602,S02000625,0,0,0,5,0,0,5,5,5,2,-1.2,2,-1.5,1,-1,3,1.3
S02000602,S02000628,11,0,0,6,-11,-11,-5,17,6,5,2.5,7,1.4,3,-1.8,10,-1.2
S02000602,S02000629,0,3,0,0,0,3,0,3,3,1,-1,1,1.5,1,-0.7,2,-1.3
S02000602,S02000631,0,0,6,0,6,0,0,6,6,2,-1.4,3,-1.6,1,4.6,3,1.4
S02000602,S02000632,4,0,0,0,-4,-4,-4,4,0,1,2.5,2,1.8,1,-0.9,2,-1.5
S02000602,S02000634,22,3,6,6,-16,-19,-16,37,15,12,3.1,16,2.3,7,-0.3,21,-2
S02000602,S02000635,0,0,0,3,0,0,3,3,3,1,-1,1,-1.1,1,-0.7,2,1
S02000602,S02000637,0,0,0,3,0,0,3,3,3,1,-1,1,-1.1,1,-0.7,2,1
S02000602,S02000638,0,0,0,5,0,0,5,5,5,2,-1.2,2,-1.5,1,-1,3,1.3
S02000602,S02000644,7,0,6,0,-1,-7,-7,13,6,4,1.5,6,0.6,2,2.3,7,-0.5
S02000602,S02000651,0,0,9,5,9,0,5,14,14,4,-2.1,6,-2.4,3,4,8,2.1
S02000602,S02000655,45,10,115,68,70,-35,23,238,193,74,-3.4,101,-4.6,44,10.7,137,4
S02000602,S02000656,5,10,5,6,0,5,1,26,21,8,-1.1,11,1.2,5,0.1,15,-1
S02000602,S02000657,0,0,0,3,0,0,3,3,3,1,-1,1,-1.1,1,-0.7,2,1
S02000602,S02000658,27,12,22,54,-5,-15,27,115,88,36,-1.5,49,-1.4,21,0.2,66,1.2
S02000602,S02000659,0,0,0,4,0,0,4,4,4,1,-1.1,2,-1.3,1,-0.9,2,1.1
S02000602,S02000660,22,6,0,5,-22,-16,-17,33,11,10,3.7,14,3.7,6,-2.5,19,-3.2
S02000602,S02000661,11,3,8,0,-3,-8,-11,22,11,7,1.6,9,1.5,4,1.9,13,-1.3
S02000602,S02000664,7,0,0,3,-7,-7,-4,10,3,3,2.2,4,1.3,2,-1.4,6,-1.1
S02000602,S02000665,0,3,7,5,7,3,5,15,15,5,-2.2,6,-1.3,3,2.5,9,1.2
S02000602,S02000668,3,0,0,3,-3,-3,0,6,3,2,0.8,3,0.3,1,-1.1,3,-0.2
S02000602,S02000669,0,0,12,8,12,0,8,20,20,6,-2.5,9,-2.9,4,4.3,11,2.5
S02000602,S02000670,6,0,0,0,-6,-6,-6,6,0,2,3,3,2.2,1,-1.1,3,-1.9
S02000602,S02000672,0,0,0,11,0,0,11,11,11,3,-1.9,5,-2.2,2,-1.4,6,1.9
S02000602,S02000676,3,0,0,4,-3,-3,1,7,4,2,0.6,3,0,1,-1.1,4,0
S02000602,S02000684,0,0,0,3,0,0,3,3,3,1,-1,1,-1.1,1,-0.7,2,1
S02000602,S02000689,5,0,0,0,-5,-5,-5,5,0,2,2.8,2,2,1,-1,3,-1.7
S02000602,S02000691,6,0,3,0,-3,-6,-6,9,3,3,1.9,4,1.1,2,1,5,-1
S02000602,S02000701,0,4,0,0,0,4,0,4,4,1,-1.1,2,1.8,1,-0.9,2,-1.5
S02000602,S02000710,0,0,5,0,5,0,0,5,5,2,-1.2,2,-1.5,1,4.2,3,1.3
S02000602,S02000991,0,0,0,3,0,0,3,3,3,1,-1,1,-1.1,1,-0.7,2,1
S02000602,S02000993,3,0,0,0,-3,-3,-3,3,0,1,2.1,1,1.5,1,-0.7,2,-1.3
S02000602,S02001000,5,0,3,3,-2,-5,-2,11,6,3,0.9,5,0.1,2,0.7,6,-0.1
S02000602,S02001010,0,0,0,6,0,0,6,6,6,2,-1.4,3,-1.6,1,-1.1,3,1.4
S02000602,S02001013,4,5,3,4,-1,1,0,16,12,5,-0.4,7,0.8,3,0,9,-0.7
S02000602,S02001015,0,0,3,3,3,0,3,6,6,2,-1.4,3,-1.6,1,1.8,3,1.4
S02000602,S02001162,4,0,0,0,-4,-4,-4,4,0,1,2.5,2,1.8,1,-0.9,2,-1.5
S02000602,S02001185,4,0,4,5,0,-4,1,13,9,4,0,6,-0.7,2,1,7,0.6
S02000602,S02001192,0,0,3,0,3,0,0,3,3,1,-1,1,-1.1,1,3.3,2,1
S02000603,S02000264,0,0,0,3,0,0,3,3,3,1,-1,1,-1.1,1,-0.7,2,1
S02000603,S02000270,0,0,5,0,5,0,0,5,5,2,-1.2,2,-1.5,1,4.2,3,1.3
S02000603,S02000311,0,0,0,5,0,0,5,5,5,2,-1.2,2,-1.5,1,-1,3,1.3
S02000603,S02000313,0,0,0,4,0,0,4,4,4,1,-1.1,2,-1.3,1,-0.9,2,1.1
S02000603,S02000324,0,0,0,3,0,0,3,3,3,1,-1,1,-1.1,1,-0.7,2,1
S02000603,S02000327,3,3,0,5,-3,0,2,11,8,3,-0.2,5,0.6,2,-1.4,6,-0.5
S02000603,S02000328,4,0,0,3,-4,-4,-1,7,3,2,1.2,3,0.6,1,-1.1,4,-0.5
S02000603,S02000584,3,0,0,0,-3,-3,-3,3,0,1,2.1,1,1.5,1,-0.7,2,-1.3
S02000603,S02000585,3,0,0,4,-3,-3,1,7,4,2,0.6,3,0,1,-1.1,4,0
S02000603,S02000588,5,0,0,0,-5,-5,-5,5,0,2,2.8,2,2,1,-1,3,-1.7
S02000603,S02000591,0,0,0,3,0,0,3,3,3,1,-1,1,-1.1,1,-0.7,2,1
S02000603,S02000593,3,0,0,0,-3,-3,-3,3,0,1,2.1,1,1.5,1,-0.7,2,-1.3
S02000603,S02000596,3,0,0,0,-3,-3,-3,3,0,1,2.1,1,1.5,1,-0.7,2,-1.3
S02000603,S02000597,4,0,4,5,0,-4,1,13,9,4,0,6,-0.7,2,1,7,0.6
S02000603,S02000599,9,7,6,3,-3,-2,-6,25,16,8,0.4,11,1.6,5,0.6,14,-1.4
S02000603,S02000600,0,0,0,5,0,0,5,5,5,2,-1.2,2,-1.5,1,-1,3,1.3
S02000603,S02000601,3,0,0,0,-3,-3,-3,3,0,1,2.1,1,1.5,1,-0.7,2,-1.3
S02000603,S02000602,3,0,0,11,-3,-3,8,14,11,4,-0.7,6,-1.2,3,-1.6,8,1
S02000603,S02000603,9,5,0,14,-9,-4,5,28,19,9,0.1,12,0.6,5,-2.3,16,-0.5
S02000603,S02000604,3,0,0,0,-3,-3,-3,3,0,1,2.1,1,1.5,1,-0.7,2,-1.3
S02000603,S02000607,32,0,0,12,-32,-32,-20,44,12,14,4.9,19,3.1,8,-2.9,25,-2.6
S02000603,S02000608,4,0,0,0,-4,-4,-4,4,0,1,2.5,2,1.8,1,-0.9,2,-1.5
S02000603,S02000609,0,0,0,7,0,0,7,7,7,2,-1.5,3,-1.7,1,-1.1,4,1.5
S02000603,S02000610,10,0,4,10,-6,-10,0,24,14,7,0.9,10,-0.1,4,-0.2,14,0.1
S02000603,S02000612,4,0,0,3,-4,-4,-1,7,3,2,1.2,3,0.6,1,-1.1,4,-0.5
S02000603,S02000614,3,0,0,8,-3,-3,5,11,8,3,-0.2,5,-0.8,2,-1.4,6,0.7
S02000603,S02000615,7,0,0,15,-7,-7,8,22,15,7,0.1,9,-0.8,4,-2,13,0.7
S02000603,S02000617,3,0,0,0,-3,-3,-3,3,0,1,2.1,1,1.5,1,-0.7,2,-1.3
S02000603,S02000618,0,0,0,3,0,0,3,3,3,1,-1,1,-1.1,1,-0.7,2,1
S02000603,S02000622,0,0,0,6,0,0,6,6,6,2,-1.4,3,-1.6,1,-1.1,3,1.4
S02000603,S02000624,0,0,0,3,0,0,3,3,3,1,-1,1,-1.1,1,-0.7,2,1
S02000603,S02000625,0,0,0,6,0,0,6,6,6,2,-1.4,3,-1.6,1,-1.1,3,1.4
S02000603,S02000628,11,0,3,12,-8,-11,1,26,15,8,1,11,0,5,-0.8,15,0
S02000603,S02000631,0,4,0,7,0,4,7,11,11,3,-1.9,5,-0.3,2,-1.4,6,0.3
S02000603,S02000633,9,0,3,7,-6,-9,-2,19,10,6,1.3,8,0.3,4,-0.3,11,-0.3
S02000603,S02000634,30,0,10,9,-20,-30,-21,49,19,15,3.8,21,2,9,0.3,28,-1.7
S02000603,S02000635,6,0,0,6,-6,-6,0,12,6,4,1.2,5,0.4,2,-1.5,7,-0.3
S02000603,S02000642,0,3,3,3,3,3,3,9,9,3,-1.7,4,-0.4,2,1,5,0.4
S02000603,S02000644,5,0,12,8,7,-5,3,25,20,8,-1,11,-1.7,5,3.4,14,1.5
S02000603,S02000645,0,0,0,3,0,0,3,3,3,1,-1,1,-1.1,1,-0.7,2,1
S02000603,S02000647,0,0,3,0,3,0,0,3,3,1,-1,1,-1.1,1,3.3,2,1
S02000603,S02000648,0,0,0,4,0,0,4,4,4,1,-1.1,2,-1.3,1,-0.9,2,1.1
S02000603,S02000649,3,0,0,0,-3,-3,-3,3,0,1,2.1,1,1.5,1,-0.7,2,-1.3
S02000603,S02000651,0,3,9,9,9,3,9,21,21,7,-2.6,9,-2,4,2.6,12,1.7
S02000603,S02000655,74,16,202,103,128,-58,29,395,321,123,-4.4,168,-6,73,15.1,227,5.2
S02000603,S02000656,8,7,0,7,-8,-1,-1,22,14,7,0.4,9,1.8,4,-2,13,-1.6
S02000603,S02000658,56,7,29,86,-27,-49,30,178,122,55,0.1,76,-1.5,33,-0.7,102,1.3
S02000603,S02000659,0,0,9,6,9,0,6,15,15,5,-2.2,6,-2.5,3,3.7,9,2.2
S02000603,S02000660,13,0,5,5,-8,-13,-8,23,10,7,2.2,10,1,4,0.4,13,-0.9
S02000603,S02000661,10,0,14,11,4,-10,1,35,25,11,-0.3,15,-1.3,6,3,20,1.1
S02000603,S02000663,0,0,0,5,0,0,5,5,5,2,-1.2,2,-1.5,1,-1,3,1.3
S02000603,S02000664,6,0,0,5,-6,-6,-1,11,5,3,1.4,5,0.6,2,-1.4,6,-0.5
S02000603,S02000665,0,4,14,0,14,4,0,18,18,6,-2.4,8,-1.3,3,5.8,10,1.1
S02000603,S02000667,0,0,0,3,0,0,3,3,3,1,-1,1,-1.1,1,-0.7,2,1
S02000603,S02000669,0,0,0,4,0,0,4,4,4,1,-1.1,2,-1.3,1,-0.9,2,1.1
S02000603,S02000670,0,4,0,0,0,4,0,4,4,1,-1.1,2,1.8,1,-0.9,2,-1.5
S02000603,S02000672,4,0,3,19,-1,-4,15,26,22,8,-1.4,11,-2.1,5,-0.8,15,1.8
S02000603,S02000675,5,0,0,3,-5,-5,-2,8,3,2,1.6,3,0.9,1,-1.2,5,-0.7
S02000603,S02000676,5,6,0,0,-5,1,-5,11,6,3,0.9,5,2.9,2,-1.4,6,-2.5
S02000603,S02000680,0,0,0,3,0,0,3,3,3,1,-1,1,-1.1,1,-0.7,2,1
S02000603,S02000681,3,0,0,0,-3,-3,-3,3,0,1,2.1,1,1.5,1,-0.7,2,-1.3
S02000603,S02000688,5,0,0,0,-5,-5,-5,5,0,2,2.8,2,2,1,-1,3,-1.7
S02000603,S02000689,17,0,0,5,-17,-17,-12,22,5,7,3.9,9,2.5,4,-2,13,-2.1
S02000603,S02000691,4,0,0,0,-4,-4,-4,4,0,1,2.5,2,1.8,1,-0.9,2,-1.5
S02000603,S02000693,3,0,0,0,-3,-3,-3,3,0,1,2.1,1,1.5,1,-0.7,2,-1.3
S02000603,S02000707,3,0,0,0,-3,-3,-3,3,0,1,2.1,1,1.5,1,-0.7,2,-1.3
S02000603,S02000710,0,0,4,0,4,0,0,4,4,1,-1.1,2,-1.3,1,3.8,2,1.1
S02000603,S02000716,5,0,0,0,-5,-5,-5,5,0,2,2.8,2,2,1,-1,3,-1.7
S02000603,S02000984,0,0,0,3,0,0,3,3,3,1,-1,1,-1.1,1,-0.7,2,1
S02000603,S02000994,7,0,0,0,-7,-7,-7,7,0,2,3.3,3,2.3,1,-1.1,4,-2
S02000603,S02001000,4,0,0,8,-4,-4,4,12,8,4,0.1,5,-0.5,2,-1.5,7,0.4
S02000603,S02001010,10,3,3,0,-7,-7,-10,16,6,5,2.2,7,2.4,3,0,9,-2
S02000603,S02001013,3,0,3,5,0,-3,2,11,8,3,-0.2,5,-0.8,2,0.7,6,0.7
S02000603,S02001014,0,3,0,0,0,3,0,3,3,1,-1,1,1.5,1,-0.7,2,-1.3
S02000603,S02001015,0,4,6,0,6,4,0,10,10,3,-1.8,4,-0.1,2,3.1,6,0.1
S02000603,S02001148,0,0,0,3,0,0,3,3,3,1,-1,1,-1.1,1,-0.7,2,1
S02000603,S02001154,0,0,0,6,0,0,6,6,6,2,-1.4,3,-1.6,1,-1.1,3,1.4
S02000603,S02001160,0,0,0,3,0,0,3,3,3,1,-1,1,-1.1,1,-0.7,2,1
S02000603,S02001161,0,5,0,5,0,5,5,10,10,3,-1.8,4,0.4,2,-1.4,6,-0.3
S02000603,S02001162,0,0,0,6,0,0,6,6,6,2,-1.4,3,-1.6,1,-1.1,3,1.4
S02000603,S02001185,5,4,4,0,-1,-1,-5,13,8,4,0.5,6,1.5,2,1,7,-1.3
S02000604,S02000264,0,0,0,3,0,0,3,3,3,1,-1,1,-1.1,1,-0.7,2,1
S02000604,S02000281,4,0,0,0,-4,-4,-4,4,0,1,2.5,2,1.8,1,-0.9,2,-1.5
S02000604,S02000310,0,7,0,0,0,7,0,7,7,2,-1.5,3,2.3,1,-1.1,4,-2
S02000604,S02000311,0,0,0,3,0,0,3,3,3,1,-1,1,-1.1,1,-0.7,2,1
S02000604,S02000312,0,0,0,3,0,0,3,3,3,1,-1,1,-1.1,1,-0.7,2,1
S02000604,S02000313,0,0,0,4,0,0,4,4,4,1,-1.1,2,-1.3,1,-0.9,2,1.1
S02000604,S02000317,4,0,0,5,-4,-4,1,9,5,3,0.7,4,0.1,2,-1.3,5,-0.1
S02000604,S02000318,0,0,0,3,0,0,3,3,3,1,-1,1,-1.1,1,-0.7,2,1
S02000604,S02000323,3,0,0,0,-3,-3,-3,3,0,1,2.1,1,1.5,1,-0.7,2,-1.3
S02000604,S02000324,8,0,0,7,-8,-8,-1,15,7,5,1.5,6,0.6,3,-1.7,9,-0.6
S02000604,S02000326,0,0,0,4,0,0,4,4,4,1,-1.1,2,-1.3,1,-0.9,2,1.1
S02000604,S02000327,4,0,0,7,-4,-4,3,11,7,3,0.3,5,-0.3,2,-1.4,6,0.3
S02000604,S02000328,4,0,0,3,-4,-4,-1,7,3,2,1.2,3,0.6,1,-1.1,4,-0.5
S02000604,S02000584,0,0,0,3,0,0,3,3,3,1,-1,1,-1.1,1,-0.7,2,1
S02000604,S02000585,0,0,0,5,0,0,5,5,5,2,-1.2,2,-1.5,1,-1,3,1.3
S02000604,S02000587,0,5,0,0,0,5,0,5,5,2,-1.2,2,2,1,-1,3,-1.7
S02000604,S02000588,6,0,0,0,-6,-6,-6,6,0,2,3,3,2.2,1,-1.1,3,-1.9
S02000604,S02000591,0,0,0,3,0,0,3,3,3,1,-1,1,-1.1,1,-0.7,2,1
S02000604,S02000593,0,0,0,3,0,0,3,3,3,1,-1,1,-1.1,1,-0.7,2,1
S02000604,S02000597,0,0,0,6,0,0,6,6,6,2,-1.4,3,-1.6,1,-1.1,3,1.4
S02000604,S02000598,4,0,0,0,-4,-4,-4,4,0,1,2.5,2,1.8,1,-0.9,2,-1.5
S02000604,S02000599,20,5,5,0,-15,-15,-20,30,10,9,3.5,13,3.4,6,-0.2,17,-2.9
S02000604,S02000602,6,0,0,11,-6,-6,5,17,11,5,0.3,7,-0.5,3,-1.8,10,0.4
S02000604,S02000603,6,0,0,17,-6,-6,11,23,17,7,-0.4,10,-1.2,4,-2.1,13,1
S02000604,S02000604,7,5,0,14,-7,-2,7,26,19,8,-0.4,11,0.3,5,-2.2,15,-0.2
S02000604,S02000605,3,0,0,6,-3,-3,3,9,6,3,0.1,4,-0.4,2,-1.3,5,0.4
S02000604,S02000606,0,0,0,3,0,0,3,3,3,1,-1,1,-1.1,1,-0.7,2,1
S02000604,S02000607,21,0,4,17,-17,-21,-4,42,21,13,2.2,18,0.7,8,-1.4,24,-0.6
S02000604,S02000608,4,0,0,0,-4,-4,-4,4,0,1,2.5,2,1.8,1,-0.9,2,-1.5
S02000604,S02000609,3,0,4,16,1,-3,13,23,20,7,-1.6,10,-2.2,4,-0.1,13,1.9
S02000604,S02000610,0,0,0,3,0,0,3,3,3,1,-1,1,-1.1,1,-0.7,2,1
S02000604,S02000611,0,0,0,5,0,0,5,5,5,2,-1.2,2,-1.5,1,-1,3,1.3
S02000604,S02000612,0,0,0,5,0,0,5,5,5,2,-1.2,2,-1.5,1,-1,3,1.3
S02000604,S02000614,0,0,0,3,0,0,3,3,3,1,-1,1,-1.1,1,-0.7,2,1
S02000604,S02000615,0,0,0,7,0,0,7,7,7,2,-1.5,3,-1.7,1,-1.1,4,1.5
S02000604,S02000616,3,0,0,7,-3,-3,4,10,7,3,-0.1,4,-0.6,2,-1.4,6,0.5
S02000604,S02000617,0,0,0,3,0,0,3,3,3,1,-1,1,-1.1,1,-0.7,2,1
S02000604,S02000622,0,0,0,6,0,0,6,6,6,2,-1.4,3,-1.6,1,-1.1,3,1.4
S02000604,S02000624,0,0,0,4,0,0,4,4,4,1,-1.1,2,-1.3,1,-0.9,2,1.1
S02000604,S02000625,0,0,0,11,0,0,11,11,11,3,-1.9,5,-2.2,2,-1.4,6,1.9
S02000604,S02000628,16,0,0,7,-16,-16,-9,23,7,7,3.3,10,2,4,-2.1,13,-1.7
S02000604,S02000631,3,0,0,8,-3,-3,5,11,8,3,-0.2,5,-0.8,2,-1.4,6,0.7
S02000604,S02000632,4,0,0,0,-4,-4,-4,4,0,1,2.5,2,1.8,1,-0.9,2,-1.5
S02000604,S02000633,9,3,0,5,-9,-6,-4,17,8,5,1.6,7,1.8,3,-1.8,10,-1.5
S02000604,S02000634,15,0,10,17,-5,-15,2,42,27,13,0.5,18,-0.7,8,0.8,24,0.6
S02000604,S02000635,9,0,4,4,-5,-9,-5,17,8,5,1.6,7,0.7,3,0.5,10,-0.6
S02000604,S02000638,3,0,0,0,-3,-3,-3,3,0,1,2.1,1,1.5,1,-0.7,2,-1.3
S02000604,S02000642,4,0,0,0,-4,-4,-4,4,0,1,2.5,2,1.8,1,-0.9,2,-1.5
S02000604,S02000644,5,0,24,4,19,-5,-1,33,28,10,-1.6,14,-2.4,6,7.2,19,2.1
S02000604,S02000647,3,0,0,0,-3,-3,-3,3,0,1,2.1,1,1.5,1,-0.7,2,-1.3
S02000604,S02000649,0,0,4,5,4,0,5,9,9,3,-1.7,4,-2,2,1.8,5,1.7
S02000604,S02000651,4,0,12,3,8,-4,-1,19,15,6,-0.8,8,-1.4,4,4.5,11,1.2
S02000604,S02000655,76,26,246,83,170,-50,7,431,355,134,-5,183,-6,80,18.6,248,5.2
S02000604,S02000656,4,10,5,7,1,6,3,26,22,8,-1.4,11,0.9,5,0.1,15,-0.8
S02000604,S02000658,67,5,32,82,-35,-62,15,186,119,58,1.2,79,-0.8,34,-0.4,107,0.7
S02000604,S02000659,4,0,5,0,1,-4,-4,9,5,3,0.7,4,0.1,2,2.6,5,-0.1
S02000604,S02000660,30,0,3,0,-27,-30,-30,33,3,10,6.2,14,4.3,6,-1.3,19,-3.7
S02000604,S02000661,13,0,16,11,3,-13,-2,40,27,12,0.2,17,-1,7,3.2,23,0.8
S02000604,S02000663,0,3,0,4,0,3,4,7,7,2,-1.5,3,0,1,-1.1,4,0
S02000604,S02000664,14,0,0,0,-14,-14,-14,14,0,4,4.6,6,3.3,3,-1.6,8,-2.8
S02000604,S02000665,7,4,10,8,3,-3,1,29,22,9,-0.7,12,-0.4,5,2,17,0.3
S02000604,S02000670,0,3,0,0,0,3,0,3,3,1,-1,1,1.5,1,-0.7,2,-1.3
S02000604,S02000672,0,0,3,26,3,0,26,29,29,9,-3,12,-3.5,5,-1,17,3
S02000604,S02000675,0,0,0,4,0,0,4,4,4,1,-1.1,2,-1.3,1,-0.9,2,1.1
S02000604,S02000676,5,0,0,0,-5,-5,-5,5,0,2,2.8,2,2,1,-1,3,-1.7
S02000604,S02000680,0,0,0,3,0,0,3,3,3,1,-1,1,-1.1,1,-0.7,2,1
S02000604,S02000681,0,0,0,4,0,0,4,4,4,1,-1.1,2,-1.3,1,-0.9,2,1.1
S02000604,S02000684,0,8,0,0,0,8,0,8,8,2,-1.6,3,2.5,1,-1.2,5,-2.1
S02000604,S02000689,15,0,0,4,-15,-15,-11,19,4,6,3.7,8,2.4,4,-1.9,11,-2.1
S02000604,S02000691,5,0,0,3,-5,-5,-2,8,3,2,1.6,3,0.9,1,-1.2,5,-0.7
S02000604,S02000693,3,0,0,0,-3,-3,-3,3,0,1,2.1,1,1.5,1,-0.7,2,-1.3
S02000604,S02000710,0,3,3,0,3,3,0,6,6,2,-1.4,3,0.3,1,1.8,3,-0.2
S02000604,S02000773,0,0,0,4,0,0,4,4,4,1,-1.1,2,-1.3,1,-0.9,2,1.1
S02000604,S02000781,3,0,0,0,-3,-3,-3,3,0,1,2.1,1,1.5,1,-0.7,2,-1.3
S02000604,S02000993,6,0,0,0,-6,-6,-6,6,0,2,3,3,2.2,1,-1.1,3,-1.9
S02000604,S02000997,0,3,0,0,0,3,0,3,3,1,-1,1,1.5,1,-0.7,2,-1.3
S02000604,S02001000,8,0,9,12,1,-8,4,29,21,9,-0.3,12,-1.2,5,1.6,17,1.1
S02000604,S02001004,0,0,0,3,0,0,3,3,3,1,-1,1,-1.1,1,-0.7,2,1
S02000604,S02001005,3,0,0,0,-3,-3,-3,3,0,1,2.1,1,1.5,1,-0.7,2,-1.3
S02000604,S02001010,20,3,0,6,-20,-17,-14,29,9,9,3.6,12,3,5,-2.3,17,-2.6
S02000604,S02001013,0,0,0,7,0,0,7,7,7,2,-1.5,3,-1.7,1,-1.1,4,1.5
S02000604,S02001015,3,9,8,0,5,6,-3,20,17,6,-1.3,9,1.2,4,2.2,11,-1
S02000604,S02001018,0,0,0,4,0,0,4,4,4,1,-1.1,2,-1.3,1,-0.9,2,1.1
S02000604,S02001148,0,0,0,4,0,0,4,4,4,1,-1.1,2,-1.3,1,-0.9,2,1.1
S02000604,S02001162,4,0,0,0,-4,-4,-4,4,0,1,2.5,2,1.8,1,-0.9,2,-1.5
S02000604,S02001185,8,0,7,0,-1,-8,-8,15,7,5,1.5,6,0.6,3,2.5,9,-0.6
S02000604,S02001192,0,0,3,0,3,0,0,3,3,1,-1,1,-1.1,1,3.3,2,1
S02000605,S02000272,0,0,3,0,3,0,0,3,3,1,-1,1,-1.1,1,3.3,2,1
S02000605,S02000275,4,0,0,0,-4,-4,-4,4,0,1,2.5,2,1.8,1,-0.9,2,-1.5
S02000605,S02000311,0,0,0,3,0,0,3,3,3,1,-1,1,-1.1,1,-0.7,2,1
S02000605,S02000312,0,0,0,3,0,0,3,3,3,1,-1,1,-1.1,1,-0.7,2,1
S02000605,S02000324,5,0,0,7,-5,-5,2,12,7,4,0.7,5,0,2,-1.5,7,0
S02000605,S02000327,3,0,0,3,-3,-3,0,6,3,2,0.8,3,0.3,1,-1.1,3,-0.2
S02000605,S02000588,0,0,0,3,0,0,3,3,3,1,-1,1,-1.1,1,-0.7,2,1
S02000605,S02000589,3,0,0,0,-3,-3,-3,3,0,1,2.1,1,1.5,1,-0.7,2,-1.3
S02000605,S02000590,0,0,0,4,0,0,4,4,4,1,-1.1,2,-1.3,1,-0.9,2,1.1
S02000605,S02000591,0,0,0,3,0,0,3,3,3,1,-1,1,-1.1,1,-0.7,2,1
S02000605,S02000596,0,0,0,4,0,0,4,4,4,1,-1.1,2,-1.3,1,-0.9,2,1.1
S02000605,S02000597,0,0,0,9,0,0,9,9,9,3,-1.7,4,-2,2,-1.3,5,1.7
S02000605,S02000599,4,6,0,0,-4,2,-4,10,6,3,0.5,4,2.8,2,-1.4,6,-2.4
S02000605,S02000601,3,0,0,0,-3,-3,-3,3,0,1,2.1,1,1.5,1,-0.7,2,-1.3
S02000605,S02000602,4,0,0,4,-4,-4,0,8,4,2,1,3,0.3,1,-1.2,5,-0.3
S02000605,S02000603,0,0,0,3,0,0,3,3,3,1,-1,1,-1.1,1,-0.7,2,1
S02000605,S02000604,4,0,0,0,-4,-4,-4,4,0,1,2.5,2,1.8,1,-0.9,2,-1.5
S02000605,S02000605,0,0,0,11,0,0,11,11,11,3,-1.9,5,-2.2,2,-1.4,6,1.9
S02000605,S02000607,34,0,0,0,-34,-34,-34,34,0,11,7.2,14,5.1,6,-2.5,20,-4.4
S02000605,S02000608,4,0,0,0,-4,-4,-4,4,0,1,2.5,2,1.8,1,-0.9,2,-1.5
S02000605,S02000609,0,3,0,21,0,3,21,24,24,7,-2.7,10,-2.3,4,-2.1,14,1.9
S02000605,S02000612,6,0,0,6,-6,-6,0,12,6,4,1.2,5,0.4,2,-1.5,7,-0.3
S02000605,S02000614,3,0,0,7,-3,-3,4,10,7,3,-0.1,4,-0.6,2,-1.4,6,0.5
S02000605,S02000615,7,0,0,0,-7,-7,-7,7,0,2,3.3,3,2.3,1,-1.1,4,-2
S02000605,S02000616,0,0,0,11,0,0,11,11,11,3,-1.9,5,-2.2,2,-1.4,6,1.9
S02000605,S02000621,0,0,0,3,0,0,3,3,3,1,-1,1,-1.1,1,-0.7,2,1
S02000605,S02000622,4,0,0,8,-4,-4,4,12,8,4,0.1,5,-0.5,2,-1.5,7,0.4
S02000605,S02000624,4,0,0,0,-4,-4,-4,4,0,1,2.5,2,1.8,1,-0.9,2,-1.5
S02000605,S02000625,0,0,0,5,0,0,5,5,5,2,-1.2,2,-1.5,1,-1,3,1.3
S02000605,S02000626,0,0,0,3,0,0,3,3,3,1,-1,1,-1.1,1,-0.7,2,1
S02000605,S02000627,0,0,0,3,0,0,3,3,3,1,-1,1,-1.1,1,-0.7,2,1
S02000605,S02000628,9,0,0,0,-9,-9,-9,9,0,3,3.7,4,2.6,2,-1.3,5,-2.3
S02000605,S02000631,0,0,0,3,0,0,3,3,3,1,-1,1,-1.1,1,-0.7,2,1
S02000605,S02000633,8,0,0,0,-8,-8,-8,8,0,2,3.5,3,2.5,1,-1.2,5,-2.1
S02000605,S02000634,22,0,5,8,-17,-22,-14,35,13,11,3.4,15,1.8,6,-0.6,20,-1.6
S02000605,S02000635,10,0,4,0,-6,-10,-10,14,4,4,2.7,6,1.7,3,0.9,8,-1.4
S02000605,S02000642,4,0,0,0,-4,-4,-4,4,0,1,2.5,2,1.8,1,-0.9,2,-1.5
S02000605,S02000644,6,0,19,0,13,-6,-6,25,19,8,-0.6,11,-1.4,5,6.7,14,1.2
S02000605,S02000648,0,0,0,3,0,0,3,3,3,1,-1,1,-1.1,1,-0.7,2,1
S02000605,S02000651,0,0,11,4,11,0,4,15,15,5,-2.2,6,-2.5,3,4.9,9,2.2
S02000605,S02000655,52,16,203,93,151,-36,41,364,312,113,-5.8,155,-7,67,16.5,209,6
S02000605,S02000656,4,4,0,0,-4,0,-4,8,4,2,1,3,2.5,1,-1.2,5,-2.1
S02000605,S02000658,50,5,21,87,-29,-45,37,163,113,51,-0.1,69,-1.7,30,-1.7,94,1.5
S02000605,S02000659,4,0,4,0,0,-4,-4,8,4,2,1,3,0.3,1,2.1,5,-0.3
S02000605,S02000660,28,3,4,0,-24,-25,-28,35,7,11,5.2,15,4.2,6,-1,20,-3.6
S02000605,S02000661,6,3,30,12,24,-3,6,51,45,16,-2.5,22,-2.7,9,6.7,29,2.3
S02000605,S02000664,4,0,0,3,-4,-4,-1,7,3,2,1.2,3,0.6,1,-1.1,4,-0.5
S02000605,S02000665,3,0,4,5,1,-3,2,12,9,4,-0.4,5,-0.9,2,1.2,7,0.8
S02000605,S02000669,0,3,3,4,3,3,4,10,10,3,-1.8,4,-0.6,2,0.8,6,0.5
S02000605,S02000672,3,3,4,40,1,0,37,50,47,16,-3.2,21,-3.3,9,-1.7,29,2.8
S02000605,S02000676,0,5,6,0,6,5,0,11,11,3,-1.9,5,0.1,2,2.8,6,-0.1
S02000605,S02000677,3,0,0,0,-3,-3,-3,3,0,1,2.1,1,1.5,1,-0.7,2,-1.3
S02000605,S02000681,0,0,0,3,0,0,3,3,3,1,-1,1,-1.1,1,-0.7,2,1
S02000605,S02000684,0,3,0,3,0,3,3,6,6,2,-1.4,3,0.3,1,-1.1,3,-0.2
S02000605,S02000689,15,0,3,0,-12,-15,-15,18,3,6,4,8,2.7,3,-0.2,10,-2.3
S02000605,S02000691,7,0,0,0,-7,-7,-7,7,0,2,3.3,3,2.3,1,-1.1,4,-2
S02000605,S02000701,3,0,0,0,-3,-3,-3,3,0,1,2.1,1,1.5,1,-0.7,2,-1.3
S02000605,S02000705,0,0,0,3,0,0,3,3,3,1,-1,1,-1.1,1,-0.7,2,1
S02000605,S02000710,0,0,4,6,4,0,6,10,10,3,-1.8,4,-2.1,2,1.6,6,1.8
S02000605,S02000984,0,0,0,3,0,0,3,3,3,1,-1,1,-1.1,1,-0.7,2,1
S02000605,S02000993,5,0,0,0,-5,-5,-5,5,0,2,2.8,2,2,1,-1,3,-1.7
S02000605,S02001000,5,0,4,10,-1,-5,5,19,14,6,-0.4,8,-1.1,4,0.3,11,0.9
S02000605,S02001004,0,0,0,3,0,0,3,3,3,1,-1,1,-1.1,1,-0.7,2,1
S02000605,S02001010,6,0,0,4,-6,-6,-2,10,4,3,1.6,4,0.8,2,-1.4,6,-0.7
S02000605,S02001013,0,0,0,5,0,0,5,5,5,2,-1.2,2,-1.5,1,-1,3,1.3
S02000605,S02001014,3,3,0,0,-3,0,-3,6,3,2,0.8,3,2.2,1,-1.1,3,-1.9
S02000605,S02001015,0,3,0,0,0,3,0,3,3,1,-1,1,1.5,1,-0.7,2,-1.3
S02000605,S02001150,4,0,0,0,-4,-4,-4,4,0,1,2.5,2,1.8,1,-0.9,2,-1.5
S02000605,S02001153,4,0,0,0,-4,-4,-4,4,0,1,2.5,2,1.8,1,-0.9,2,-1.5
S02000605,S02001161,4,0,0,0,-4,-4,-4,4,0,1,2.5,2,1.8,1,-0.9,2,-1.5
S02000605,S02001162,0,0,0,3,0,0,3,3,3,1,-1,1,-1.1,1,-0.7,2,1
S02000605,S02001185,0,0,3,0,3,0,0,3,3,1,-1,1,-1.1,1,3.3,2,1
S02000606,S02000327,3,0,0,3,-3,-3,0,6,3,2,0.8,3,0.3,1,-1.1,3,-0.2
S02000606,S02000328,3,0,0,3,-3,-3,0,6,3,2,0.8,3,0.3,1,-1.1,3,-0.2
S02000606,S02000586,4,0,0,0,-4,-4,-4,4,0,1,2.5,2,1.8,1,-0.9,2,-1.5
S02000606,S02000590,4,0,0,11,-4,-4,7,15,11,5,-0.3,6,-0.9,3,-1.7,9,0.8
S02000606,S02000597,10,0,16,42,6,-10,32,68,58,21,-2.4,29,-3.5,13,1,39,3
S02000606,S02000601,4,0,0,10,-4,-4,6,14,10,4,-0.2,6,-0.8,3,-1.6,8,0.7
S02000606,S02000602,4,8,0,10,-4,4,6,22,18,7,-1.1,9,0.9,4,-2,13,-0.7
S02000606,S02000603,0,3,0,0,0,3,0,3,3,1,-1,1,1.5,1,-0.7,2,-1.3
S02000606,S02000606,0,4,0,16,0,4,16,20,20,6,-2.5,9,-1.5,4,-1.9,11,1.3
S02000606,S02000607,6,0,0,0,-6,-6,-6,6,0,2,3,3,2.2,1,-1.1,3,-1.9
S02000606,S02000608,15,0,0,11,-15,-15,-4,26,11,8,2.4,11,1.2,5,-2.2,15,-1
S02000606,S02000617,10,0,0,12,-10,-10,2,22,12,7,1.2,9,0.2,4,-2,13,-0.2
S02000606,S02000621,3,0,0,0,-3,-3,-3,3,0,1,2.1,1,1.5,1,-0.7,2,-1.3
S02000606,S02000625,0,0,0,10,0,0,10,10,10,3,-1.8,4,-2.1,2,-1.4,6,1.8
S02000606,S02000627,10,0,0,7,-10,-10,-3,17,7,5,2,7,1,3,-1.8,10,-0.9
S02000606,S02000628,4,0,0,0,-4,-4,-4,4,0,1,2.5,2,1.8,1,-0.9,2,-1.5
S02000606,S02000631,7,0,0,0,-7,-7,-7,7,0,2,3.3,3,2.3,1,-1.1,4,-2
S02000606,S02000634,11,0,3,6,-8,-11,-5,20,9,6,1.9,9,0.9,4,-0.4,11,-0.7
S02000606,S02000638,6,0,0,0,-6,-6,-6,6,0,2,3,3,2.2,1,-1.1,3,-1.9
S02000606,S02000642,5,0,0,0,-5,-5,-5,5,0,2,2.8,2,2,1,-1,3,-1.7
S02000606,S02000644,5,4,0,0,-5,-1,-5,9,4,3,1.3,4,2.6,2,-1.3,5,-2.3
S02000606,S02000649,0,0,5,0,5,0,0,5,5,2,-1.2,2,-1.5,1,4.2,3,1.3
S02000606,S02000651,0,4,0,0,0,4,0,4,4,1,-1.1,2,1.8,1,-0.9,2,-1.5
S02000606,S02000655,33,8,30,24,-3,-25,-9,95,62,30,0.6,40,0.1,18,3,55,-0.1
S02000606,S02000656,10,9,7,11,-3,-1,1,37,27,12,-0.4,16,0.8,7,0.1,21,-0.7
S02000606,S02000658,17,5,9,20,-8,-12,3,51,34,16,0.3,22,0.1,9,-0.1,29,-0.1
S02000606,S02000659,3,0,0,0,-3,-3,-3,3,0,1,2.1,1,1.5,1,-0.7,2,-1.3
S02000606,S02000660,23,0,3,6,-20,-23,-17,32,9,10,4.1,14,2.5,6,-1.2,18,-2.2
S02000606,S02000661,0,0,4,9,4,0,9,13,13,4,-2,6,-2.4,2,1,7,2
S02000606,S02000666,0,0,0,3,0,0,3,3,3,1,-1,1,-1.1,1,-0.7,2,1
S02000606,S02000667,0,4,0,0,0,4,0,4,4,1,-1.1,2,1.8,1,-0.9,2,-1.5
S02000606,S02000670,4,0,0,0,-4,-4,-4,4,0,1,2.5,2,1.8,1,-0.9,2,-1.5
S02000606,S02000672,0,0,0,12,0,0,12,12,12,4,-1.9,5,-2.3,2,-1.5,7,1.9
S02000606,S02000673,3,3,0,0,-3,0,-3,6,3,2,0.8,3,2.2,1,-1.1,3,-1.9
S02000606,S02000676,5,0,0,3,-5,-5,-2,8,3,2,1.6,3,0.9,1,-1.2,5,-0.7
S02000606,S02000684,0,7,0,0,0,7,0,7,7,2,-1.5,3,2.3,1,-1.1,4,-2
S02000606,S02000692,3,0,0,0,-3,-3,-3,3,0,1,2.1,1,1.5,1,-0.7,2,-1.3
S02000606,S02000991,0,0,0,3,0,0,3,3,3,1,-1,1,-1.1,1,-0.7,2,1
S02000606,S02000993,5,0,0,0,-5,-5,-5,5,0,2,2.8,2,2,1,-1,3,-1.7
S02000606,S02000994,3,0,0,0,-3,-3,-3,3,0,1,2.1,1,1.5,1,-0.7,2,-1.3
S02000606,S02001000,3,0,0,3,-3,-3,0,6,3,2,0.8,3,0.3,1,-1.1,3,-0.2
S02000606,S02001010,4,4,0,5,-4,0,1,13,9,4,0,6,1.1,2,-1.6,7,-0.9
S02000606,S02001013,6,14,0,12,-6,8,6,32,26,10,-1.3,14,1.7,6,-2.4,18,-1.5
S02000606,S02001015,0,3,0,0,0,3,0,3,3,1,-1,1,1.5,1,-0.7,2,-1.3
S02000606,S02001016,0,0,0,3,0,0,3,3,3,1,-1,1,-1.1,1,-0.7,2,1
S02000606,S02001185,3,0,0,0,-3,-3,-3,3,0,1,2.1,1,1.5,1,-0.7,2,-1.3
S02000607,S02000260,0,3,0,0,0,3,0,3,3,1,-1,1,1.5,1,-0.7,2,-1.3
S02000607,S02000270,0,0,11,0,11,0,0,11,11,3,-1.9,5,-2.2,2,6.3,6,1.9
S02000607,S02000311,0,0,0,4,0,0,4,4,4,1,-1.1,2,-1.3,1,-0.9,2,1.1
S02000607,S02000312,0,0,0,3,0,0,3,3,3,1,-1,1,-1.1,1,-0.7,2,1
S02000607,S02000317,0,0,0,7,0,0,7,7,7,2,-1.5,3,-1.7,1,-1.1,4,1.5
S02000607,S02000318,0,0,0,3,0,0,3,3,3,1,-1,1,-1.1,1,-0.7,2,1
S02000607,S02000321,0,0,0,3,0,0,3,3,3,1,-1,1,-1.1,1,-0.7,2,1
S02000607,S02000326,3,0,0,0,-3,-3,-3,3,0,1,2.1,1,1.5,1,-0.7,2,-1.3
S02000607,S02000327,0,0,0,3,0,0,3,3,3,1,-1,1,-1.1,1,-0.7,2,1
S02000607,S02000328,5,0,0,0,-5,-5,-5,5,0,2,2.8,2,2,1,-1,3,-1.7
S02000607,S02000585,0,0,0,3,0,0,3,3,3,1,-1,1,-1.1,1,-0.7,2,1
S02000607,S02000588,6,0,0,8,-6,-6,2,14,8,4,0.8,6,0,3,-1.6,8,0
S02000607,S02000589,0,0,0,4,0,0,4,4,4,1,-1.1,2,-1.3,1,-0.9,2,1.1
S02000607,S02000591,0,0,0,3,0,0,3,3,3,1,-1,1,-1.1,1,-0.7,2,1
S02000607,S02000596,0,0,0,5,0,0,5,5,5,2,-1.2,2,-1.5,1,-1,3,1.3
S02000607,S02000597,0,0,0,13,0,0,13,13,13,4,-2,6,-2.4,2,-1.6,7,2
S02000607,S02000598,0,0,0,5,0,0,5,5,5,2,-1.2,2,-1.5,1,-1,3,1.3
S02000607,S02000599,29,6,5,0,-24,-23,-29,40,11,12,4.7,17,4.4,7,-0.9,23,-3.8
S02000607,S02000602,0,0,0,4,0,0,4,4,4,1,-1.1,2,-1.3,1,-0.9,2,1.1
S02000607,S02000603,5,0,0,24,-5,-5,19,29,24,9,-1.3,12,-2.1,5,-2.3,17,1.8
S02000607,S02000604,9,0,0,8,-9,-9,-1,17,8,5,1.6,7,0.7,3,-1.8,10,-0.6
S02000607,S02000605,0,0,0,8,0,0,8,8,8,2,-1.6,3,-1.8,1,-1.2,5,1.6
S02000607,S02000606,0,0,0,5,0,0,5,5,5,2,-1.2,2,-1.5,1,-1,3,1.3
S02000607,S02000607,45,0,8,14,-37,-45,-31,67,22,21,5.3,28,3.1,12,-1.2,39,-2.7
S02000607,S02000609,0,0,0,7,0,0,7,7,7,2,-1.5,3,-1.7,1,-1.1,4,1.5
S02000607,S02000610,3,3,3,6,0,0,3,15,12,5,-0.8,6,-0.2,3,0.1,9,0.1
S02000607,S02000611,0,0,0,3,0,0,3,3,3,1,-1,1,-1.1,1,-0.7,2,1
S02000607,S02000612,0,0,0,6,0,0,6,6,6,2,-1.4,3,-1.6,1,-1.1,3,1.4
S02000607,S02000614,3,0,0,9,-3,-3,6,12,9,4,-0.4,5,-0.9,2,-1.5,7,0.8
S02000607,S02000615,6,0,4,4,-2,-6,-2,14,8,4,0.8,6,0,3,0.9,8,0
S02000607,S02000616,0,0,8,12,8,0,12,20,20,6,-2.5,9,-2.9,4,2.2,11,2.5
S02000607,S02000617,4,0,0,3,-4,-4,-1,7,3,2,1.2,3,0.6,1,-1.1,4,-0.5
S02000607,S02000622,0,0,0,5,0,0,5,5,5,2,-1.2,2,-1.5,1,-1,3,1.3
S02000607,S02000624,6,0,0,0,-6,-6,-6,6,0,2,3,3,2.2,1,-1.1,3,-1.9
S02000607,S02000625,0,0,0,4,0,0,4,4,4,1,-1.1,2,-1.3,1,-0.9,2,1.1
S02000607,S02000627,0,0,0,3,0,0,3,3,3,1,-1,1,-1.1,1,-0.7,2,1
S02000607,S02000628,8,0,3,4,-5,-8,-4,15,7,5,1.5,6,0.6,3,0.1,9,-0.6
S02000607,S02000629,3,0,0,0,-3,-3,-3,3,0,1,2.1,1,1.5,1,-0.7,2,-1.3
S02000607,S02000631,0,0,0,6,0,0,6,6,6,2,-1.4,3,-1.6,1,-1.1,3,1.4
S02000607,S02000632,6,0,0,0,-6,-6,-6,6,0,2,3,3,2.2,1,-1.1,3,-1.9
S02000607,S02000633,7,4,0,9,-7,-3,2,20,13,6,0.3,9,0.9,4,-1.9,11,-0.7
S02000607,S02000634,13,4,8,14,-5,-9,1,39,26,12,0.2,17,0.1,7,0.3,22,-0.1
S02000607,S02000635,7,0,0,4,-7,-7,-3,11,4,3,1.9,5,1.1,2,-1.4,6,-0.9
S02000607,S02000638,3,0,0,0,-3,-3,-3,3,0,1,2.1,1,1.5,1,-0.7,2,-1.3
S02000607,S02000642,6,0,0,0,-6,-6,-6,6,0,2,3,3,2.2,1,-1.1,3,-1.9
S02000607,S02000644,7,0,32,4,25,-7,-3,43,36,13,-1.7,18,-2.6,8,8.5,25,2.3
S02000607,S02000647,5,0,0,0,-5,-5,-5,5,0,2,2.8,2,2,1,-1,3,-1.7
S02000607,S02000649,0,0,0,6,0,0,6,6,6,2,-1.4,3,-1.6,1,-1.1,3,1.4
S02000607,S02000651,3,5,19,7,16,2,4,34,31,11,-2.3,14,-1.7,6,5.1,20,1.5
S02000607,S02000654,3,0,0,0,-3,-3,-3,3,0,1,2.1,1,1.5,1,-0.7,2,-1.3
S02000607,S02000655,93,19,250,119,157,-74,26,481,388,150,-4.6,205,-6.5,89,17.1,276,5.6
S02000607,S02000656,11,0,6,0,-5,-11,-11,17,6,5,2.5,7,1.4,3,1.6,10,-1.2
S02000607,S02000658,57,14,40,89,-17,-43,32,200,143,62,-0.7,85,-1.5,37,0.5,115,1.3
S02000607,S02000659,0,0,3,3,3,0,3,6,6,2,-1.4,3,-1.6,1,1.8,3,1.4
S02000607,S02000660,31,0,0,0,-31,-31,-31,31,0,10,6.9,13,4.9,6,-2.4,18,-4.2
S02000607,S02000661,17,5,16,13,-1,-12,-4,51,34,16,0.3,22,0.1,9,2.1,29,-0.1
S02000607,S02000664,10,0,0,12,-10,-10,2,22,12,7,1.2,9,0.2,4,-2,13,-0.2
S02000607,S02000665,5,3,13,3,8,-2,-2,24,19,7,-0.9,10,-0.7,4,4.1,14,0.6
S02000607,S02000667,5,0,0,0,-5,-5,-5,5,0,2,2.8,2,2,1,-1,3,-1.7
S02000607,S02000670,6,0,0,0,-6,-6,-6,6,0,2,3,3,2.2,1,-1.1,3,-1.9
S02000607,S02000672,4,0,9,39,5,-4,35,52,48,16,-3,22,-3.9,10,-0.2,30,3.3
S02000607,S02000676,8,0,0,0,-8,-8,-8,8,0,2,3.5,3,2.5,1,-1.2,5,-2.1
S02000607,S02000677,0,0,0,3,0,0,3,3,3,1,-1,1,-1.1,1,-0.7,2,1
S02000607,S02000680,4,0,0,4,-4,-4,0,8,4,2,1,3,0.3,1,-1.2,5,-0.3
S02000607,S02000681,0,0,0,6,0,0,6,6,6,2,-1.4,3,-1.6,1,-1.1,3,1.4
S02000607,S02000687,0,0,0,6,0,0,6,6,6,2,-1.4,3,-1.6,1,-1.1,3,1.4
S02000607,S02000688,5,0,0,0,-5,-5,-5,5,0,2,2.8,2,2,1,-1,3,-1.7
S02000607,S02000689,18,0,0,5,-18,-18,-13,23,5,7,4,10,2.6,4,-2.1,13,-2.3
S02000607,S02000691,0,0,0,3,0,0,3,3,3,1,-1,1,-1.1,1,-0.7,2,1
S02000607,S02000705,0,0,0,7,0,0,7,7,7,2,-1.5,3,-1.7,1,-1.1,4,1.5
S02000607,S02000783,5,0,0,0,-5,-5,-5,5,0,2,2.8,2,2,1,-1,3,-1.7
S02000607,S02000786,0,0,0,4,0,0,4,4,4,1,-1.1,2,-1.3,1,-0.9,2,1.1
S02000607,S02000923,3,0,0,0,-3,-3,-3,3,0,1,2.1,1,1.5,1,-0.7,2,-1.3
S02000607,S02000984,3,0,0,0,-3,-3,-3,3,0,1,2.1,1,1.5,1,-0.7,2,-1.3
S02000607,S02000993,8,0,0,0,-8,-8,-8,8,0,2,3.5,3,2.5,1,-1.2,5,-2.1
S02000607,S02000994,0,0,0,3,0,0,3,3,3,1,-1,1,-1.1,1,-0.7,2,1
S02000607,S02001000,9,0,0,13,-9,-9,4,22,13,7,0.8,9,-0.1,4,-2,13,0.1
S02000607,S02001010,6,0,4,3,-2,-6,-3,13,7,4,1,6,0.2,2,1,7,-0.2
S02000607,S02001013,0,4,5,6,5,4,6,15,15,5,-2.2,6,-0.9,3,1.3,9,0.8
S02000607,S02001014,3,4,0,0,-3,1,-3,7,4,2,0.6,3,2.3,1,-1.1,4,-2
S02000607,S02001015,0,5,4,4,4,5,4,13,13,4,-2,6,-0.2,2,1,7,0.2
S02000607,S02001159,0,0,0,5,0,0,5,5,5,2,-1.2,2,-1.5,1,-1,3,1.3
S02000607,S02001161,0,6,0,0,0,6,0,6,6,2,-1.4,3,2.2,1,-1.1,3,-1.9
S02000607,S02001162,0,0,0,5,0,0,5,5,5,2,-1.2,2,-1.5,1,-1,3,1.3
S02000607,S02001185,10,3,3,5,-7,-7,-5,21,11,7,1.4,9,1.4,4,-0.4,12,-1.2
S02000607,S02001186,0,0,0,3,0,0,3,3,3,1,-1,1,-1.1,1,-0.7,2,1
S02000607,S02001192,0,0,3,0,3,0,0,3,3,1,-1,1,-1.1,1,3.3,2,1
S02000608,S02000270,0,0,3,0,3,0,0,3,3,1,-1,1,-1.1,1,3.3,2,1
S02000608,S02000279,0,0,3,0,3,0,0,3,3,1,-1,1,-1.1,1,3.3,2,1
S02000608,S02000313,3,0,0,4,-3,-3,1,7,4,2,0.6,3,0,1,-1.1,4,0
S02000608,S02000317,3,0,0,0,-3,-3,-3,3,0,1,2.1,1,1.5,1,-0.7,2,-1.3
S02000608,S02000322,0,0,0,3,0,0,3,3,3,1,-1,1,-1.1,1,-0.7,2,1
S02000608,S02000324,7,3,0,8,-7,-4,1,18,11,6,0.6,8,0.8,3,-1.8,10,-0.7
S02000608,S02000326,3,0,0,0,-3,-3,-3,3,0,1,2.1,1,1.5,1,-0.7,2,-1.3
S02000608,S02000328,8,5,0,13,-8,-3,5,26,18,8,0,11,0.6,5,-2.2,15,-0.5
S02000608,S02000329,0,0,0,5,0,0,5,5,5,2,-1.2,2,-1.5,1,-1,3,1.3
S02000608,S02000586,0,0,0,4,0,0,4,4,4,1,-1.1,2,-1.3,1,-0.9,2,1.1
S02000608,S02000587,3,0,0,6,-3,-3,3,9,6,3,0.1,4,-0.4,2,-1.3,5,0.4
S02000608,S02000588,3,0,0,0,-3,-3,-3,3,0,1,2.1,1,1.5,1,-0.7,2,-1.3
S02000608,S02000590,4,0,0,16,-4,-4,12,20,16,6,-0.9,9,-1.5,4,-1.9,11,1.3
S02000608,S02000592,0,0,0,4,0,0,4,4,4,1,-1.1,2,-1.3,1,-0.9,2,1.1
S02000608,S02000596,0,3,0,3,0,3,3,6,6,2,-1.4,3,0.3,1,-1.1,3,-0.2
S02000608,S02000597,15,5,17,87,2,-10,72,124,109,39,-3.8,53,-4.5,23,-1.2,71,3.9
S02000608,S02000599,11,9,0,0,-11,-2,-11,20,9,6,1.9,9,3.9,4,-1.9,11,-3.4
S02000608,S02000601,6,0,5,14,-1,-6,8,25,19,8,-0.6,11,-1.4,5,0.2,14,1.2
S02000608,S02000602,7,4,3,13,-4,-3,6,27,20,8,-0.5,11,-0.1,5,-0.9,16,0.1
S02000608,S02000603,0,0,0,9,0,0,9,9,9,3,-1.7,4,-2,2,-1.3,5,1.7
S02000608,S02000604,0,0,0,3,0,0,3,3,3,1,-1,1,-1.1,1,-0.7,2,1
S02000608,S02000605,0,0,0,5,0,0,5,5,5,2,-1.2,2,-1.5,1,-1,3,1.3
S02000608,S02000606,3,0,0,9,-3,-3,6,12,9,4,-0.4,5,-0.9,2,-1.5,7,0.8
S02000608,S02000607,24,0,0,7,-24,-24,-17,31,7,10,4.6,13,3,6,-2.4,18,-2.6
S02000608,S02000608,42,8,6,14,-36,-34,-28,70,28,22,4.3,30,3.7,13,-1.9,40,-3.2
S02000608,S02000609,0,5,0,5,0,5,5,10,10,3,-1.8,4,0.4,2,-1.4,6,-0.3
S02000608,S02000610,5,0,0,0,-5,-5,-5,5,0,2,2.8,2,2,1,-1,3,-1.7
S02000608,S02000611,3,8,0,0,-3,5,-3,11,8,3,-0.2,5,2.9,2,-1.4,6,-2.5
S02000608,S02000612,4,0,0,4,-4,-4,0,8,4,2,1,3,0.3,1,-1.2,5,-0.3
S02000608,S02000614,4,0,0,7,-4,-4,3,11,7,3,0.3,5,-0.3,2,-1.4,6,0.3
S02000608,S02000615,3,10,0,6,-3,7,3,19,16,6,-1.2,8,1.7,4,-1.9,11,-1.5
S02000608,S02000616,3,0,0,4,-3,-3,1,7,4,2,0.6,3,0,1,-1.1,4,0
S02000608,S02000617,12,0,0,8,-12,-12,-4,20,8,6,2.3,9,1.2,4,-1.9,11,-1
S02000608,S02000621,5,0,0,5,-5,-5,0,10,5,3,1.1,4,0.4,2,-1.4,6,-0.3
S02000608,S02000622,0,0,0,7,0,0,7,7,7,2,-1.5,3,-1.7,1,-1.1,4,1.5
S02000608,S02000624,0,0,0,4,0,0,4,4,4,1,-1.1,2,-1.3,1,-0.9,2,1.1
S02000608,S02000625,13,0,7,44,-6,-13,31,64,51,20,-1.6,27,-2.7,12,-1.4,37,2.3
S02000608,S02000627,21,6,3,22,-18,-15,1,52,31,16,1.2,22,1,10,-2.1,30,-0.9
S02000608,S02000628,14,0,0,0,-14,-14,-14,14,0,4,4.6,6,3.3,3,-1.6,8,-2.8
S02000608,S02000631,4,0,3,4,-1,-4,0,11,7,3,0.3,5,-0.3,2,0.7,6,0.3
S02000608,S02000633,4,6,0,5,-4,2,1,15,11,5,-0.3,6,1.4,3,-1.7,9,-1.2
S02000608,S02000634,24,3,8,15,-16,-21,-9,50,26,16,2.1,21,1.2,9,-0.4,29,-1.1
S02000608,S02000635,6,0,0,9,-6,-6,3,15,9,5,0.6,6,-0.2,3,-1.7,9,0.1
S02000608,S02000637,3,0,0,4,-3,-3,1,7,4,2,0.6,3,0,1,-1.1,4,0
S02000608,S02000638,8,4,0,8,-8,-4,0,20,12,6,0.7,9,1.2,4,-1.9,11,-1
S02000608,S02000639,0,4,0,6,0,4,6,10,10,3,-1.8,4,-0.1,2,-1.4,6,0.1
S02000608,S02000641,0,0,0,6,0,0,6,6,6,2,-1.4,3,-1.6,1,-1.1,3,1.4
S02000608,S02000642,5,3,0,10,-5,-2,5,18,13,6,-0.3,8,0.1,3,-1.8,10,-0.1
S02000608,S02000644,17,3,7,9,-10,-14,-8,36,19,11,1.7,15,1.2,7,0.1,21,-1
S02000608,S02000649,6,4,4,10,-2,-2,4,24,18,7,-0.5,10,-0.1,4,-0.2,14,0.1
S02000608,S02000651,0,0,14,8,14,0,8,22,22,7,-2.6,9,-3.1,4,4.9,13,2.6
S02000608,S02000655,93,25,197,69,104,-68,-24,384,291,120,-2.4,163,-3.5,71,14.9,221,3.1
S02000608,S02000656,31,25,13,17,-18,-6,-14,86,55,27,0.8,37,3.2,16,-0.7,49,-2.8
S02000608,S02000658,65,7,28,86,-37,-58,21,186,121,58,0.9,79,-0.8,34,-1.1,107,0.7
S02000608,S02000659,0,0,3,4,3,0,4,7,7,2,-1.5,3,-1.7,1,1.5,4,1.5
S02000608,S02000660,90,14,9,18,-81,-76,-72,131,41,41,7.7,56,6.5,24,-3.1,75,-5.6
S02000608,S02000661,19,0,17,11,-2,-19,-8,47,28,15,1.1,20,-0.2,9,2.8,27,0.2
S02000608,S02000663,3,5,0,0,-3,2,-3,8,5,2,0.3,3,2.5,1,-1.2,5,-2.1
S02000608,S02000664,5,0,0,0,-5,-5,-5,5,0,2,2.8,2,2,1,-1,3,-1.7
S02000608,S02000665,0,0,7,9,7,0,9,16,16,5,-2.2,7,-2.6,3,2.3,9,2.2
S02000608,S02000666,0,0,3,4,3,0,4,7,7,2,-1.5,3,-1.7,1,1.5,4,1.5
S02000608,S02000668,4,5,0,3,-4,1,-1,12,8,4,0.1,5,1.7,2,-1.5,7,-1.5
S02000608,S02000669,0,0,6,6,6,0,6,12,12,4,-1.9,5,-2.3,2,2.5,7,1.9
S02000608,S02000670,14,10,0,0,-14,-4,-14,24,10,7,2.4,10,4.3,4,-2.1,14,-3.7
S02000608,S02000672,0,3,0,26,0,3,26,29,29,9,-3,12,-2.7,5,-2.3,17,2.3
S02000608,S02000673,0,0,0,3,0,0,3,3,3,1,-1,1,-1.1,1,-0.7,2,1
S02000608,S02000676,6,0,3,0,-3,-6,-6,9,3,3,1.9,4,1.1,2,1,5,-1
S02000608,S02000680,0,0,0,4,0,0,4,4,4,1,-1.1,2,-1.3,1,-0.9,2,1.1
S02000608,S02000684,3,17,0,0,-3,14,-3,20,17,6,-1.3,9,3.9,4,-1.9,11,-3.4
S02000608,S02000686,0,0,0,3,0,0,3,3,3,1,-1,1,-1.1,1,-0.7,2,1
S02000608,S02000688,0,0,0,4,0,0,4,4,4,1,-1.1,2,-1.3,1,-0.9,2,1.1
S02000608,S02000689,27,0,0,9,-27,-27,-18,36,9,11,4.7,15,3,7,-2.6,21,-2.6
S02000608,S02000691,9,0,0,0,-9,-9,-9,9,0,3,3.7,4,2.6,2,-1.3,5,-2.3
S02000608,S02000692,0,0,0,3,0,0,3,3,3,1,-1,1,-1.1,1,-0.7,2,1
S02000608,S02000695,0,0,0,3,0,0,3,3,3,1,-1,1,-1.1,1,-0.7,2,1
S02000608,S02000696,3,0,0,0,-3,-3,-3,3,0,1,2.1,1,1.5,1,-0.7,2,-1.3
S02000608,S02000702,0,0,0,4,0,0,4,4,4,1,-1.1,2,-1.3,1,-0.9,2,1.1
S02000608,S02000712,0,4,0,0,0,4,0,4,4,1,-1.1,2,1.8,1,-0.9,2,-1.5
S02000608,S02000772,5,0,0,0,-5,-5,-5,5,0,2,2.8,2,2,1,-1,3,-1.7
S02000608,S02000781,0,0,3,3,3,0,3,6,6,2,-1.4,3,-1.6,1,1.8,3,1.4
S02000608,S02000783,3,0,0,0,-3,-3,-3,3,0,1,2.1,1,1.5,1,-0.7,2,-1.3
S02000608,S02000784,0,0,0,3,0,0,3,3,3,1,-1,1,-1.1,1,-0.7,2,1
S02000608,S02000923,0,4,0,3,0,4,3,7,7,2,-1.5,3,0.6,1,-1.1,4,-0.5
S02000608,S02000984,9,0,0,0,-9,-9,-9,9,0,3,3.7,4,2.6,2,-1.3,5,-2.3
S02000608,S02000991,4,0,0,0,-4,-4,-4,4,0,1,2.5,2,1.8,1,-0.9,2,-1.5
S02000608,S02000993,15,3,0,0,-15,-12,-15,18,3,6,4,8,3.7,3,-1.8,10,-3.2
S02000608,S02000997,0,4,3,0,3,4,0,7,7,2,-1.5,3,0.6,1,1.5,4,-0.5
S02000608,S02000998,0,3,0,4,0,3,4,7,7,2,-1.5,3,0,1,-1.1,4,0
S02000608,S02000999,0,0,3,4,3,0,4,7,7,2,-1.5,3,-1.7,1,1.5,4,1.5
S02000608,S02001000,35,9,7,28,-28,-26,-7,79,44,25,2.1,34,1.8,15,-2,45,-1.5
S02000608,S02001003,4,0,0,3,-4,-4,-1,7,3,2,1.2,3,0.6,1,-1.1,4,-0.5
S02000608,S02001004,0,3,0,5,0,3,5,8,8,2,-1.6,3,-0.2,1,-1.2,5,0.2
S02000608,S02001007,0,3,0,0,0,3,0,3,3,1,-1,1,1.5,1,-0.7,2,-1.3
S02000608,S02001010,28,16,6,12,-22,-12,-16,62,34,19,2,26,3.4,11,-1.6,36,-3
S02000608,S02001013,12,35,12,60,0,23,48,119,107,37,-4.1,51,-0.5,22,-2.1,68,0.4
S02000608,S02001014,3,4,0,4,-3,1,1,11,8,3,-0.2,5,1.1,2,-1.4,6,-0.9
S02000608,S02001015,6,26,3,3,-3,20,-3,38,32,12,-1.7,16,3.9,7,-1.5,22,-3.4
S02000608,S02001016,0,5,0,5,0,5,5,10,10,3,-1.8,4,0.4,2,-1.4,6,-0.3
S02000608,S02001018,0,0,0,4,0,0,4,4,4,1,-1.1,2,-1.3,1,-0.9,2,1.1
S02000608,S02001153,0,4,0,0,0,4,0,4,4,1,-1.1,2,1.8,1,-0.9,2,-1.5
S02000608,S02001161,0,0,0,5,0,0,5,5,5,2,-1.2,2,-1.5,1,-1,3,1.3
S02000608,S02001162,5,0,0,0,-5,-5,-5,5,0,2,2.8,2,2,1,-1,3,-1.7
S02000608,S02001185,7,6,7,8,0,-1,1,28,21,9,-0.6,12,0.3,5,0.8,16,-0.3
S02000609,S02000270,0,0,4,0,4,0,0,4,4,1,-1.1,2,-1.3,1,3.8,2,1.1
S02000609,S02000281,3,0,0,0,-3,-3,-3,3,0,1,2.1,1,1.5,1,-0.7,2,-1.3
S02000609,S02000313,0,0,0,6,0,0,6,6,6,2,-1.4,3,-1.6,1,-1.1,3,1.4
S02000609,S02000325,3,0,0,0,-3,-3,-3,3,0,1,2.1,1,1.5,1,-0.7,2,-1.3
S02000609,S02000326,0,0,0,4,0,0,4,4,4,1,-1.1,2,-1.3,1,-0.9,2,1.1
S02000609,S02000327,0,0,0,6,0,0,6,6,6,2,-1.4,3,-1.6,1,-1.1,3,1.4
S02000609,S02000328,4,0,0,0,-4,-4,-4,4,0,1,2.5,2,1.8,1,-0.9,2,-1.5
S02000609,S02000586,0,3,0,0,0,3,0,3,3,1,-1,1,1.5,1,-0.7,2,-1.3
S02000609,S02000587,3,0,0,0,-3,-3,-3,3,0,1,2.1,1,1.5,1,-0.7,2,-1.3
S02000609,S02000588,3,0,3,0,0,-3,-3,6,3,2,0.8,3,0.3,1,1.8,3,-0.2
S02000609,S02000597,4,0,7,19,3,-4,15,30,26,9,-1.7,13,-2.5,6,0.6,17,2.1
S02000609,S02000599,7,6,0,3,-7,-1,-4,16,9,5,0.9,7,2.4,3,-1.7,9,-2
S02000609,S02000602,4,0,0,11,-4,-4,7,15,11,5,-0.3,6,-0.9,3,-1.7,9,0.8
S02000609,S02000603,0,0,0,16,0,0,16,16,16,5,-2.2,7,-2.6,3,-1.7,9,2.2
S02000609,S02000605,0,4,0,0,0,4,0,4,4,1,-1.1,2,1.8,1,-0.9,2,-1.5
S02000609,S02000607,34,0,0,3,-34,-34,-31,37,3,12,6.6,16,4.6,7,-2.6,21,-4
S02000609,S02000609,7,5,5,21,-2,-2,14,38,31,12,-1.4,16,-1,7,-0.8,22,0.9
S02000609,S02000610,0,3,0,0,0,3,0,3,3,1,-1,1,1.5,1,-0.7,2,-1.3
S02000609,S02000612,0,0,0,11,0,0,11,11,11,3,-1.9,5,-2.2,2,-1.4,6,1.9
S02000609,S02000614,0,0,4,4,4,0,4,8,8,2,-1.6,3,-1.8,1,2.1,5,1.6
S02000609,S02000615,3,0,0,4,-3,-3,1,7,4,2,0.6,3,0,1,-1.1,4,0
S02000609,S02000620,4,0,0,0,-4,-4,-4,4,0,1,2.5,2,1.8,1,-0.9,2,-1.5
S02000609,S02000622,0,0,0,7,0,0,7,7,7,2,-1.5,3,-1.7,1,-1.1,4,1.5
S02000609,S02000625,3,0,0,7,-3,-3,4,10,7,3,-0.1,4,-0.6,2,-1.4,6,0.5
S02000609,S02000628,7,3,0,6,-7,-4,-1,16,9,5,0.9,7,1.2,3,-1.7,9,-1.1
S02000609,S02000630,0,0,0,3,0,0,3,3,3,1,-1,1,-1.1,1,-0.7,2,1
S02000609,S02000631,3,0,5,0,2,-3,-3,8,5,2,0.3,3,-0.2,1,2.9,5,0.2
S02000609,S02000633,3,3,0,3,-3,0,0,9,6,3,0.1,4,1.1,2,-1.3,5,-1
S02000609,S02000634,18,0,9,7,-9,-18,-11,34,16,11,2.3,14,0.9,6,1.1,20,-0.8
S02000609,S02000635,3,0,3,0,0,-3,-3,6,3,2,0.8,3,0.3,1,1.8,3,-0.2
S02000609,S02000638,4,0,0,0,-4,-4,-4,4,0,1,2.5,2,1.8,1,-0.9,2,-1.5
S02000609,S02000642,0,0,5,0,5,0,0,5,5,2,-1.2,2,-1.5,1,4.2,3,1.3
S02000609,S02000644,7,0,16,0,9,-7,-7,23,16,7,-0.1,10,-0.9,4,5.7,13,0.8
S02000609,S02000651,3,5,11,9,8,2,6,28,25,9,-1.9,12,-1.1,5,2.6,16,1
S02000609,S02000655,64,20,275,100,211,-44,36,459,395,143,-6.6,195,-8,85,20.6,264,6.8
S02000609,S02000656,7,7,0,0,-7,0,-7,14,7,4,1.3,6,3.3,3,-1.6,8,-2.8
S02000609,S02000658,54,12,23,90,-31,-42,36,179,125,56,-0.2,76,-1.2,33,-1.8,103,1
S02000609,S02000659,0,4,3,7,3,4,7,14,14,4,-2.1,6,-0.8,3,0.3,8,0.7
S02000609,S02000660,16,0,4,0,-12,-16,-16,20,4,6,3.9,9,2.6,4,0.2,11,-2.2
S02000609,S02000661,4,0,14,9,10,-4,5,27,23,8,-1.5,11,-2.2,5,4,16,1.9
S02000609,S02000664,4,0,0,6,-4,-4,2,10,6,3,0.5,4,-0.1,2,-1.4,6,0.1
S02000609,S02000665,11,3,30,3,19,-8,-8,47,36,15,-1,20,-1.3,9,7.2,27,1.2
S02000609,S02000669,0,0,10,6,10,0,6,16,16,5,-2.2,7,-2.6,3,4.1,9,2.2
S02000609,S02000670,4,0,0,0,-4,-4,-4,4,0,1,2.5,2,1.8,1,-0.9,2,-1.5
S02000609,S02000672,0,0,5,37,5,0,37,42,42,13,-3.6,18,-4.2,8,-1,24,3.6
S02000609,S02000680,0,0,0,3,0,0,3,3,3,1,-1,1,-1.1,1,-0.7,2,1
S02000609,S02000681,0,0,0,3,0,0,3,3,3,1,-1,1,-1.1,1,-0.7,2,1
S02000609,S02000687,0,0,0,3,0,0,3,3,3,1,-1,1,-1.1,1,-0.7,2,1
S02000609,S02000689,10,0,0,7,-10,-10,-3,17,7,5,2,7,1,3,-1.8,10,-0.9
S02000609,S02000691,4,0,0,0,-4,-4,-4,4,0,1,2.5,2,1.8,1,-0.9,2,-1.5
S02000609,S02000716,4,0,0,0,-4,-4,-4,4,0,1,2.5,2,1.8,1,-0.9,2,-1.5
S02000609,S02000771,0,0,0,4,0,0,4,4,4,1,-1.1,2,-1.3,1,-0.9,2,1.1
S02000609,S02000993,7,0,0,0,-7,-7,-7,7,0,2,3.3,3,2.3,1,-1.1,4,-2
S02000609,S02001000,9,0,4,11,-5,-9,2,24,15,7,0.6,10,-0.4,4,-0.2,14,0.3
S02000609,S02001005,0,0,0,4,0,0,4,4,4,1,-1.1,2,-1.3,1,-0.9,2,1.1
S02000609,S02001010,9,0,3,0,-6,-9,-9,12,3,4,2.7,5,1.7,2,0.5,7,-1.5
S02000609,S02001013,3,6,3,5,0,3,2,17,14,5,-1,7,0.7,3,-0.1,10,-0.6
S02000609,S02001015,0,0,0,4,0,0,4,4,4,1,-1.1,2,-1.3,1,-0.9,2,1.1
S02000609,S02001016,0,0,0,3,0,0,3,3,3,1,-1,1,-1.1,1,-0.7,2,1
S02000609,S02001150,0,0,0,3,0,0,3,3,3,1,-1,1,-1.1,1,-0.7,2,1
S02000609,S02001161,5,0,0,0,-5,-5,-5,5,0,2,2.8,2,2,1,-1,3,-1.7
S02000609,S02001185,6,0,0,0,-6,-6,-6,6,0,2,3,3,2.2,1,-1.1,3,-1.9
S02000609,S02001187,0,0,0,3,0,0,3,3,3,1,-1,1,-1.1,1,-0.7,2,1
S02000610,S02000281,3,0,0,0,-3,-3,-3,3,0,1,2.1,1,1.5,1,-0.7,2,-1.3
S02000610,S02000317,0,3,0,0,0,3,0,3,3,1,-1,1,1.5,1,-0.7,2,-1.3
S02000610,S02000323,6,0,0,0,-6,-6,-6,6,0,2,3,3,2.2,1,-1.1,3,-1.9
S02000610,S02000327,4,0,0,0,-4,-4,-4,4,0,1,2.5,2,1.8,1,-0.9,2,-1.5
S02000610,S02000328,3,0,0,0,-3,-3,-3,3,0,1,2.1,1,1.5,1,-0.7,2,-1.3
S02000610,S02000588,4,0,0,4,-4,-4,0,8,4,2,1,3,0.3,1,-1.2,5,-0.3
S02000610,S02000590,0,0,0,6,0,0,6,6,6,2,-1.4,3,-1.6,1,-1.1,3,1.4
S02000610,S02000591,0,0,0,6,0,0,6,6,6,2,-1.4,3,-1.6,1,-1.1,3,1.4
S02000610,S02000597,4,0,5,3,1,-4,-1,12,8,4,0.1,5,-0.5,2,1.9,7,0.4
S02000610,S02000599,7,3,3,5,-4,-4,-2,18,11,6,0.6,8,0.8,3,-0.2,10,-0.7
S02000610,S02000600,3,0,0,0,-3,-3,-3,3,0,1,2.1,1,1.5,1,-0.7,2,-1.3
S02000610,S02000602,0,0,0,9,0,0,9,9,9,3,-1.7,4,-2,2,-1.3,5,1.7
S02000610,S02000603,4,0,4,6,0,-4,2,14,10,4,-0.2,6,-0.8,3,0.9,8,0.7
S02000610,S02000604,5,0,0,0,-5,-5,-5,5,0,2,2.8,2,2,1,-1,3,-1.7
S02000610,S02000607,33,0,0,10,-33,-33,-23,43,10,13,5.4,18,3.4,8,-2.8,25,-3
S02000610,S02000609,0,4,0,8,0,4,8,12,12,4,-1.9,5,-0.5,2,-1.5,7,0.4
S02000610,S02000610,22,16,8,62,-14,-6,40,108,86,34,-2,46,-1.2,20,-2.7,62,1
S02000610,S02000611,4,8,0,3,-4,4,-1,15,11,5,-0.3,6,2.2,3,-1.7,9,-1.9
S02000610,S02000612,0,0,0,3,0,0,3,3,3,1,-1,1,-1.1,1,-0.7,2,1
S02000610,S02000613,0,4,0,4,0,4,4,8,8,2,-1.6,3,0.3,1,-1.2,5,-0.3
S02000610,S02000614,5,0,0,7,-5,-5,2,12,7,4,0.7,5,0,2,-1.5,7,0
S02000610,S02000615,4,4,3,12,-1,0,8,23,19,7,-1.2,10,-0.6,4,-0.6,13,0.5
S02000610,S02000616,3,4,0,7,-3,1,4,14,11,4,-0.7,6,0.4,3,-1.6,8,-0.4
S02000610,S02000620,0,0,0,3,0,0,3,3,3,1,-1,1,-1.1,1,-0.7,2,1
S02000610,S02000621,5,0,0,0,-5,-5,-5,5,0,2,2.8,2,2,1,-1,3,-1.7
S02000610,S02000622,4,0,0,5,-4,-4,1,9,5,3,0.7,4,0.1,2,-1.3,5,-0.1
S02000610,S02000628,19,7,7,16,-12,-12,-3,49,30,15,1,21,1.1,9,-0.7,28,-1
S02000610,S02000631,0,4,0,6,0,4,6,10,10,3,-1.8,4,-0.1,2,-1.4,6,0.1
S02000610,S02000633,17,4,4,9,-13,-13,-8,34,17,11,2,14,1.7,6,-0.9,20,-1.5
S02000610,S02000634,30,3,5,17,-25,-27,-13,55,25,17,3.1,23,2,10,-1.6,32,-1.7
S02000610,S02000635,3,0,0,6,-3,-3,3,9,6,3,0.1,4,-0.4,2,-1.3,5,0.4
S02000610,S02000644,3,0,0,0,-3,-3,-3,3,0,1,2.1,1,1.5,1,-0.7,2,-1.3
S02000610,S02000651,5,0,6,0,1,-5,-5,11,6,3,0.9,5,0.1,2,2.8,6,-0.1
S02000610,S02000652,0,0,0,3,0,0,3,3,3,1,-1,1,-1.1,1,-0.7,2,1
S02000610,S02000655,38,8,102,106,64,-30,68,254,216,79,-4.6,108,-6,47,8,146,5.1
S02000610,S02000656,9,7,3,4,-6,-2,-5,23,14,7,0.7,10,2,4,-0.6,13,-1.7
S02000610,S02000658,37,6,15,59,-22,-31,22,117,80,36,0.1,50,-1,22,-1.4,67,0.8
S02000610,S02000659,4,0,0,4,-4,-4,0,8,4,2,1,3,0.3,1,-1.2,5,-0.3
S02000610,S02000660,9,9,0,4,-9,0,-5,22,13,7,0.8,9,2.8,4,-2,13,-2.4
S02000610,S02000661,10,0,6,5,-4,-10,-5,21,11,7,1.4,9,0.4,4,1.1,12,-0.3
S02000610,S02000663,0,8,0,4,0,8,4,12,12,4,-1.9,5,1.3,2,-1.5,7,-1.1
S02000610,S02000664,3,0,0,3,-3,-3,0,6,3,2,0.8,3,0.3,1,-1.1,3,-0.2
S02000610,S02000665,0,0,0,3,0,0,3,3,3,1,-1,1,-1.1,1,-0.7,2,1
S02000610,S02000667,3,0,0,0,-3,-3,-3,3,0,1,2.1,1,1.5,1,-0.7,2,-1.3
S02000610,S02000669,0,0,9,0,9,0,0,9,9,3,-1.7,4,-2,2,5.7,5,1.7
S02000610,S02000670,7,8,4,6,-3,1,-1,25,18,8,-0.3,11,1.3,5,-0.3,14,-1.2
S02000610,S02000672,0,0,3,8,3,0,8,11,11,3,-1.9,5,-2.2,2,0.7,6,1.9
S02000610,S02000676,5,0,3,4,-2,-5,-1,12,7,4,0.7,5,0,2,0.5,7,0
S02000610,S02000677,5,0,0,0,-5,-5,-5,5,0,2,2.8,2,2,1,-1,3,-1.7
S02000610,S02000681,0,0,0,5,0,0,5,5,5,2,-1.2,2,-1.5,1,-1,3,1.3
S02000610,S02000684,0,4,0,0,0,4,0,4,4,1,-1.1,2,1.8,1,-0.9,2,-1.5
S02000610,S02000685,0,0,0,3,0,0,3,3,3,1,-1,1,-1.1,1,-0.7,2,1
S02000610,S02000688,4,0,0,9,-4,-4,5,13,9,4,0,6,-0.7,2,-1.6,7,0.6
S02000610,S02000689,5,0,0,0,-5,-5,-5,5,0,2,2.8,2,2,1,-1,3,-1.7
S02000610,S02000691,6,3,0,0,-6,-3,-6,9,3,3,1.9,4,2.6,2,-1.3,5,-2.3
S02000610,S02000710,0,5,0,0,0,5,0,5,5,2,-1.2,2,2,1,-1,3,-1.7
S02000610,S02001000,8,0,0,5,-8,-8,-3,13,5,4,2,6,1.1,2,-1.6,7,-0.9
S02000610,S02001010,6,0,0,5,-6,-6,-1,11,5,3,1.4,5,0.6,2,-1.4,6,-0.5
S02000610,S02001013,3,0,0,3,-3,-3,0,6,3,2,0.8,3,0.3,1,-1.1,3,-0.2
S02000610,S02001015,0,4,0,0,0,4,0,4,4,1,-1.1,2,1.8,1,-0.9,2,-1.5
S02000610,S02001154,3,0,0,7,-3,-3,4,10,7,3,-0.1,4,-0.6,2,-1.4,6,0.5
S02000610,S02001157,0,5,0,9,0,5,9,14,14,4,-2.1,6,-0.4,3,-1.6,8,0.3
S02000610,S02001158,0,0,0,4,0,0,4,4,4,1,-1.1,2,-1.3,1,-0.9,2,1.1
S02000610,S02001159,3,0,0,8,-3,-3,5,11,8,3,-0.2,5,-0.8,2,-1.4,6,0.7
S02000610,S02001160,0,0,0,5,0,0,5,5,5,2,-1.2,2,-1.5,1,-1,3,1.3
S02000610,S02001161,7,4,5,17,-2,-3,10,33,26,10,-1,14,-0.8,6,-0.4,19,0.7
S02000610,S02001162,3,3,0,8,-3,0,5,14,11,4,-0.7,6,0,3,-1.6,8,0
S02000610,S02001185,0,0,5,3,5,0,3,8,8,2,-1.6,3,-1.8,1,2.9,5,1.6
S02000611,S02000270,0,0,3,0,3,0,0,3,3,1,-1,1,-1.1,1,3.3,2,1
S02000611,S02000281,0,3,0,0,0,3,0,3,3,1,-1,1,1.5,1,-0.7,2,-1.3
S02000611,S02000317,3,0,0,0,-3,-3,-3,3,0,1,2.1,1,1.5,1,-0.7,2,-1.3
S02000611,S02000602,3,0,0,0,-3,-3,-3,3,0,1,2.1,1,1.5,1,-0.7,2,-1.3
S02000611,S02000603,0,0,0,4,0,0,4,4,4,1,-1.1,2,-1.3,1,-0.9,2,1.1
S02000611,S02000609,3,0,0,0,-3,-3,-3,3,0,1,2.1,1,1.5,1,-0.7,2,-1.3
S02000611,S02000611,13,28,3,16,-10,15,3,60,47,19,-1.3,26,3.1,11,-2.4,34,-2.6
S02000611,S02000613,8,5,0,18,-8,-3,10,31,23,10,-0.5,13,-0.1,6,-2.4,18,0
S02000611,S02000618,3,0,0,6,-3,-3,3,9,6,3,0.1,4,-0.4,2,-1.3,5,0.4
S02000611,S02000619,4,0,0,0,-4,-4,-4,4,0,1,2.5,2,1.8,1,-0.9,2,-1.5
S02000611,S02000620,7,0,3,17,-4,-7,10,27,20,8,-0.5,11,-1.3,5,-0.9,16,1.1
S02000611,S02000623,0,0,0,5,0,0,5,5,5,2,-1.2,2,-1.5,1,-1,3,1.3
S02000611,S02000625,0,0,0,4,0,0,4,4,4,1,-1.1,2,-1.3,1,-0.9,2,1.1
S02000611,S02000626,0,0,0,8,0,0,8,8,8,2,-1.6,3,-1.8,1,-1.2,5,1.6
S02000611,S02000628,9,5,0,5,-9,-4,-4,19,10,6,1.3,8,2.1,4,-1.9,11,-1.8
S02000611,S02000629,15,31,0,4,-15,16,-11,50,35,16,-0.1,21,5.4,9,-3,29,-4.6
S02000611,S02000630,0,3,0,5,0,3,5,8,8,2,-1.6,3,-0.2,1,-1.2,5,0.2
S02000611,S02000632,14,8,0,22,-14,-6,8,44,30,14,0.1,19,0.8,8,-2.9,25,-0.7
S02000611,S02000633,22,14,9,46,-13,-8,24,91,69,28,-1.2,39,-0.4,17,-1.9,52,0.4
S02000611,S02000634,19,3,0,6,-19,-16,-13,28,9,9,3.5,12,2.9,5,-2.3,16,-2.5
S02000611,S02000635,6,0,3,4,-3,-6,-2,13,7,4,1,6,0.2,2,0.4,7,-0.2
S02000611,S02000636,0,0,0,5,0,0,5,5,5,2,-1.2,2,-1.5,1,-1,3,1.3
S02000611,S02000638,5,0,0,0,-5,-5,-5,5,0,2,2.8,2,2,1,-1,3,-1.7
S02000611,S02000640,5,0,0,7,-5,-5,2,12,7,4,0.7,5,0,2,-1.5,7,0
S02000611,S02000642,0,6,0,0,0,6,0,6,6,2,-1.4,3,2.2,1,-1.1,3,-1.9
S02000611,S02000643,13,0,0,3,-13,-13,-10,16,3,5,3.6,7,2.4,3,-1.7,9,-2
S02000611,S02000644,3,0,3,0,0,-3,-3,6,3,2,0.8,3,0.3,1,1.8,3,-0.2
S02000611,S02000647,7,0,0,0,-7,-7,-7,7,0,2,3.3,3,2.3,1,-1.1,4,-2
S02000611,S02000648,0,4,0,14,0,4,14,18,18,6,-2.4,8,-1.3,3,-1.8,10,1.1
S02000611,S02000651,0,0,6,0,6,0,0,6,6,2,-1.4,3,-1.6,1,4.6,3,1.4
S02000611,S02000652,4,0,0,4,-4,-4,0,8,4,2,1,3,0.3,1,-1.2,5,-0.3
S02000611,S02000654,6,0,0,0,-6,-6,-6,6,0,2,3,3,2.2,1,-1.1,3,-1.9
S02000611,S02000655,48,5,92,49,44,-43,1,194,146,60,-1.6,83,-3.2,36,9.4,111,2.8
S02000611,S02000656,3,5,3,4,0,2,1,15,12,5,-0.8,6,0.6,3,0.1,9,-0.6
S02000611,S02000658,70,11,13,61,-57,-59,-9,155,85,48,3.1,66,1.9,29,-2.9,89,-1.6
S02000611,S02000659,7,0,4,8,-3,-7,1,19,12,6,0.4,8,-0.4,4,0.3,11,0.3
S02000611,S02000660,14,3,0,4,-14,-11,-10,21,7,7,2.9,9,2.7,4,-2,12,-2.3
S02000611,S02000661,8,3,6,10,-2,-5,2,27,19,8,-0.1,11,-0.1,5,0.4,16,0.1
S02000611,S02000662,0,0,0,4,0,0,4,4,4,1,-1.1,2,-1.3,1,-0.9,2,1.1
S02000611,S02000663,5,6,4,10,-1,1,5,25,20,8,-1,11,0.1,5,-0.3,14,-0.1
S02000611,S02000664,6,0,0,0,-6,-6,-6,6,0,2,3,3,2.2,1,-1.1,3,-1.9
S02000611,S02000665,0,0,0,3,0,0,3,3,3,1,-1,1,-1.1,1,-0.7,2,1
S02000611,S02000666,0,0,0,7,0,0,7,7,7,2,-1.5,3,-1.7,1,-1.1,4,1.5
S02000611,S02000667,4,0,0,3,-4,-4,-1,7,3,2,1.2,3,0.6,1,-1.1,4,-0.5
S02000611,S02000669,0,0,4,0,4,0,0,4,4,1,-1.1,2,-1.3,1,3.8,2,1.1
S02000611,S02000670,14,17,0,0,-14,3,-14,31,17,10,1.4,13,4.9,6,-2.4,18,-4.2
S02000611,S02000672,0,0,0,14,0,0,14,14,14,4,-2.1,6,-2.4,3,-1.6,8,2.1
S02000611,S02000674,5,0,0,8,-5,-5,3,13,8,4,0.5,6,-0.2,2,-1.6,7,0.2
S02000611,S02000676,3,5,3,0,0,2,-3,11,8,3,-0.2,5,1.5,2,0.7,6,-1.3
S02000611,S02000680,0,0,0,3,0,0,3,3,3,1,-1,1,-1.1,1,-0.7,2,1
S02000611,S02000685,0,0,0,3,0,0,3,3,3,1,-1,1,-1.1,1,-0.7,2,1
S02000611,S02000689,7,0,0,4,-7,-7,-3,11,4,3,1.9,5,1.1,2,-1.4,6,-0.9
S02000611,S02000691,14,0,0,4,-14,-14,-10,18,4,6,3.5,8,2.3,3,-1.8,10,-2
S02000611,S02000692,5,0,0,0,-5,-5,-5,5,0,2,2.8,2,2,1,-1,3,-1.7
S02000611,S02000701,0,3,0,0,0,3,0,3,3,1,-1,1,1.5,1,-0.7,2,-1.3
S02000611,S02001013,0,4,0,6,0,4,6,10,10,3,-1.8,4,-0.1,2,-1.4,6,0.1
S02000611,S02001150,0,0,0,3,0,0,3,3,3,1,-1,1,-1.1,1,-0.7,2,1
S02000611,S02001153,0,0,0,3,0,0,3,3,3,1,-1,1,-1.1,1,-0.7,2,1
S02000611,S02001157,0,4,0,4,0,4,4,8,8,2,-1.6,3,0.3,1,-1.2,5,-0.3
S02000611,S02001159,0,0,0,4,0,0,4,4,4,1,-1.1,2,-1.3,1,-0.9,2,1.1
S02000611,S02001161,0,5,0,3,0,5,3,8,8,2,-1.6,3,0.9,1,-1.2,5,-0.7
S02000611,S02001162,0,3,0,4,0,3,4,7,7,2,-1.5,3,0,1,-1.1,4,0
S02000611,S02001185,3,0,0,0,-3,-3,-3,3,0,1,2.1,1,1.5,1,-0.7,2,-1.3
S02000612,S02000262,0,0,0,3,0,0,3,3,3,1,-1,1,-1.1,1,-0.7,2,1
S02000612,S02000270,0,0,4,0,4,0,0,4,4,1,-1.1,2,-1.3,1,3.8,2,1.1
S02000612,S02000281,4,0,0,0,-4,-4,-4,4,0,1,2.5,2,1.8,1,-0.9,2,-1.5
S02000612,S02000285,0,0,0,3,0,0,3,3,3,1,-1,1,-1.1,1,-0.7,2,1
S02000612,S02000311,0,0,0,4,0,0,4,4,4,1,-1.1,2,-1.3,1,-0.9,2,1.1
S02000612,S02000316,0,0,0,4,0,0,4,4,4,1,-1.1,2,-1.3,1,-0.9,2,1.1
S02000612,S02000318,0,0,0,4,0,0,4,4,4,1,-1.1,2,-1.3,1,-0.9,2,1.1
S02000612,S02000322,0,0,0,4,0,0,4,4,4,1,-1.1,2,-1.3,1,-0.9,2,1.1
S02000612,S02000323,0,0,0,3,0,0,3,3,3,1,-1,1,-1.1,1,-0.7,2,1
S02000612,S02000326,3,0,0,0,-3,-3,-3,3,0,1,2.1,1,1.5,1,-0.7,2,-1.3
S02000612,S02000327,7,0,0,4,-7,-7,-3,11,4,3,1.9,5,1.1,2,-1.4,6,-0.9
S02000612,S02000328,3,0,0,5,-3,-3,2,8,5,2,0.3,3,-0.2,1,-1.2,5,0.2
S02000612,S02000587,0,0,0,5,0,0,5,5,5,2,-1.2,2,-1.5,1,-1,3,1.3
S02000612,S02000588,3,0,0,0,-3,-3,-3,3,0,1,2.1,1,1.5,1,-0.7,2,-1.3
S02000612,S02000590,0,0,0,6,0,0,6,6,6,2,-1.4,3,-1.6,1,-1.1,3,1.4
S02000612,S02000596,0,0,0,3,0,0,3,3,3,1,-1,1,-1.1,1,-0.7,2,1
S02000612,S02000597,0,0,4,12,4,0,12,16,16,5,-2.2,7,-2.6,3,0.6,9,2.2
S02000612,S02000599,10,3,5,0,-5,-7,-10,18,8,6,1.9,8,1.9,3,0.9,10,-1.7
S02000612,S02000601,0,0,0,4,0,0,4,4,4,1,-1.1,2,-1.3,1,-0.9,2,1.1
S02000612,S02000602,3,7,0,14,-3,4,11,24,21,7,-1.6,10,-0.1,4,-2.1,14,0.1
S02000612,S02000603,0,0,0,7,0,0,7,7,7,2,-1.5,3,-1.7,1,-1.1,4,1.5
S02000612,S02000604,8,0,0,5,-8,-8,-3,13,5,4,2,6,1.1,2,-1.6,7,-0.9
S02000612,S02000605,0,0,0,10,0,0,10,10,10,3,-1.8,4,-2.1,2,-1.4,6,1.8
S02000612,S02000606,0,0,0,3,0,0,3,3,3,1,-1,1,-1.1,1,-0.7,2,1
S02000612,S02000607,21,0,0,0,-21,-21,-21,21,0,7,5.7,9,4,4,-2,12,-3.5
S02000612,S02000608,5,0,0,0,-5,-5,-5,5,0,2,2.8,2,2,1,-1,3,-1.7
S02000612,S02000609,4,5,5,21,1,1,17,35,31,11,-2.1,15,-1.5,6,-0.6,20,1.3
S02000612,S02000611,0,0,0,3,0,0,3,3,3,1,-1,1,-1.1,1,-0.7,2,1
S02000612,S02000612,0,3,3,28,3,3,28,34,34,11,-3.3,14,-3,6,-1.3,20,2.6
S02000612,S02000614,3,6,5,7,2,3,4,21,18,7,-1.4,9,0,4,0.6,12,0
S02000612,S02000615,0,0,0,8,0,0,8,8,8,2,-1.6,3,-1.8,1,-1.2,5,1.6
S02000612,S02000616,0,0,0,10,0,0,10,10,10,3,-1.8,4,-2.1,2,-1.4,6,1.8
S02000612,S02000617,5,0,0,0,-5,-5,-5,5,0,2,2.8,2,2,1,-1,3,-1.7
S02000612,S02000618,0,0,0,3,0,0,3,3,3,1,-1,1,-1.1,1,-0.7,2,1
S02000612,S02000622,4,0,0,23,-4,-4,19,27,23,8,-1.5,11,-2.2,5,-2.2,16,1.9
S02000612,S02000624,0,0,0,12,0,0,12,12,12,4,-1.9,5,-2.3,2,-1.5,7,1.9
S02000612,S02000625,0,0,0,6,0,0,6,6,6,2,-1.4,3,-1.6,1,-1.1,3,1.4
S02000612,S02000626,0,0,0,5,0,0,5,5,5,2,-1.2,2,-1.5,1,-1,3,1.3
S02000612,S02000627,0,0,3,5,3,0,5,8,8,2,-1.6,3,-1.8,1,1.2,5,1.6
S02000612,S02000628,16,0,3,4,-13,-16,-12,23,7,7,3.3,10,2,4,-0.6,13,-1.7
S02000612,S02000631,4,7,5,11,1,3,7,27,23,8,-1.5,11,-0.1,5,0,16,0.1
S02000612,S02000633,9,0,0,7,-9,-9,-2,16,7,5,1.8,7,0.8,3,-1.7,9,-0.7
S02000612,S02000634,17,0,16,34,-1,-17,17,67,50,21,-0.8,28,-2.2,12,1,39,1.9
S02000612,S02000635,8,0,8,6,0,-8,-2,22,14,7,0.4,9,-0.4,4,1.9,13,0.4
S02000612,S02000638,3,0,0,3,-3,-3,0,6,3,2,0.8,3,0.3,1,-1.1,3,-0.2
S02000612,S02000642,5,0,0,6,-5,-5,1,11,6,3,0.9,5,0.1,2,-1.4,6,-0.1
S02000612,S02000644,5,0,16,11,11,-5,6,32,27,10,-1.6,14,-2.3,6,4.1,18,2
S02000612,S02000648,0,0,0,4,0,0,4,4,4,1,-1.1,2,-1.3,1,-0.9,2,1.1
S02000612,S02000650,0,4,0,0,0,4,0,4,4,1,-1.1,2,1.8,1,-0.9,2,-1.5
S02000612,S02000651,0,0,9,5,9,0,5,14,14,4,-2.1,6,-2.4,3,4,8,2.1
S02000612,S02000655,73,19,240,89,167,-54,16,421,348,131,-5.1,179,-6.5,78,18.4,242,5.6
S02000612,S02000656,0,8,0,6,0,8,6,14,14,4,-2.1,6,0.8,3,-1.6,8,-0.7
S02000612,S02000658,55,6,25,101,-30,-49,46,187,132,58,-0.4,80,-2.1,35,-1.6,107,1.8
S02000612,S02000659,0,0,3,0,3,0,0,3,3,1,-1,1,-1.1,1,3.3,2,1
S02000612,S02000660,39,0,5,8,-34,-39,-31,52,13,16,5.7,22,3.6,10,-1.5,30,-3.1
S02000612,S02000661,7,0,19,21,12,-7,14,47,40,15,-2,20,-2.9,9,3.5,27,2.5
S02000612,S02000663,0,0,0,5,0,0,5,5,5,2,-1.2,2,-1.5,1,-1,3,1.3
S02000612,S02000664,16,0,0,0,-16,-16,-16,16,0,5,4.9,7,3.5,3,-1.7,9,-3
S02000612,S02000665,0,4,8,11,8,4,11,23,23,7,-2.7,10,-1.8,4,1.8,13,1.6
S02000612,S02000667,3,0,0,0,-3,-3,-3,3,0,1,2.1,1,1.5,1,-0.7,2,-1.3
S02000612,S02000668,3,0,0,4,-3,-3,1,7,4,2,0.6,3,0,1,-1.1,4,0
S02000612,S02000669,0,0,5,0,5,0,0,5,5,2,-1.2,2,-1.5,1,4.2,3,1.3
S02000612,S02000670,4,0,0,0,-4,-4,-4,4,0,1,2.5,2,1.8,1,-0.9,2,-1.5
S02000612,S02000672,0,0,0,50,0,0,50,50,50,16,-3.9,21,-4.6,9,-3,29,4
S02000612,S02000675,0,0,0,5,0,0,5,5,5,2,-1.2,2,-1.5,1,-1,3,1.3
S02000612,S02000682,0,0,0,7,0,0,7,7,7,2,-1.5,3,-1.7,1,-1.1,4,1.5
S02000612,S02000684,0,0,0,10,0,0,10,10,10,3,-1.8,4,-2.1,2,-1.4,6,1.8
S02000612,S02000689,9,0,0,5,-9,-9,-4,14,5,4,2.2,6,1.2,3,-1.6,8,-1.1
S02000612,S02000691,4,0,0,3,-4,-4,-1,7,3,2,1.2,3,0.6,1,-1.1,4,-0.5
S02000612,S02000701,4,0,0,0,-4,-4,-4,4,0,1,2.5,2,1.8,1,-0.9,2,-1.5
S02000612,S02000783,3,0,0,0,-3,-3,-3,3,0,1,2.1,1,1.5,1,-0.7,2,-1.3
S02000612,S02000988,0,0,0,4,0,0,4,4,4,1,-1.1,2,-1.3,1,-0.9,2,1.1
S02000612,S02000993,7,0,0,0,-7,-7,-7,7,0,2,3.3,3,2.3,1,-1.1,4,-2
S02000612,S02000999,0,0,3,0,3,0,0,3,3,1,-1,1,-1.1,1,3.3,2,1
S02000612,S02001000,4,0,5,16,1,-4,12,25,21,8,-1.4,11,-2,5,0.2,14,1.7
S02000612,S02001004,0,0,3,0,3,0,0,3,3,1,-1,1,-1.1,1,3.3,2,1
S02000612,S02001007,0,3,0,0,0,3,0,3,3,1,-1,1,1.5,1,-0.7,2,-1.3
S02000612,S02001010,7,0,4,10,-3,-7,3,21,14,7,0.2,9,-0.6,4,0.1,12,0.6
S02000612,S02001013,0,0,0,12,0,0,12,12,12,4,-1.9,5,-2.3,2,-1.5,7,1.9
S02000612,S02001015,0,3,7,3,7,3,3,13,13,4,-2,6,-1.1,2,3,7,0.9
S02000612,S02001148,0,0,0,3,0,0,3,3,3,1,-1,1,-1.1,1,-0.7,2,1
S02000612,S02001159,0,0,0,5,0,0,5,5,5,2,-1.2,2,-1.5,1,-1,3,1.3
S02000612,S02001161,5,0,0,0,-5,-5,-5,5,0,2,2.8,2,2,1,-1,3,-1.7
S02000612,S02001162,0,0,0,4,0,0,4,4,4,1,-1.1,2,-1.3,1,-0.9,2,1.1
S02000612,S02001185,0,0,4,3,4,0,3,7,7,2,-1.5,3,-1.7,1,2.4,4,1.5
S02000613,S02000270,0,0,4,3,4,0,3,7,7,2,-1.5,3,-1.7,1,2.4,4,1.5
S02000613,S02000610,0,0,0,3,0,0,3,3,3,1,-1,1,-1.1,1,-0.7,2,1
S02000613,S02000611,5,10,3,8,-2,5,3,26,21,8,-1.1,11,1.2,5,-0.8,15,-1
S02000613,S02000613,0,0,0,19,0,0,19,19,19,6,-2.4,8,-2.8,4,-1.9,11,2.4
S02000613,S02000618,0,3,0,3,0,3,3,6,6,2,-1.4,3,0.3,1,-1.1,3,-0.2
S02000613,S02000619,0,0,0,4,0,0,4,4,4,1,-1.1,2,-1.3,1,-0.9,2,1.1
S02000613,S02000620,0,0,5,4,5,0,4,9,9,3,-1.7,4,-2,2,2.6,5,1.7
S02000613,S02000626,3,0,0,0,-3,-3,-3,3,0,1,2.1,1,1.5,1,-0.7,2,-1.3
S02000613,S02000628,0,5,0,3,0,5,3,8,8,2,-1.6,3,0.9,1,-1.2,5,-0.7
S02000613,S02000629,8,27,4,3,-4,19,-5,42,34,13,-1.4,18,4.1,8,-1.4,24,-3.5
S02000613,S02000630,3,0,0,0,-3,-3,-3,3,0,1,2.1,1,1.5,1,-0.7,2,-1.3
S02000613,S02000632,4,0,0,9,-4,-4,5,13,9,4,0,6,-0.7,2,-1.6,7,0.6
S02000613,S02000633,9,12,5,22,-4,3,13,48,39,15,-1.5,20,0.1,9,-1.3,28,-0.1
S02000613,S02000634,12,0,0,0,-12,-12,-12,12,0,4,4.3,5,3.1,2,-1.5,7,-2.6
S02000613,S02000635,6,0,0,7,-6,-6,1,13,7,4,1,6,0.2,2,-1.6,7,-0.2
S02000613,S02000640,0,0,0,4,0,0,4,4,4,1,-1.1,2,-1.3,1,-0.9,2,1.1
S02000613,S02000643,4,0,0,0,-4,-4,-4,4,0,1,2.5,2,1.8,1,-0.9,2,-1.5
S02000613,S02000644,3,0,0,0,-3,-3,-3,3,0,1,2.1,1,1.5,1,-0.7,2,-1.3
S02000613,S02000645,5,0,0,0,-5,-5,-5,5,0,2,2.8,2,2,1,-1,3,-1.7
S02000613,S02000648,3,5,0,7,-3,2,4,15,12,5,-0.8,6,0.6,3,-1.7,9,-0.6
S02000613,S02000650,0,0,0,3,0,0,3,3,3,1,-1,1,-1.1,1,-0.7,2,1
S02000613,S02000651,0,0,0,4,0,0,4,4,4,1,-1.1,2,-1.3,1,-0.9,2,1.1
S02000613,S02000655,23,5,44,26,21,-18,3,98,75,31,-1.4,42,-2.1,18,6.1,56,1.8
S02000613,S02000656,4,0,0,6,-4,-4,2,10,6,3,0.5,4,-0.1,2,-1.4,6,0.1
S02000613,S02000658,23,8,6,40,-17,-15,17,77,54,24,-0.2,33,-0.3,14,-2.2,44,0.3
S02000613,S02000659,5,0,0,3,-5,-5,-2,8,3,2,1.6,3,0.9,1,-1.2,5,-0.7
S02000613,S02000661,0,0,6,6,6,0,6,12,12,4,-1.9,5,-2.3,2,2.5,7,1.9
S02000613,S02000662,3,0,0,0,-3,-3,-3,3,0,1,2.1,1,1.5,1,-0.7,2,-1.3
S02000613,S02000663,0,0,4,3,4,0,3,7,7,2,-1.5,3,-1.7,1,2.4,4,1.5
S02000613,S02000666,4,0,0,0,-4,-4,-4,4,0,1,2.5,2,1.8,1,-0.9,2,-1.5
S02000613,S02000669,0,0,0,3,0,0,3,3,3,1,-1,1,-1.1,1,-0.7,2,1
S02000613,S02000670,9,9,0,0,-9,0,-9,18,9,6,1.4,8,3.7,3,-1.8,10,-3.2
S02000613,S02000672,0,0,0,5,0,0,5,5,5,2,-1.2,2,-1.5,1,-1,3,1.3
S02000613,S02000674,3,0,0,10,-3,-3,7,13,10,4,-0.5,6,-1.1,2,-1.6,7,0.9
S02000613,S02000676,4,0,0,0,-4,-4,-4,4,0,1,2.5,2,1.8,1,-0.9,2,-1.5
S02000613,S02000684,0,12,3,0,3,12,0,15,15,5,-2.2,6,2.2,3,0.1,9,-1.9
S02000613,S02000689,6,0,0,0,-6,-6,-6,6,0,2,3,3,2.2,1,-1.1,3,-1.9
S02000613,S02000705,0,0,0,3,0,0,3,3,3,1,-1,1,-1.1,1,-0.7,2,1
S02000613,S02001013,0,4,0,5,0,4,5,9,9,3,-1.7,4,0.1,2,-1.3,5,-0.1
S02000613,S02001153,0,0,0,3,0,0,3,3,3,1,-1,1,-1.1,1,-0.7,2,1
S02000613,S02001157,0,0,0,5,0,0,5,5,5,2,-1.2,2,-1.5,1,-1,3,1.3
S02000613,S02001162,0,5,3,8,3,5,8,16,16,5,-2.2,7,-0.7,3,0,9,0.6
S02000614,S02000310,0,4,0,0,0,4,0,4,4,1,-1.1,2,1.8,1,-0.9,2,-1.5
S02000614,S02000312,0,0,0,4,0,0,4,4,4,1,-1.1,2,-1.3,1,-0.9,2,1.1
S02000614,S02000313,0,0,0,9,0,0,9,9,9,3,-1.7,4,-2,2,-1.3,5,1.7
S02000614,S02000314,0,5,0,0,0,5,0,5,5,2,-1.2,2,2,1,-1,3,-1.7
S02000614,S02000317,0,0,0,4,0,0,4,4,4,1,-1.1,2,-1.3,1,-0.9,2,1.1
S02000614,S02000318,0,0,0,5,0,0,5,5,5,2,-1.2,2,-1.5,1,-1,3,1.3
S02000614,S02000319,0,0,0,3,0,0,3,3,3,1,-1,1,-1.1,1,-0.7,2,1
S02000614,S02000320,0,3,0,0,0,3,0,3,3,1,-1,1,1.5,1,-0.7,2,-1.3
S02000614,S02000324,6,0,0,8,-6,-6,2,14,8,4,0.8,6,0,3,-1.6,8,0
S02000614,S02000327,4,0,4,0,0,-4,-4,8,4,2,1,3,0.3,1,2.1,5,-0.3
S02000614,S02000328,3,0,0,0,-3,-3,-3,3,0,1,2.1,1,1.5,1,-0.7,2,-1.3
S02000614,S02000586,3,0,0,3,-3,-3,0,6,3,2,0.8,3,0.3,1,-1.1,3,-0.2
S02000614,S02000588,0,0,0,5,0,0,5,5,5,2,-1.2,2,-1.5,1,-1,3,1.3
S02000614,S02000590,0,0,0,7,0,0,7,7,7,2,-1.5,3,-1.7,1,-1.1,4,1.5
S02000614,S02000597,0,0,0,14,0,0,14,14,14,4,-2.1,6,-2.4,3,-1.6,8,2.1
S02000614,S02000598,0,0,0,3,0,0,3,3,3,1,-1,1,-1.1,1,-0.7,2,1
S02000614,S02000599,11,8,0,3,-11,-3,-8,22,11,7,1.6,9,3.2,4,-2,13,-2.7
S02000614,S02000601,3,0,0,0,-3,-3,-3,3,0,1,2.1,1,1.5,1,-0.7,2,-1.3
S02000614,S02000602,9,0,0,9,-9,-9,0,18,9,6,1.4,8,0.5,3,-1.8,10,-0.4
S02000614,S02000603,0,3,0,3,0,3,3,6,6,2,-1.4,3,0.3,1,-1.1,3,-0.2
S02000614,S02000604,5,0,0,7,-5,-5,2,12,7,4,0.7,5,0,2,-1.5,7,0
S02000614,S02000607,21,0,0,7,-21,-21,-14,28,7,9,4.2,12,2.6,5,-2.3,16,-2.3
S02000614,S02000608,7,0,0,0,-7,-7,-7,7,0,2,3.3,3,2.3,1,-1.1,4,-2
S02000614,S02000609,0,0,0,16,0,0,16,16,16,5,-2.2,7,-2.6,3,-1.7,9,2.2
S02000614,S02000610,0,0,3,9,3,0,9,12,12,4,-1.9,5,-2.3,2,0.5,7,1.9
S02000614,S02000611,3,0,0,0,-3,-3,-3,3,0,1,2.1,1,1.5,1,-0.7,2,-1.3
S02000614,S02000612,8,0,0,11,-8,-8,3,19,11,6,0.9,8,0,4,-1.9,11,0
S02000614,S02000614,18,4,5,31,-13,-14,13,58,40,18,0,25,-0.5,11,-1.7,33,0.5
S02000614,S02000615,0,0,3,12,3,0,12,15,15,5,-2.2,6,-2.5,3,0.1,9,2.2
S02000614,S02000616,0,0,3,14,3,0,14,17,17,5,-2.3,7,-2.7,3,-0.1,10,2.3
S02000614,S02000617,3,0,0,0,-3,-3,-3,3,0,1,2.1,1,1.5,1,-0.7,2,-1.3
S02000614,S02000622,6,0,0,15,-6,-6,9,21,15,7,-0.2,9,-1,4,-2,12,0.8
S02000614,S02000624,0,0,0,3,0,0,3,3,3,1,-1,1,-1.1,1,-0.7,2,1
S02000614,S02000625,0,0,0,10,0,0,10,10,10,3,-1.8,4,-2.1,2,-1.4,6,1.8
S02000614,S02000627,0,0,0,4,0,0,4,4,4,1,-1.1,2,-1.3,1,-0.9,2,1.1
S02000614,S02000628,9,5,0,6,-9,-4,-3,20,11,6,1.1,9,1.9,4,-1.9,11,-1.6
S02000614,S02000631,0,0,3,6,3,0,6,9,9,3,-1.7,4,-2,2,1,5,1.7
S02000614,S02000633,7,0,0,5,-7,-7,-2,12,5,4,1.7,5,0.8,2,-1.5,7,-0.7
S02000614,S02000634,20,5,10,20,-10,-15,0,55,35,17,0.7,23,0.3,10,-0.1,32,-0.3
S02000614,S02000635,9,0,4,8,-5,-9,-1,21,12,7,1,9,0,4,0.1,12,0
S02000614,S02000640,0,0,0,7,0,0,7,7,7,2,-1.5,3,-1.7,1,-1.1,4,1.5
S02000614,S02000642,3,0,3,6,0,-3,3,12,9,4,-0.4,5,-0.9,2,0.5,7,0.8
S02000614,S02000644,14,0,33,6,19,-14,-8,53,39,17,-0.6,23,-1.8,10,7.4,30,1.5
S02000614,S02000646,0,0,0,5,0,0,5,5,5,2,-1.2,2,-1.5,1,-1,3,1.3
S02000614,S02000647,3,0,0,0,-3,-3,-3,3,0,1,2.1,1,1.5,1,-0.7,2,-1.3
S02000614,S02000649,0,0,0,3,0,0,3,3,3,1,-1,1,-1.1,1,-0.7,2,1
S02000614,S02000651,6,0,11,12,5,-6,6,29,23,9,-1,12,-1.8,5,2.4,17,1.6
S02000614,S02000655,90,24,248,179,158,-66,89,541,451,168,-6,230,-7.7,100,14.8,311,6.6
S02000614,S02000656,5,4,5,8,0,-1,3,22,17,7,-0.7,9,-0.1,4,0.5,13,0.1
S02000614,S02000658,63,15,40,122,-23,-48,59,240,177,75,-1.4,102,-2.4,44,-0.7,138,2
S02000614,S02000659,0,5,6,5,6,5,5,16,16,5,-2.2,7,-0.7,3,1.8,9,0.6
S02000614,S02000660,15,0,6,8,-9,-15,-7,29,14,9,2,12,0.8,5,0.3,17,-0.7
S02000614,S02000661,13,5,24,19,11,-8,6,61,48,19,-1.4,26,-1.6,11,3.8,35,1.3
S02000614,S02000663,0,0,0,4,0,0,4,4,4,1,-1.1,2,-1.3,1,-0.9,2,1.1
S02000614,S02000664,12,0,5,8,-7,-12,-4,25,13,8,1.5,11,0.4,5,0.2,14,-0.4
S02000614,S02000665,0,0,11,8,11,0,8,19,19,6,-2.4,8,-2.8,4,4,11,2.4
S02000614,S02000668,3,0,0,0,-3,-3,-3,3,0,1,2.1,1,1.5,1,-0.7,2,-1.3
S02000614,S02000669,0,0,10,10,10,0,10,20,20,6,-2.5,9,-2.9,4,3.3,11,2.5
S02000614,S02000670,9,4,0,3,-9,-5,-6,16,7,5,1.8,7,2.4,3,-1.7,9,-2
S02000614,S02000672,6,3,11,49,5,-3,43,69,63,21,-3.3,29,-3.8,13,-0.5,40,3.2
S02000614,S02000675,0,0,0,3,0,0,3,3,3,1,-1,1,-1.1,1,-0.7,2,1
S02000614,S02000676,3,0,0,0,-3,-3,-3,3,0,1,2.1,1,1.5,1,-0.7,2,-1.3
S02000614,S02000677,0,0,0,3,0,0,3,3,3,1,-1,1,-1.1,1,-0.7,2,1
S02000614,S02000680,0,0,0,6,0,0,6,6,6,2,-1.4,3,-1.6,1,-1.1,3,1.4
S02000614,S02000681,0,0,0,3,0,0,3,3,3,1,-1,1,-1.1,1,-0.7,2,1
S02000614,S02000685,12,0,0,3,-12,-12,-9,15,3,5,3.4,6,2.2,3,-1.7,9,-1.9
S02000614,S02000689,13,0,0,11,-13,-13,-2,24,11,7,2,10,0.9,4,-2.1,14,-0.8
S02000614,S02000691,11,0,0,4,-11,-11,-7,15,4,5,2.9,6,1.8,3,-1.7,9,-1.6
S02000614,S02000701,4,5,0,0,-4,1,-4,9,5,3,0.7,4,2.6,2,-1.3,5,-2.3
S02000614,S02000702,0,0,0,3,0,0,3,3,3,1,-1,1,-1.1,1,-0.7,2,1
S02000614,S02000710,0,0,0,3,0,0,3,3,3,1,-1,1,-1.1,1,-0.7,2,1
S02000614,S02000771,0,0,0,3,0,0,3,3,3,1,-1,1,-1.1,1,-0.7,2,1
S02000614,S02000993,10,0,0,0,-10,-10,-10,10,0,3,3.9,4,2.8,2,-1.4,6,-2.4
S02000614,S02000999,0,0,0,3,0,0,3,3,3,1,-1,1,-1.1,1,-0.7,2,1
S02000614,S02001000,16,0,6,9,-10,-16,-7,31,15,10,2,13,0.8,6,0.1,18,-0.7
S02000614,S02001010,11,0,3,8,-8,-11,-3,22,11,7,1.6,9,0.5,4,-0.5,13,-0.5
S02000614,S02001013,3,0,0,9,-3,-3,6,12,9,4,-0.4,5,-0.9,2,-1.5,7,0.8
S02000614,S02001015,0,8,6,3,6,8,3,17,17,5,-2.3,7,0.3,3,1.6,10,-0.2
S02000614,S02001016,3,3,0,0,-3,0,-3,6,3,2,0.8,3,2.2,1,-1.1,3,-1.9
S02000614,S02001161,0,3,0,4,0,3,4,7,7,2,-1.5,3,0,1,-1.1,4,0
S02000614,S02001185,5,0,0,6,-5,-5,1,11,6,3,0.9,5,0.1,2,-1.4,6,-0.1
S02000614,S02001192,0,0,5,0,5,0,0,5,5,2,-1.2,2,-1.5,1,4.2,3,1.3
S02000614,S02001197,0,3,0,0,0,3,0,3,3,1,-1,1,1.5,1,-0.7,2,-1.3
S02000614,S02001200,3,0,0,0,-3,-3,-3,3,0,1,2.1,1,1.5,1,-0.7,2,-1.3
S02000615,S02000264,0,3,0,0,0,3,0,3,3,1,-1,1,1.5,1,-0.7,2,-1.3
S02000615,S02000270,0,0,4,0,4,0,0,4,4,1,-1.1,2,-1.3,1,3.8,2,1.1
S02000615,S02000327,4,0,0,6,-4,-4,2,10,6,3,0.5,4,-0.1,2,-1.4,6,0.1
S02000615,S02000587,8,6,0,3,-8,-2,-5,17,9,5,1.2,7,2.5,3,-1.8,10,-2.2
S02000615,S02000588,6,0,0,0,-6,-6,-6,6,0,2,3,3,2.2,1,-1.1,3,-1.9
S02000615,S02000597,0,0,0,6,0,0,6,6,6,2,-1.4,3,-1.6,1,-1.1,3,1.4
S02000615,S02000599,6,4,0,6,-6,-2,0,16,10,5,0.5,7,1.2,3,-1.7,9,-1.1
S02000615,S02000602,0,0,0,5,0,0,5,5,5,2,-1.2,2,-1.5,1,-1,3,1.3
S02000615,S02000603,3,0,0,10,-3,-3,7,13,10,4,-0.5,6,-1.1,2,-1.6,7,0.9
S02000615,S02000604,3,0,0,4,-3,-3,1,7,4,2,0.6,3,0,1,-1.1,4,0
S02000615,S02000607,19,0,0,0,-19,-19,-19,19,0,6,5.4,8,3.8,4,-1.9,11,-3.3
S02000615,S02000608,0,0,0,3,0,0,3,3,3,1,-1,1,-1.1,1,-0.7,2,1
S02000615,S02000609,0,0,0,3,0,0,3,3,3,1,-1,1,-1.1,1,-0.7,2,1
S02000615,S02000610,0,0,0,29,0,0,29,29,29,9,-3,12,-3.5,5,-2.3,17,3
S02000615,S02000612,3,0,0,0,-3,-3,-3,3,0,1,2.1,1,1.5,1,-0.7,2,-1.3
S02000615,S02000614,6,0,5,19,-1,-6,13,30,24,9,-1.1,13,-1.9,6,-0.2,17,1.6
S02000615,S02000615,10,6,9,15,-1,-4,5,40,30,12,-0.7,17,-0.2,7,0.6,23,0.2
S02000615,S02000616,12,5,0,17,-12,-7,5,34,22,11,0.4,14,0.7,6,-2.5,20,-0.6
S02000615,S02000617,3,0,0,0,-3,-3,-3,3,0,1,2.1,1,1.5,1,-0.7,2,-1.3
S02000615,S02000622,0,0,0,3,0,0,3,3,3,1,-1,1,-1.1,1,-0.7,2,1
S02000615,S02000624,0,0,0,3,0,0,3,3,3,1,-1,1,-1.1,1,-0.7,2,1
S02000615,S02000625,0,0,0,5,0,0,5,5,5,2,-1.2,2,-1.5,1,-1,3,1.3
S02000615,S02000627,0,0,0,3,0,0,3,3,3,1,-1,1,-1.1,1,-0.7,2,1
S02000615,S02000628,8,7,0,0,-8,-1,-8,15,7,5,1.5,6,3.4,3,-1.7,9,-2.9
S02000615,S02000633,5,5,0,0,-5,0,-5,10,5,3,1.1,4,2.8,2,-1.4,6,-2.4
S02000615,S02000634,27,5,0,24,-27,-22,-3,56,29,17,2.3,24,1.7,10,-3.2,32,-1.4
S02000615,S02000635,4,0,4,8,0,-4,4,16,12,5,-0.4,7,-1.1,3,0.6,9,0.9
S02000615,S02000637,3,0,0,0,-3,-3,-3,3,0,1,2.1,1,1.5,1,-0.7,2,-1.3
S02000615,S02000642,0,0,0,3,0,0,3,3,3,1,-1,1,-1.1,1,-0.7,2,1
S02000615,S02000644,8,3,7,0,-1,-5,-8,18,10,6,1,8,1.2,3,2,10,-1
S02000615,S02000651,0,0,3,9,3,0,9,12,12,4,-1.9,5,-2.3,2,0.5,7,1.9
S02000615,S02000655,22,9,59,60,37,-13,38,150,128,47,-3.6,64,-4.1,28,5.9,86,3.5
S02000615,S02000656,4,10,4,4,0,6,0,22,18,7,-1.1,9,1.5,4,0,13,-1.3
S02000615,S02000658,24,0,11,61,-13,-24,37,96,72,30,-1.1,41,-2.6,18,-1.6,55,2.3
S02000615,S02000659,0,0,3,5,3,0,5,8,8,2,-1.6,3,-1.8,1,1.2,5,1.6
S02000615,S02000660,14,0,0,3,-14,-14,-11,17,3,5,3.8,7,2.5,3,-1.8,10,-2.2
S02000615,S02000661,0,0,4,9,4,0,9,13,13,4,-2,6,-2.4,2,1,7,2
S02000615,S02000664,5,0,0,0,-5,-5,-5,5,0,2,2.8,2,2,1,-1,3,-1.7
S02000615,S02000668,0,0,0,3,0,0,3,3,3,1,-1,1,-1.1,1,-0.7,2,1
S02000615,S02000669,0,0,10,6,10,0,6,16,16,5,-2.2,7,-2.6,3,4.1,9,2.2
S02000615,S02000670,4,5,0,0,-4,1,-4,9,5,3,0.7,4,2.6,2,-1.3,5,-2.3
S02000615,S02000672,0,0,0,6,0,0,6,6,6,2,-1.4,3,-1.6,1,-1.1,3,1.4
S02000615,S02000676,3,0,0,0,-3,-3,-3,3,0,1,2.1,1,1.5,1,-0.7,2,-1.3
S02000615,S02000680,0,0,0,3,0,0,3,3,3,1,-1,1,-1.1,1,-0.7,2,1
S02000615,S02000681,0,0,0,4,0,0,4,4,4,1,-1.1,2,-1.3,1,-0.9,2,1.1
S02000615,S02000688,0,0,0,5,0,0,5,5,5,2,-1.2,2,-1.5,1,-1,3,1.3
S02000615,S02000689,0,0,0,4,0,0,4,4,4,1,-1.1,2,-1.3,1,-0.9,2,1.1
S02000615,S02000691,4,0,0,0,-4,-4,-4,4,0,1,2.5,2,1.8,1,-0.9,2,-1.5
S02000615,S02001000,0,0,0,3,0,0,3,3,3,1,-1,1,-1.1,1,-0.7,2,1
S02000615,S02001010,4,0,0,0,-4,-4,-4,4,0,1,2.5,2,1.8,1,-0.9,2,-1.5
S02000615,S02001013,0,0,0,7,0,0,7,7,7,2,-1.5,3,-1.7,1,-1.1,4,1.5
S02000615,S02001015,0,4,5,0,5,4,0,9,9,3,-1.7,4,0.1,2,2.6,5,-0.1
S02000615,S02001185,0,0,4,3,4,0,3,7,7,2,-1.5,3,-1.7,1,2.4,4,1.5
S02000616,S02000264,0,0,4,0,4,0,0,4,4,1,-1.1,2,-1.3,1,3.8,2,1.1
S02000616,S02000270,0,0,3,0,3,0,0,3,3,1,-1,1,-1.1,1,3.3,2,1
S02000616,S02000313,0,3,0,0,0,3,0,3,3,1,-1,1,1.5,1,-0.7,2,-1.3
S02000616,S02000317,0,0,0,3,0,0,3,3,3,1,-1,1,-1.1,1,-0.7,2,1
S02000616,S02000327,5,0,0,0,-5,-5,-5,5,0,2,2.8,2,2,1,-1,3,-1.7
S02000616,S02000588,8,0,0,5,-8,-8,-3,13,5,4,2,6,1.1,2,-1.6,7,-0.9
S02000616,S02000596,0,0,0,6,0,0,6,6,6,2,-1.4,3,-1.6,1,-1.1,3,1.4
S02000616,S02000597,5,0,0,7,-5,-5,2,12,7,4,0.7,5,0,2,-1.5,7,0
S02000616,S02000599,3,4,3,4,0,1,1,14,11,4,-0.7,6,0.4,3,0.3,8,-0.4
S02000616,S02000602,3,0,0,4,-3,-3,1,7,4,2,0.6,3,0,1,-1.1,4,0
S02000616,S02000603,3,0,0,5,-3,-3,2,8,5,2,0.3,3,-0.2,1,-1.2,5,0.2
S02000616,S02000604,7,0,0,0,-7,-7,-7,7,0,2,3.3,3,2.3,1,-1.1,4,-2
S02000616,S02000607,17,0,0,4,-17,-17,-13,21,4,7,4.1,9,2.7,4,-2,12,-2.3
S02000616,S02000609,3,0,0,7,-3,-3,4,10,7,3,-0.1,4,-0.6,2,-1.4,6,0.5
S02000616,S02000610,4,0,0,9,-4,-4,5,13,9,4,0,6,-0.7,2,-1.6,7,0.6
S02000616,S02000611,0,0,3,0,3,0,0,3,3,1,-1,1,-1.1,1,3.3,2,1
S02000616,S02000612,0,0,0,3,0,0,3,3,3,1,-1,1,-1.1,1,-0.7,2,1
S02000616,S02000614,4,0,3,19,-1,-4,15,26,22,8,-1.4,11,-2.1,5,-0.8,15,1.8
S02000616,S02000615,5,0,0,10,-5,-5,5,15,10,5,0.2,6,-0.5,3,-1.7,9,0.5
S02000616,S02000616,18,6,7,40,-11,-12,22,71,53,22,-0.9,30,-1.1,13,-1.7,41,1
S02000616,S02000621,0,0,0,5,0,0,5,5,5,2,-1.2,2,-1.5,1,-1,3,1.3
S02000616,S02000622,0,0,3,15,3,0,15,18,18,6,-2.4,8,-2.8,3,-0.2,10,2.4
S02000616,S02000624,0,0,0,6,0,0,6,6,6,2,-1.4,3,-1.6,1,-1.1,3,1.4
S02000616,S02000625,0,0,0,5,0,0,5,5,5,2,-1.2,2,-1.5,1,-1,3,1.3
S02000616,S02000628,11,0,0,7,-11,-11,-4,18,7,6,2.3,8,1.2,3,-1.8,10,-1
S02000616,S02000629,0,0,0,4,0,0,4,4,4,1,-1.1,2,-1.3,1,-0.9,2,1.1
S02000616,S02000631,0,0,4,9,4,0,9,13,13,4,-2,6,-2.4,2,1,7,2
S02000616,S02000633,4,0,0,13,-4,-4,9,17,13,5,-0.6,7,-1.2,3,-1.8,10,1
S02000616,S02000634,41,10,10,64,-31,-31,23,125,84,39,0.3,53,-0.3,23,-2.7,72,0.3
S02000616,S02000635,3,0,5,12,2,-3,9,20,17,6,-1.3,9,-1.9,4,0.7,11,1.6
S02000616,S02000642,4,0,0,4,-4,-4,0,8,4,2,1,3,0.3,1,-1.2,5,-0.3
S02000616,S02000643,0,3,0,0,0,3,0,3,3,1,-1,1,1.5,1,-0.7,2,-1.3
S02000616,S02000644,16,0,15,10,-1,-16,-6,41,25,13,0.9,17,-0.3,8,2.7,24,0.3
S02000616,S02000649,3,0,0,0,-3,-3,-3,3,0,1,2.1,1,1.5,1,-0.7,2,-1.3
S02000616,S02000651,5,0,10,10,5,-5,5,25,20,8,-1,11,-1.7,5,2.5,14,1.5
S02000616,S02000655,45,12,142,113,97,-33,68,312,267,97,-5.3,133,-6.6,58,11.1,179,5.7
S02000616,S02000656,0,0,3,0,3,0,0,3,3,1,-1,1,-1.1,1,3.3,2,1
S02000616,S02000658,37,6,34,74,-3,-31,37,151,114,47,-1.5,64,-2.6,28,1.1,87,2.3
S02000616,S02000659,0,0,3,0,3,0,0,3,3,1,-1,1,-1.1,1,3.3,2,1
S02000616,S02000660,14,0,0,7,-14,-14,-7,21,7,7,2.9,9,1.7,4,-2,12,-1.5
S02000616,S02000661,7,0,13,10,6,-7,3,30,23,9,-0.8,13,-1.6,6,3.2,17,1.4
S02000616,S02000663,0,0,0,4,0,0,4,4,4,1,-1.1,2,-1.3,1,-0.9,2,1.1
S02000616,S02000664,4,0,0,5,-4,-4,1,9,5,3,0.7,4,0.1,2,-1.3,5,-0.1
S02000616,S02000665,3,0,4,4,1,-3,1,11,8,3,-0.2,5,-0.8,2,1.4,6,0.7
S02000616,S02000667,0,5,0,0,0,5,0,5,5,2,-1.2,2,2,1,-1,3,-1.7
S02000616,S02000669,0,0,12,6,12,0,6,18,18,6,-2.4,8,-2.8,3,4.8,10,2.4
S02000616,S02000670,3,0,0,0,-3,-3,-3,3,0,1,2.1,1,1.5,1,-0.7,2,-1.3
S02000616,S02000672,0,0,0,40,0,0,40,40,40,12,-3.5,17,-4.1,7,-2.7,23,3.5
S02000616,S02000673,3,0,0,0,-3,-3,-3,3,0,1,2.1,1,1.5,1,-0.7,2,-1.3
S02000616,S02000676,3,0,3,0,0,-3,-3,6,3,2,0.8,3,0.3,1,1.8,3,-0.2
S02000616,S02000677,0,0,0,3,0,0,3,3,3,1,-1,1,-1.1,1,-0.7,2,1
S02000616,S02000680,3,0,0,0,-3,-3,-3,3,0,1,2.1,1,1.5,1,-0.7,2,-1.3
S02000616,S02000681,0,0,0,7,0,0,7,7,7,2,-1.5,3,-1.7,1,-1.1,4,1.5
S02000616,S02000684,0,5,0,0,0,5,0,5,5,2,-1.2,2,2,1,-1,3,-1.7
S02000616,S02000685,0,0,0,3,0,0,3,3,3,1,-1,1,-1.1,1,-0.7,2,1
S02000616,S02000688,0,0,0,5,0,0,5,5,5,2,-1.2,2,-1.5,1,-1,3,1.3
S02000616,S02000689,18,0,0,7,-18,-18,-11,25,7,8,3.7,11,2.3,5,-2.2,14,-1.9
S02000616,S02000691,4,0,4,0,0,-4,-4,8,4,2,1,3,0.3,1,2.1,5,-0.3
S02000616,S02000692,4,0,0,0,-4,-4,-4,4,0,1,2.5,2,1.8,1,-0.9,2,-1.5
S02000616,S02000705,0,0,3,0,3,0,0,3,3,1,-1,1,-1.1,1,3.3,2,1
S02000616,S02000710,0,0,4,0,4,0,0,4,4,1,-1.1,2,-1.3,1,3.8,2,1.1
S02000616,S02000990,0,0,0,3,0,0,3,3,3,1,-1,1,-1.1,1,-0.7,2,1
S02000616,S02001000,3,0,0,8,-3,-3,5,11,8,3,-0.2,5,-0.8,2,-1.4,6,0.7
S02000616,S02001010,0,5,0,10,0,5,10,15,15,5,-2.2,6,-0.5,3,-1.7,9,0.5
S02000616,S02001013,0,0,3,8,3,0,8,11,11,3,-1.9,5,-2.2,2,0.7,6,1.9
S02000616,S02001015,0,8,0,0,0,8,0,8,8,2,-1.6,3,2.5,1,-1.2,5,-2.1
S02000616,S02001146,0,3,0,0,0,3,0,3,3,1,-1,1,1.5,1,-0.7,2,-1.3
S02000616,S02001148,0,0,0,3,0,0,3,3,3,1,-1,1,-1.1,1,-0.7,2,1
S02000616,S02001154,0,0,0,3,0,0,3,3,3,1,-1,1,-1.1,1,-0.7,2,1
S02000616,S02001161,0,3,0,5,0,3,5,8,8,2,-1.6,3,-0.2,1,-1.2,5,0.2
S02000616,S02001162,0,0,0,11,0,0,11,11,11,3,-1.9,5,-2.2,2,-1.4,6,1.9
S02000616,S02001185,4,0,0,0,-4,-4,-4,4,0,1,2.5,2,1.8,1,-0.9,2,-1.5
S02000616,S02001192,0,0,0,6,0,0,6,6,6,2,-1.4,3,-1.6,1,-1.1,3,1.4
S02000617,S02000318,5,0,0,0,-5,-5,-5,5,0,2,2.8,2,2,1,-1,3,-1.7
S02000617,S02000327,0,0,0,4,0,0,4,4,4,1,-1.1,2,-1.3,1,-0.9,2,1.1
S02000617,S02000328,4,0,0,0,-4,-4,-4,4,0,1,2.5,2,1.8,1,-0.9,2,-1.5
S02000617,S02000584,3,0,0,0,-3,-3,-3,3,0,1,2.1,1,1.5,1,-0.7,2,-1.3
S02000617,S02000586,5,0,0,0,-5,-5,-5,5,0,2,2.8,2,2,1,-1,3,-1.7
S02000617,S02000587,0,3,0,0,0,3,0,3,3,1,-1,1,1.5,1,-0.7,2,-1.3
S02000617,S02000588,0,0,0,3,0,0,3,3,3,1,-1,1,-1.1,1,-0.7,2,1
S02000617,S02000590,3,0,0,13,-3,-3,10,16,13,5,-0.9,7,-1.5,3,-1.7,9,1.3
S02000617,S02000592,0,0,0,4,0,0,4,4,4,1,-1.1,2,-1.3,1,-0.9,2,1.1
S02000617,S02000594,0,3,0,0,0,3,0,3,3,1,-1,1,1.5,1,-0.7,2,-1.3
S02000617,S02000597,9,0,20,61,11,-9,52,90,81,28,-3.6,38,-4.7,17,0.8,52,4.1
S02000617,S02000601,9,0,0,3,-9,-9,-6,12,3,4,2.7,5,1.7,2,-1.5,7,-1.5
S02000617,S02000602,4,0,3,5,-1,-4,1,12,8,4,0.1,5,-0.5,2,0.5,7,0.4
S02000617,S02000606,4,0,0,10,-4,-4,6,14,10,4,-0.2,6,-0.8,3,-1.6,8,0.7
S02000617,S02000607,8,0,0,3,-8,-8,-5,11,3,3,2.5,5,1.5,2,-1.4,6,-1.3
S02000617,S02000608,21,3,3,14,-18,-18,-7,41,20,13,2.3,17,1.6,8,-1.7,24,-1.4
S02000617,S02000611,3,0,0,0,-3,-3,-3,3,0,1,2.1,1,1.5,1,-0.7,2,-1.3
S02000617,S02000612,0,0,0,3,0,0,3,3,3,1,-1,1,-1.1,1,-0.7,2,1
S02000617,S02000614,4,0,0,0,-4,-4,-4,4,0,1,2.5,2,1.8,1,-0.9,2,-1.5
S02000617,S02000617,23,7,6,24,-17,-16,1,60,37,19,1,26,0.9,11,-1.5,34,-0.8
S02000617,S02000621,0,0,0,3,0,0,3,3,3,1,-1,1,-1.1,1,-0.7,2,1
S02000617,S02000622,0,0,0,4,0,0,4,4,4,1,-1.1,2,-1.3,1,-0.9,2,1.1
S02000617,S02000625,7,0,4,27,-3,-7,20,38,31,12,-1.4,16,-2.3,7,-1.1,22,2
S02000617,S02000627,17,5,9,15,-8,-12,-2,46,29,14,0.7,20,0.6,9,0.2,26,-0.5
S02000617,S02000628,0,0,4,0,4,0,0,4,4,1,-1.1,2,-1.3,1,3.8,2,1.1
S02000617,S02000631,0,0,0,5,0,0,5,5,5,2,-1.2,2,-1.5,1,-1,3,1.3
S02000617,S02000634,14,5,3,18,-11,-9,4,40,26,12,0.4,17,0.5,7,-1.6,23,-0.4
S02000617,S02000635,0,0,0,3,0,0,3,3,3,1,-1,1,-1.1,1,-0.7,2,1
S02000617,S02000638,0,4,0,0,0,4,0,4,4,1,-1.1,2,1.8,1,-0.9,2,-1.5
S02000617,S02000641,3,0,0,0,-3,-3,-3,3,0,1,2.1,1,1.5,1,-0.7,2,-1.3
S02000617,S02000642,3,0,0,3,-3,-3,0,6,3,2,0.8,3,0.3,1,-1.1,3,-0.2
S02000617,S02000644,0,0,5,6,5,0,6,11,11,3,-1.9,5,-2.2,2,2.1,6,1.9
S02000617,S02000649,0,0,0,4,0,0,4,4,4,1,-1.1,2,-1.3,1,-0.9,2,1.1
S02000617,S02000651,3,0,4,0,1,-3,-3,7,4,2,0.6,3,0,1,2.4,4,0
S02000617,S02000655,25,5,54,49,29,-20,24,133,108,41,-2.6,57,-3.5,25,5.9,76,3
S02000617,S02000656,9,22,0,23,-9,13,14,54,45,17,-1.9,23,1.7,10,-3.2,31,-1.4
S02000617,S02000658,19,3,0,23,-19,-16,4,45,26,14,1.3,19,0.7,8,-2.9,26,-0.6
S02000617,S02000659,0,0,7,0,7,0,0,7,7,2,-1.5,3,-1.7,1,5,4,1.5
S02000617,S02000660,45,3,8,9,-37,-42,-36,65,20,20,5.5,28,3.9,12,-1.2,37,-3.3
S02000617,S02000661,4,0,5,4,1,-4,0,13,9,4,0,6,-0.7,2,1.7,7,0.6
S02000617,S02000664,5,0,0,0,-5,-5,-5,5,0,2,2.8,2,2,1,-1,3,-1.7
S02000617,S02000665,0,0,3,0,3,0,0,3,3,1,-1,1,-1.1,1,3.3,2,1
S02000617,S02000670,4,0,0,0,-4,-4,-4,4,0,1,2.5,2,1.8,1,-0.9,2,-1.5
S02000617,S02000671,3,0,0,0,-3,-3,-3,3,0,1,2.1,1,1.5,1,-0.7,2,-1.3
S02000617,S02000672,0,0,0,7,0,0,7,7,7,2,-1.5,3,-1.7,1,-1.1,4,1.5
S02000617,S02000674,0,0,0,4,0,0,4,4,4,1,-1.1,2,-1.3,1,-0.9,2,1.1
S02000617,S02000676,10,3,0,0,-10,-7,-10,13,3,4,3,6,3.2,2,-1.6,7,-2.7
S02000617,S02000684,4,5,0,3,-4,1,-1,12,8,4,0.1,5,1.7,2,-1.5,7,-1.5
S02000617,S02000689,6,0,0,0,-6,-6,-6,6,0,2,3,3,2.2,1,-1.1,3,-1.9
S02000617,S02000993,4,0,0,0,-4,-4,-4,4,0,1,2.5,2,1.8,1,-0.9,2,-1.5
S02000617,S02000998,3,0,0,0,-3,-3,-3,3,0,1,2.1,1,1.5,1,-0.7,2,-1.3
S02000617,S02000999,0,0,0,3,0,0,3,3,3,1,-1,1,-1.1,1,-0.7,2,1
S02000617,S02001000,5,0,0,5,-5,-5,0,10,5,3,1.1,4,0.4,2,-1.4,6,-0.3
S02000617,S02001005,3,0,0,0,-3,-3,-3,3,0,1,2.1,1,1.5,1,-0.7,2,-1.3
S02000617,S02001010,8,4,0,0,-8,-4,-8,12,4,4,2.2,5,3.1,2,-1.5,7,-2.6
S02000617,S02001013,14,15,4,19,-10,1,5,52,38,16,-0.5,22,1.5,10,-1.8,30,-1.3
S02000617,S02001015,0,3,3,0,3,3,0,6,6,2,-1.4,3,0.3,1,1.8,3,-0.2
S02000617,S02001016,0,3,0,4,0,3,4,7,7,2,-1.5,3,0,1,-1.1,4,0
S02000617,S02001184,4,0,0,0,-4,-4,-4,4,0,1,2.5,2,1.8,1,-0.9,2,-1.5
S02000617,S02001185,0,0,0,4,0,0,4,4,4,1,-1.1,2,-1.3,1,-0.9,2,1.1
S02000617,S02001194,3,0,0,0,-3,-3,-3,3,0,1,2.1,1,1.5,1,-0.7,2,-1.3
S02000618,S02000264,0,3,0,3,0,3,3,6,6,2,-1.4,3,0.3,1,-1.1,3,-0.2
S02000618,S02000281,0,0,0,3,0,0,3,3,3,1,-1,1,-1.1,1,-0.7,2,1
S02000618,S02000603,0,0,0,4,0,0,4,4,4,1,-1.1,2,-1.3,1,-0.9,2,1.1
S02000618,S02000607,5,0,0,0,-5,-5,-5,5,0,2,2.8,2,2,1,-1,3,-1.7
S02000618,S02000611,7,10,0,0,-7,3,-7,17,10,5,0.7,7,3.6,3,-1.8,10,-3.1
S02000618,S02000613,4,4,0,11,-4,0,7,19,15,6,-0.8,8,0,4,-1.9,11,0
S02000618,S02000614,0,0,0,3,0,0,3,3,3,1,-1,1,-1.1,1,-0.7,2,1
S02000618,S02000615,3,0,0,0,-3,-3,-3,3,0,1,2.1,1,1.5,1,-0.7,2,-1.3
S02000618,S02000618,29,7,8,50,-21,-22,21,94,65,29,-0.1,40,-0.6,17,-2.3,54,0.5
S02000618,S02000619,0,3,0,3,0,3,3,6,6,2,-1.4,3,0.3,1,-1.1,3,-0.2
S02000618,S02000620,0,0,0,7,0,0,7,7,7,2,-1.5,3,-1.7,1,-1.1,4,1.5
S02000618,S02000626,7,0,0,15,-7,-7,8,22,15,7,0.1,9,-0.8,4,-2,13,0.7
S02000618,S02000628,6,0,3,3,-3,-6,-3,12,6,4,1.2,5,0.4,2,0.5,7,-0.3
S02000618,S02000629,3,7,0,0,-3,4,-3,10,7,3,-0.1,4,2.8,2,-1.4,6,-2.4
S02000618,S02000632,3,4,0,9,-3,1,6,16,13,5,-0.9,7,0.1,3,-1.7,9,-0.1
S02000618,S02000633,17,16,11,32,-6,-1,15,76,59,24,-1.4,32,0.1,14,-0.8,44,-0.1
S02000618,S02000634,14,0,6,8,-8,-14,-6,28,14,9,1.8,12,0.6,5,0.4,16,-0.5
S02000618,S02000635,4,0,0,5,-4,-4,1,9,5,3,0.7,4,0.1,2,-1.3,5,-0.1
S02000618,S02000636,6,7,3,16,-3,1,10,32,26,10,-1.3,14,-0.2,6,-1.2,18,0.1
S02000618,S02000640,4,3,0,9,-4,-1,5,16,12,5,-0.4,7,0.1,3,-1.7,9,-0.1
S02000618,S02000642,0,0,3,4,3,0,4,7,7,2,-1.5,3,-1.7,1,1.5,4,1.5
S02000618,S02000643,8,5,5,0,-3,-3,-8,18,10,6,1,8,1.9,3,0.9,10,-1.7
S02000618,S02000644,0,3,0,0,0,3,0,3,3,1,-1,1,1.5,1,-0.7,2,-1.3
S02000618,S02000645,3,5,0,8,-3,2,5,16,13,5,-0.9,7,0.5,3,-1.7,9,-0.4
S02000618,S02000646,0,0,0,6,0,0,6,6,6,2,-1.4,3,-1.6,1,-1.1,3,1.4
S02000618,S02000648,0,0,0,10,0,0,10,10,10,3,-1.8,4,-2.1,2,-1.4,6,1.8
S02000618,S02000649,0,0,0,3,0,0,3,3,3,1,-1,1,-1.1,1,-0.7,2,1
S02000618,S02000652,4,0,0,0,-4,-4,-4,4,0,1,2.5,2,1.8,1,-0.9,2,-1.5
S02000618,S02000653,3,0,0,0,-3,-3,-3,3,0,1,2.1,1,1.5,1,-0.7,2,-1.3
S02000618,S02000654,9,0,0,4,-9,-9,-5,13,4,4,2.5,6,1.5,2,-1.6,7,-1.3
S02000618,S02000655,61,14,139,60,78,-47,-1,274,213,85,-2.6,117,-3.8,51,12.4,157,3.3
S02000618,S02000656,4,8,0,4,-4,4,0,16,12,5,-0.4,7,2,3,-1.7,9,-1.7
S02000618,S02000657,0,0,0,4,0,0,4,4,4,1,-1.1,2,-1.3,1,-0.9,2,1.1
S02000618,S02000658,83,10,25,69,-58,-73,-14,187,104,58,3.2,80,1.5,35,-1.6,107,-1.3
S02000618,S02000659,0,0,3,6,3,0,6,9,9,3,-1.7,4,-2,2,1,5,1.7
S02000618,S02000660,9,3,0,3,-9,-6,-6,15,6,5,2,6,2.2,3,-1.7,9,-1.9
S02000618,S02000661,10,0,6,4,-4,-10,-6,20,10,6,1.5,9,0.5,4,1.2,11,-0.4
S02000618,S02000663,5,11,4,23,-1,6,18,43,38,13,-2.3,18,-0.5,8,-1.4,25,0.5
S02000618,S02000664,6,0,0,0,-6,-6,-6,6,0,2,3,3,2.2,1,-1.1,3,-1.9
S02000618,S02000665,3,3,5,4,2,0,1,15,12,5,-0.8,6,-0.2,3,1.3,9,0.1
S02000618,S02000667,7,3,0,0,-7,-4,-7,10,3,3,2.2,4,2.8,2,-1.4,6,-2.4
S02000618,S02000668,6,0,0,0,-6,-6,-6,6,0,2,3,3,2.2,1,-1.1,3,-1.9
S02000618,S02000669,0,0,4,3,4,0,3,7,7,2,-1.5,3,-1.7,1,2.4,4,1.5
S02000618,S02000670,12,24,0,5,-12,12,-7,41,29,13,-0.2,17,4.4,8,-2.8,24,-3.8
S02000618,S02000672,0,0,3,16,3,0,16,19,19,6,-2.4,8,-2.8,4,-0.3,11,2.4
S02000618,S02000674,4,0,5,25,1,-4,21,34,30,11,-2,14,-2.8,6,-0.5,20,2.4
S02000618,S02000675,6,0,0,0,-6,-6,-6,6,0,2,3,3,2.2,1,-1.1,3,-1.9
S02000618,S02000676,8,7,0,5,-8,-1,-3,20,12,6,0.7,9,2.2,4,-1.9,11,-1.9
S02000618,S02000680,0,0,0,6,0,0,6,6,6,2,-1.4,3,-1.6,1,-1.1,3,1.4
S02000618,S02000684,0,12,0,0,0,12,0,12,12,4,-1.9,5,3.1,2,-1.5,7,-2.6
S02000618,S02000685,4,0,0,0,-4,-4,-4,4,0,1,2.5,2,1.8,1,-0.9,2,-1.5
S02000618,S02000688,0,0,0,4,0,0,4,4,4,1,-1.1,2,-1.3,1,-0.9,2,1.1
S02000618,S02000689,13,0,3,0,-10,-13,-13,16,3,5,3.6,7,2.4,3,0,9,-2
S02000618,S02000691,8,3,0,0,-8,-5,-8,11,3,3,2.5,5,2.9,2,-1.4,6,-2.5
S02000618,S02000692,0,3,0,0,0,3,0,3,3,1,-1,1,1.5,1,-0.7,2,-1.3
S02000618,S02000697,5,0,0,0,-5,-5,-5,5,0,2,2.8,2,2,1,-1,3,-1.7
S02000618,S02000716,3,0,0,0,-3,-3,-3,3,0,1,2.1,1,1.5,1,-0.7,2,-1.3
S02000618,S02000923,0,0,0,3,0,0,3,3,3,1,-1,1,-1.1,1,-0.7,2,1
S02000618,S02001010,14,0,3,4,-11,-14,-10,21,7,7,2.9,9,1.7,4,-0.4,12,-1.5
S02000618,S02001013,0,6,0,8,0,6,8,14,14,4,-2.1,6,0,3,-1.6,8,0
S02000618,S02001015,0,3,0,0,0,3,0,3,3,1,-1,1,1.5,1,-0.7,2,-1.3
S02000618,S02001157,0,3,0,3,0,3,3,6,6,2,-1.4,3,0.3,1,-1.1,3,-0.2
S02000618,S02001162,0,3,3,3,3,3,3,9,9,3,-1.7,4,-0.4,2,1,5,0.4
S02000618,S02001185,7,0,5,0,-2,-7,-7,12,5,4,1.7,5,0.8,2,1.9,7,-0.7
S02000619,S02000602,4,0,0,0,-4,-4,-4,4,0,1,2.5,2,1.8,1,-0.9,2,-1.5
S02000619,S02000611,3,3,0,0,-3,0,-3,6,3,2,0.8,3,2.2,1,-1.1,3,-1.9
S02000619,S02000615,0,0,3,0,3,0,0,3,3,1,-1,1,-1.1,1,3.3,2,1
S02000619,S02000619,7,6,4,15,-3,-1,8,32,25,10,-0.9,14,-0.2,6,-0.8,18,0.1
S02000619,S02000620,0,3,0,0,0,3,0,3,3,1,-1,1,1.5,1,-0.7,2,-1.3
S02000619,S02000628,9,5,0,4,-9,-4,-5,18,9,6,1.4,8,2.3,3,-1.8,10,-2
S02000619,S02000629,8,0,0,0,-8,-8,-8,8,0,2,3.5,3,2.5,1,-1.2,5,-2.1
S02000619,S02000633,13,23,0,28,-13,10,15,64,51,20,-1.6,27,1.7,12,-3.4,37,-1.4
S02000619,S02000634,4,0,3,0,-1,-4,-4,7,3,2,1.2,3,0.6,1,1.5,4,-0.5
S02000619,S02000635,13,0,0,10,-13,-13,-3,23,10,7,2.2,10,1,4,-2.1,13,-0.9
S02000619,S02000643,4,3,0,0,-4,-1,-4,7,3,2,1.2,3,2.3,1,-1.1,4,-2
S02000619,S02000644,0,0,4,0,4,0,0,4,4,1,-1.1,2,-1.3,1,3.8,2,1.1
S02000619,S02000645,0,0,4,0,4,0,0,4,4,1,-1.1,2,-1.3,1,3.8,2,1.1
S02000619,S02000647,0,0,0,4,0,0,4,4,4,1,-1.1,2,-1.3,1,-0.9,2,1.1
S02000619,S02000648,0,4,0,5,0,4,5,9,9,3,-1.7,4,0.1,2,-1.3,5,-0.1
S02000619,S02000650,3,0,0,0,-3,-3,-3,3,0,1,2.1,1,1.5,1,-0.7,2,-1.3
S02000619,S02000651,3,0,0,6,-3,-3,3,9,6,3,0.1,4,-0.4,2,-1.3,5,0.4
S02000619,S02000654,5,0,0,0,-5,-5,-5,5,0,2,2.8,2,2,1,-1,3,-1.7
S02000619,S02000655,11,6,60,51,49,-5,40,128,117,40,-4.6,54,-5.1,24,7.5,74,4.4
S02000619,S02000658,22,12,10,43,-12,-10,21,87,65,27,-1,37,-0.5,16,-1.5,50,0.4
S02000619,S02000659,0,0,0,5,0,0,5,5,5,2,-1.2,2,-1.5,1,-1,3,1.3
S02000619,S02000660,3,0,0,0,-3,-3,-3,3,0,1,2.1,1,1.5,1,-0.7,2,-1.3
S02000619,S02000663,3,0,5,0,2,-3,-3,8,5,2,0.3,3,-0.2,1,2.9,5,0.2
S02000619,S02000664,3,0,0,0,-3,-3,-3,3,0,1,2.1,1,1.5,1,-0.7,2,-1.3
S02000619,S02000665,0,0,0,5,0,0,5,5,5,2,-1.2,2,-1.5,1,-1,3,1.3
S02000619,S02000670,4,0,0,7,-4,-4,3,11,7,3,0.3,5,-0.3,2,-1.4,6,0.3
S02000619,S02000672,0,0,0,4,0,0,4,4,4,1,-1.1,2,-1.3,1,-0.9,2,1.1
S02000619,S02000676,9,0,0,3,-9,-9,-6,12,3,4,2.7,5,1.7,2,-1.5,7,-1.5
S02000619,S02000689,7,0,0,0,-7,-7,-7,7,0,2,3.3,3,2.3,1,-1.1,4,-2
S02000619,S02000691,5,0,0,0,-5,-5,-5,5,0,2,2.8,2,2,1,-1,3,-1.7
S02000619,S02000696,0,0,6,0,6,0,0,6,6,2,-1.4,3,-1.6,1,4.6,3,1.4
S02000619,S02000701,3,0,0,0,-3,-3,-3,3,0,1,2.1,1,1.5,1,-0.7,2,-1.3
S02000619,S02000705,0,0,0,3,0,0,3,3,3,1,-1,1,-1.1,1,-0.7,2,1
S02000619,S02001153,0,0,0,3,0,0,3,3,3,1,-1,1,-1.1,1,-0.7,2,1
S02000619,S02001157,0,0,0,5,0,0,5,5,5,2,-1.2,2,-1.5,1,-1,3,1.3
S02000619,S02001161,5,0,3,4,-2,-5,-1,12,7,4,0.7,5,0,2,0.5,7,0
S02000619,S02001162,5,4,0,9,-5,-1,4,18,13,6,-0.3,8,0.5,3,-1.8,10,-0.4
S02000619,S02001185,4,0,0,0,-4,-4,-4,4,0,1,2.5,2,1.8,1,-0.9,2,-1.5
S02000620,S02000264,0,0,3,4,3,0,4,7,7,2,-1.5,3,-1.7,1,1.5,4,1.5
S02000620,S02000281,0,0,0,3,0,0,3,3,3,1,-1,1,-1.1,1,-0.7,2,1
S02000620,S02000587,0,4,0,0,0,4,0,4,4,1,-1.1,2,1.8,1,-0.9,2,-1.5
S02000620,S02000599,3,0,0,0,-3,-3,-3,3,0,1,2.1,1,1.5,1,-0.7,2,-1.3
S02000620,S02000602,0,4,0,0,0,4,0,4,4,1,-1.1,2,1.8,1,-0.9,2,-1.5
S02000620,S02000603,0,0,0,5,0,0,5,5,5,2,-1.2,2,-1.5,1,-1,3,1.3
S02000620,S02000611,8,24,4,24,-4,16,16,60,52,19,-2.5,26,1.3,11,-2.1,34,-1.1
S02000620,S02000613,6,4,0,8,-6,-2,2,18,12,6,0.2,8,0.8,3,-1.8,10,-0.7
S02000620,S02000614,0,0,0,4,0,0,4,4,4,1,-1.1,2,-1.3,1,-0.9,2,1.1
S02000620,S02000618,0,0,0,8,0,0,8,8,8,2,-1.6,3,-1.8,1,-1.2,5,1.6
S02000620,S02000619,4,0,0,0,-4,-4,-4,4,0,1,2.5,2,1.8,1,-0.9,2,-1.5
S02000620,S02000620,26,20,0,32,-26,-6,6,78,52,24,0.3,33,2.2,14,-3.8,45,-1.9
S02000620,S02000622,0,0,0,4,0,0,4,4,4,1,-1.1,2,-1.3,1,-0.9,2,1.1
S02000620,S02000623,0,0,3,0,3,0,0,3,3,1,-1,1,-1.1,1,3.3,2,1
S02000620,S02000625,0,0,0,7,0,0,7,7,7,2,-1.5,3,-1.7,1,-1.1,4,1.5
S02000620,S02000626,3,0,0,0,-3,-3,-3,3,0,1,2.1,1,1.5,1,-0.7,2,-1.3
S02000620,S02000628,11,0,0,0,-11,-11,-11,11,0,3,4.1,5,2.9,2,-1.4,6,-2.5
S02000620,S02000629,13,42,6,4,-7,29,-9,65,52,20,-1.6,28,5.2,12,-1.7,37,-4.5
S02000620,S02000631,0,0,3,0,3,0,0,3,3,1,-1,1,-1.1,1,3.3,2,1
S02000620,S02000632,3,6,4,17,1,3,14,30,27,9,-2.1,13,-1.1,6,-0.7,17,0.9
S02000620,S02000633,29,12,6,48,-23,-17,19,95,66,30,-0.1,40,0.1,18,-2.8,55,-0.1
S02000620,S02000634,12,0,0,4,-12,-12,-8,16,4,5,3.1,7,2,3,-1.7,9,-1.7
S02000620,S02000635,11,4,0,9,-11,-7,-2,24,13,7,1.3,10,1.5,4,-2.1,14,-1.3
S02000620,S02000636,0,0,0,4,0,0,4,4,4,1,-1.1,2,-1.3,1,-0.9,2,1.1
S02000620,S02000640,4,0,0,11,-4,-4,7,15,11,5,-0.3,6,-0.9,3,-1.7,9,0.8
S02000620,S02000643,7,5,0,7,-7,-2,0,19,12,6,0.4,8,1.4,4,-1.9,11,-1.2
S02000620,S02000644,0,5,0,4,0,5,4,9,9,3,-1.7,4,0.6,2,-1.3,5,-0.5
S02000620,S02000646,4,0,0,6,-4,-4,2,10,6,3,0.5,4,-0.1,2,-1.4,6,0.1
S02000620,S02000648,0,7,0,8,0,7,8,15,15,5,-2.2,6,0.2,3,-1.7,9,-0.2
S02000620,S02000649,3,0,0,0,-3,-3,-3,3,0,1,2.1,1,1.5,1,-0.7,2,-1.3
S02000620,S02000651,0,0,8,0,8,0,0,8,8,2,-1.6,3,-1.8,1,5.4,5,1.6
S02000620,S02000652,0,0,0,5,0,0,5,5,5,2,-1.2,2,-1.5,1,-1,3,1.3
S02000620,S02000654,7,0,0,0,-7,-7,-7,7,0,2,3.3,3,2.3,1,-1.1,4,-2
S02000620,S02000655,33,7,107,71,74,-26,38,218,185,68,-4.2,93,-5.5,40,10.5,125,4.7
S02000620,S02000656,0,5,0,3,0,5,3,8,8,2,-1.6,3,0.9,1,-1.2,5,-0.7
S02000620,S02000657,4,0,0,0,-4,-4,-4,4,0,1,2.5,2,1.8,1,-0.9,2,-1.5
S02000620,S02000658,44,9,17,46,-27,-35,2,116,72,36,1.3,49,0.5,21,-1,67,-0.4
S02000620,S02000659,7,0,5,11,-2,-7,4,23,16,7,-0.1,10,-0.9,4,0.4,13,0.8
S02000620,S02000660,10,3,4,0,-6,-7,-10,17,7,5,2,7,2.1,3,0.5,10,-1.8
S02000620,S02000661,11,0,3,5,-8,-11,-6,19,8,6,2.1,8,1,4,-0.3,11,-0.9
S02000620,S02000663,5,8,7,6,2,3,1,26,21,8,-1.1,11,0.6,5,1,15,-0.5
S02000620,S02000666,5,0,0,5,-5,-5,0,10,5,3,1.1,4,0.4,2,-1.4,6,-0.3
S02000620,S02000667,3,0,0,0,-3,-3,-3,3,0,1,2.1,1,1.5,1,-0.7,2,-1.3
S02000620,S02000669,5,0,3,4,-2,-5,-1,12,7,4,0.7,5,0,2,0.5,7,0
S02000620,S02000670,4,12,0,3,-4,8,-1,19,15,6,-0.8,8,2.8,4,-1.9,11,-2.4
S02000620,S02000672,0,0,0,10,0,0,10,10,10,3,-1.8,4,-2.1,2,-1.4,6,1.8
S02000620,S02000673,0,3,0,0,0,3,0,3,3,1,-1,1,1.5,1,-0.7,2,-1.3
S02000620,S02000674,6,0,4,8,-2,-6,2,18,12,6,0.2,8,-0.6,3,0.4,10,0.5
S02000620,S02000676,6,5,3,0,-3,-1,-6,14,8,4,0.8,6,2.1,3,0.3,8,-1.8
S02000620,S02000680,0,0,0,4,0,0,4,4,4,1,-1.1,2,-1.3,1,-0.9,2,1.1
S02000620,S02000683,3,0,0,0,-3,-3,-3,3,0,1,2.1,1,1.5,1,-0.7,2,-1.3
S02000620,S02000684,0,6,0,0,0,6,0,6,6,2,-1.4,3,2.2,1,-1.1,3,-1.9
S02000620,S02000688,0,0,0,5,0,0,5,5,5,2,-1.2,2,-1.5,1,-1,3,1.3
S02000620,S02000689,5,0,0,4,-5,-5,-1,9,4,3,1.3,4,0.6,2,-1.3,5,-0.5
S02000620,S02000690,3,0,0,0,-3,-3,-3,3,0,1,2.1,1,1.5,1,-0.7,2,-1.3
S02000620,S02000691,6,0,0,0,-6,-6,-6,6,0,2,3,3,2.2,1,-1.1,3,-1.9
S02000620,S02000696,3,0,0,0,-3,-3,-3,3,0,1,2.1,1,1.5,1,-0.7,2,-1.3
S02000620,S02000701,4,8,0,0,-4,4,-4,12,8,4,0.1,5,3.1,2,-1.5,7,-2.6
S02000620,S02000702,4,0,0,0,-4,-4,-4,4,0,1,2.5,2,1.8,1,-0.9,2,-1.5
S02000620,S02000716,0,0,0,4,0,0,4,4,4,1,-1.1,2,-1.3,1,-0.9,2,1.1
S02000620,S02000991,0,0,0,3,0,0,3,3,3,1,-1,1,-1.1,1,-0.7,2,1
S02000620,S02001000,0,0,0,4,0,0,4,4,4,1,-1.1,2,-1.3,1,-0.9,2,1.1
S02000620,S02001013,0,3,0,4,0,3,4,7,7,2,-1.5,3,0,1,-1.1,4,0
S02000620,S02001161,0,0,0,6,0,0,6,6,6,2,-1.4,3,-1.6,1,-1.1,3,1.4
S02000620,S02001162,0,3,0,6,0,3,6,9,9,3,-1.7,4,-0.4,2,-1.3,5,0.4
S02000620,S02001185,3,0,0,4,-3,-3,1,7,4,2,0.6,3,0,1,-1.1,4,0
S02000621,S02000270,0,0,3,0,3,0,0,3,3,1,-1,1,-1.1,1,3.3,2,1
S02000621,S02000313,0,0,0,3,0,0,3,3,3,1,-1,1,-1.1,1,-0.7,2,1
S02000621,S02000327,4,0,0,0,-4,-4,-4,4,0,1,2.5,2,1.8,1,-0.9,2,-1.5
S02000621,S02000328,0,0,0,3,0,0,3,3,3,1,-1,1,-1.1,1,-0.7,2,1
S02000621,S02000586,6,0,0,0,-6,-6,-6,6,0,2,3,3,2.2,1,-1.1,3,-1.9
S02000621,S02000587,0,6,0,0,0,6,0,6,6,2,-1.4,3,2.2,1,-1.1,3,-1.9
S02000621,S02000588,4,0,0,0,-4,-4,-4,4,0,1,2.5,2,1.8,1,-0.9,2,-1.5
S02000621,S02000590,0,0,0,6,0,0,6,6,6,2,-1.4,3,-1.6,1,-1.1,3,1.4
S02000621,S02000596,0,0,0,5,0,0,5,5,5,2,-1.2,2,-1.5,1,-1,3,1.3
S02000621,S02000597,8,0,11,42,3,-8,34,61,53,19,-2.5,26,-3.5,11,-0.1,35,3
S02000621,S02000599,10,4,0,0,-10,-6,-10,14,4,4,2.7,6,3.3,3,-1.6,8,-2.8
S02000621,S02000601,0,0,0,3,0,0,3,3,3,1,-1,1,-1.1,1,-0.7,2,1
S02000621,S02000602,4,0,0,0,-4,-4,-4,4,0,1,2.5,2,1.8,1,-0.9,2,-1.5
S02000621,S02000605,0,3,0,0,0,3,0,3,3,1,-1,1,1.5,1,-0.7,2,-1.3
S02000621,S02000607,8,0,0,0,-8,-8,-8,8,0,2,3.5,3,2.5,1,-1.2,5,-2.1
S02000621,S02000608,12,0,0,3,-12,-12,-9,15,3,5,3.4,6,2.2,3,-1.7,9,-1.9
S02000621,S02000609,0,0,0,3,0,0,3,3,3,1,-1,1,-1.1,1,-0.7,2,1
S02000621,S02000610,0,0,0,3,0,0,3,3,3,1,-1,1,-1.1,1,-0.7,2,1
S02000621,S02000611,0,0,3,0,3,0,0,3,3,1,-1,1,-1.1,1,3.3,2,1
S02000621,S02000612,3,0,0,3,-3,-3,0,6,3,2,0.8,3,0.3,1,-1.1,3,-0.2
S02000621,S02000614,3,0,0,0,-3,-3,-3,3,0,1,2.1,1,1.5,1,-0.7,2,-1.3
S02000621,S02000617,12,0,0,8,-12,-12,-4,20,8,6,2.3,9,1.2,4,-1.9,11,-1
S02000621,S02000621,18,4,3,14,-15,-14,-4,39,21,12,1.7,17,1.3,7,-1.6,22,-1.1
S02000621,S02000624,6,0,0,0,-6,-6,-6,6,0,2,3,3,2.2,1,-1.1,3,-1.9
S02000621,S02000625,22,5,5,30,-17,-17,8,62,40,19,0.6,26,0.1,11,-1.9,36,-0.1
S02000621,S02000627,7,0,3,7,-4,-7,0,17,10,5,0.7,7,-0.1,3,-0.1,10,0.1
S02000621,S02000628,4,0,0,5,-4,-4,1,9,5,3,0.7,4,0.1,2,-1.3,5,-0.1
S02000621,S02000629,0,0,0,3,0,0,3,3,3,1,-1,1,-1.1,1,-0.7,2,1
S02000621,S02000631,6,3,0,10,-6,-3,4,19,13,6,0,8,0.3,4,-1.9,11,-0.3
S02000621,S02000633,5,0,0,7,-5,-5,2,12,7,4,0.7,5,0,2,-1.5,7,0
S02000621,S02000634,27,4,0,10,-27,-23,-17,41,14,13,4,17,3.2,8,-2.8,24,-2.8
S02000621,S02000635,0,0,0,4,0,0,4,4,4,1,-1.1,2,-1.3,1,-0.9,2,1.1
S02000621,S02000637,0,0,0,8,0,0,8,8,8,2,-1.6,3,-1.8,1,-1.2,5,1.6
S02000621,S02000638,9,0,0,5,-9,-9,-4,14,5,4,2.2,6,1.2,3,-1.6,8,-1.1
S02000621,S02000639,0,0,0,5,0,0,5,5,5,2,-1.2,2,-1.5,1,-1,3,1.3
S02000621,S02000642,5,0,0,6,-5,-5,1,11,6,3,0.9,5,0.1,2,-1.4,6,-0.1
S02000621,S02000644,13,0,18,6,5,-13,-7,37,24,12,0.4,16,-0.7,7,4.3,21,0.6
S02000621,S02000649,0,0,3,9,3,0,9,12,12,4,-1.9,5,-2.3,2,0.5,7,1.9
S02000621,S02000651,0,3,4,4,4,3,4,11,11,3,-1.9,5,-0.8,2,1.4,6,0.7
S02000621,S02000652,0,0,0,3,0,0,3,3,3,1,-1,1,-1.1,1,-0.7,2,1
S02000621,S02000655,36,14,119,74,83,-22,38,243,207,76,-4.6,103,-5.2,45,11,140,4.5
S02000621,S02000656,16,19,4,47,-12,3,31,86,70,27,-2.1,37,-0.3,16,-3,49,0.2
S02000621,S02000658,43,6,22,46,-21,-37,3,117,74,36,1.1,50,-0.1,22,0.1,67,0.1
S02000621,S02000659,0,0,11,0,11,0,0,11,11,3,-1.9,5,-2.2,2,6.3,6,1.9
S02000621,S02000660,74,12,6,19,-68,-62,-55,111,37,35,6.7,47,5.6,21,-3.2,64,-4.9
S02000621,S02000661,16,0,5,15,-11,-16,-1,36,20,11,1.4,15,0.2,7,-0.6,21,-0.2
S02000621,S02000663,0,3,0,0,0,3,0,3,3,1,-1,1,1.5,1,-0.7,2,-1.3
S02000621,S02000664,4,0,0,3,-4,-4,-1,7,3,2,1.2,3,0.6,1,-1.1,4,-0.5
S02000621,S02000665,0,3,0,3,0,3,3,6,6,2,-1.4,3,0.3,1,-1.1,3,-0.2
S02000621,S02000666,0,0,0,3,0,0,3,3,3,1,-1,1,-1.1,1,-0.7,2,1
S02000621,S02000667,0,3,0,0,0,3,0,3,3,1,-1,1,1.5,1,-0.7,2,-1.3
S02000621,S02000668,0,0,0,4,0,0,4,4,4,1,-1.1,2,-1.3,1,-0.9,2,1.1
S02000621,S02000669,5,0,0,4,-5,-5,-1,9,4,3,1.3,4,0.6,2,-1.3,5,-0.5
S02000621,S02000670,9,4,0,0,-9,-5,-9,13,4,4,2.5,6,3.2,2,-1.6,7,-2.7
S02000621,S02000672,0,0,0,20,0,0,20,20,20,6,-2.5,9,-2.9,4,-1.9,11,2.5
S02000621,S02000673,0,0,0,3,0,0,3,3,3,1,-1,1,-1.1,1,-0.7,2,1
S02000621,S02000676,0,0,4,4,4,0,4,8,8,2,-1.6,3,-1.8,1,2.1,5,1.6
S02000621,S02000677,0,0,0,3,0,0,3,3,3,1,-1,1,-1.1,1,-0.7,2,1
S02000621,S02000680,0,0,4,6,4,0,6,10,10,3,-1.8,4,-2.1,2,1.6,6,1.8
S02000621,S02000681,0,0,4,0,4,0,0,4,4,1,-1.1,2,-1.3,1,3.8,2,1.1
S02000621,S02000684,4,12,0,0,-4,8,-4,16,12,5,-0.4,7,3.5,3,-1.7,9,-3
S02000621,S02000689,8,0,0,0,-8,-8,-8,8,0,2,3.5,3,2.5,1,-1.2,5,-2.1
S02000621,S02000691,3,3,0,0,-3,0,-3,6,3,2,0.8,3,2.2,1,-1.1,3,-1.9
S02000621,S02000702,3,0,0,3,-3,-3,0,6,3,2,0.8,3,0.3,1,-1.1,3,-0.2
S02000621,S02000711,0,3,0,0,0,3,0,3,3,1,-1,1,1.5,1,-0.7,2,-1.3
S02000621,S02000716,3,0,0,0,-3,-3,-3,3,0,1,2.1,1,1.5,1,-0.7,2,-1.3
S02000621,S02000984,4,0,0,0,-4,-4,-4,4,0,1,2.5,2,1.8,1,-0.9,2,-1.5
S02000621,S02000993,6,0,0,0,-6,-6,-6,6,0,2,3,3,2.2,1,-1.1,3,-1.9
S02000621,S02001000,7,5,0,9,-7,-2,2,21,14,7,0.2,9,1,4,-2,12,-0.9
S02000621,S02001004,0,0,0,6,0,0,6,6,6,2,-1.4,3,-1.6,1,-1.1,3,1.4
S02000621,S02001010,11,8,0,4,-11,-3,-7,23,12,7,1.4,10,2.9,4,-2.1,13,-2.5
S02000621,S02001013,5,19,0,28,-5,14,23,52,47,16,-2.8,22,0.4,10,-3.1,30,-0.3
S02000621,S02001014,4,0,0,0,-4,-4,-4,4,0,1,2.5,2,1.8,1,-0.9,2,-1.5
S02000621,S02001015,0,7,0,3,0,7,3,10,10,3,-1.8,4,1.3,2,-1.4,6,-1.1
S02000621,S02001016,0,3,0,0,0,3,0,3,3,1,-1,1,1.5,1,-0.7,2,-1.3
S02000621,S02001148,0,0,0,3,0,0,3,3,3,1,-1,1,-1.1,1,-0.7,2,1
S02000621,S02001162,0,0,0,3,0,0,3,3,3,1,-1,1,-1.1,1,-0.7,2,1
S02000621,S02001185,5,0,0,3,-5,-5,-2,8,3,2,1.6,3,0.9,1,-1.2,5,-0.7
S02000621,S02001192,4,0,0,0,-4,-4,-4,4,0,1,2.5,2,1.8,1,-0.9,2,-1.5
S02000622,S02000260,0,0,0,5,0,0,5,5,5,2,-1.2,2,-1.5,1,-1,3,1.3
S02000622,S02000269,0,0,0,4,0,0,4,4,4,1,-1.1,2,-1.3,1,-0.9,2,1.1
S02000622,S02000327,3,0,0,4,-3,-3,1,7,4,2,0.6,3,0,1,-1.1,4,0
S02000622,S02000585,0,0,0,3,0,0,3,3,3,1,-1,1,-1.1,1,-0.7,2,1
S02000622,S02000586,0,0,0,4,0,0,4,4,4,1,-1.1,2,-1.3,1,-0.9,2,1.1
S02000622,S02000588,4,0,0,0,-4,-4,-4,4,0,1,2.5,2,1.8,1,-0.9,2,-1.5
S02000622,S02000595,0,0,0,4,0,0,4,4,4,1,-1.1,2,-1.3,1,-0.9,2,1.1
S02000622,S02000596,0,0,0,4,0,0,4,4,4,1,-1.1,2,-1.3,1,-0.9,2,1.1
S02000622,S02000597,0,0,0,5,0,0,5,5,5,2,-1.2,2,-1.5,1,-1,3,1.3
S02000622,S02000599,4,0,0,0,-4,-4,-4,4,0,1,2.5,2,1.8,1,-0.9,2,-1.5
S02000622,S02000602,5,0,0,0,-5,-5,-5,5,0,2,2.8,2,2,1,-1,3,-1.7
S02000622,S02000603,0,0,0,6,0,0,6,6,6,2,-1.4,3,-1.6,1,-1.1,3,1.4
S02000622,S02000607,8,0,0,0,-8,-8,-8,8,0,2,3.5,3,2.5,1,-1.2,5,-2.1
S02000622,S02000609,0,0,0,5,0,0,5,5,5,2,-1.2,2,-1.5,1,-1,3,1.3
S02000622,S02000612,0,0,0,3,0,0,3,3,3,1,-1,1,-1.1,1,-0.7,2,1
S02000622,S02000614,6,0,0,15,-6,-6,9,21,15,7,-0.2,9,-1,4,-2,12,0.8
S02000622,S02000615,0,0,0,7,0,0,7,7,7,2,-1.5,3,-1.7,1,-1.1,4,1.5
S02000622,S02000616,0,0,0,11,0,0,11,11,11,3,-1.9,5,-2.2,2,-1.4,6,1.9
S02000622,S02000618,0,0,0,4,0,0,4,4,4,1,-1.1,2,-1.3,1,-0.9,2,1.1
S02000622,S02000622,10,3,8,41,-2,-7,31,62,52,19,-2.1,26,-2.6,11,-1,36,2.2
S02000622,S02000624,0,0,3,3,3,0,3,6,6,2,-1.4,3,-1.6,1,1.8,3,1.4
S02000622,S02000625,0,0,0,3,0,0,3,3,3,1,-1,1,-1.1,1,-0.7,2,1
S02000622,S02000628,7,0,0,3,-7,-7,-4,10,3,3,2.2,4,1.3,2,-1.4,6,-1.1
S02000622,S02000631,0,3,0,3,0,3,3,6,6,2,-1.4,3,0.3,1,-1.1,3,-0.2
S02000622,S02000632,0,0,0,3,0,0,3,3,3,1,-1,1,-1.1,1,-0.7,2,1
S02000622,S02000633,10,0,0,5,-10,-10,-5,15,5,5,2.5,6,1.4,3,-1.7,9,-1.2
S02000622,S02000634,14,3,8,35,-6,-11,21,60,46,19,-1.1,26,-1.7,11,-0.9,34,1.5
S02000622,S02000635,0,0,3,0,3,0,0,3,3,1,-1,1,-1.1,1,3.3,2,1
S02000622,S02000639,0,0,0,4,0,0,4,4,4,1,-1.1,2,-1.3,1,-0.9,2,1.1
S02000622,S02000642,0,0,0,6,0,0,6,6,6,2,-1.4,3,-1.6,1,-1.1,3,1.4
S02000622,S02000644,10,0,18,6,8,-10,-4,34,24,11,-0.2,14,-1.2,6,4.7,20,1
S02000622,S02000648,0,3,0,0,0,3,0,3,3,1,-1,1,1.5,1,-0.7,2,-1.3
S02000622,S02000649,0,0,0,5,0,0,5,5,5,2,-1.2,2,-1.5,1,-1,3,1.3
S02000622,S02000651,0,4,7,8,7,4,8,19,19,6,-2.4,8,-1.4,4,1.9,11,1.2
S02000622,S02000655,59,7,137,89,78,-52,30,292,233,91,-3.3,124,-5.2,54,11.3,168,4.5
S02000622,S02000656,3,0,3,4,0,-3,1,10,7,3,-0.1,4,-0.6,2,0.8,6,0.5
S02000622,S02000657,0,0,0,5,0,0,5,5,5,2,-1.2,2,-1.5,1,-1,3,1.3
S02000622,S02000658,39,4,20,82,-19,-35,43,145,106,45,-0.9,62,-2.4,27,-1.3,83,2
S02000622,S02000659,0,0,6,0,6,0,0,6,6,2,-1.4,3,-1.6,1,4.6,3,1.4
S02000622,S02000660,11,0,0,5,-11,-11,-6,16,5,5,2.7,7,1.6,3,-1.7,9,-1.4
S02000622,S02000661,14,0,20,16,6,-14,2,50,36,16,-0.4,21,-1.6,9,3.5,29,1.4
S02000622,S02000664,7,0,0,0,-7,-7,-7,7,0,2,3.3,3,2.3,1,-1.1,4,-2
S02000622,S02000665,0,0,13,3,13,0,3,16,16,5,-2.2,7,-2.6,3,5.8,9,2.2
S02000622,S02000666,0,0,3,0,3,0,0,3,3,1,-1,1,-1.1,1,3.3,2,1
S02000622,S02000668,0,0,0,5,0,0,5,5,5,2,-1.2,2,-1.5,1,-1,3,1.3
S02000622,S02000669,0,3,7,0,7,3,0,10,10,3,-1.8,4,-0.6,2,3.8,6,0.5
S02000622,S02000672,9,0,3,37,-6,-9,28,49,40,15,-1.6,21,-2.6,9,-2,28,2.2
S02000622,S02000676,0,0,3,0,3,0,0,3,3,1,-1,1,-1.1,1,3.3,2,1
S02000622,S02000678,0,0,0,4,0,0,4,4,4,1,-1.1,2,-1.3,1,-0.9,2,1.1
S02000622,S02000680,0,0,0,5,0,0,5,5,5,2,-1.2,2,-1.5,1,-1,3,1.3
S02000622,S02000684,0,3,0,0,0,3,0,3,3,1,-1,1,1.5,1,-0.7,2,-1.3
S02000622,S02000685,0,0,0,5,0,0,5,5,5,2,-1.2,2,-1.5,1,-1,3,1.3
S02000622,S02000689,22,0,0,3,-22,-22,-19,25,3,8,5.1,11,3.5,5,-2.2,14,-3
S02000622,S02000691,6,0,0,0,-6,-6,-6,6,0,2,3,3,2.2,1,-1.1,3,-1.9
S02000622,S02000709,0,0,0,3,0,0,3,3,3,1,-1,1,-1.1,1,-0.7,2,1
S02000622,S02000716,3,0,0,0,-3,-3,-3,3,0,1,2.1,1,1.5,1,-0.7,2,-1.3
S02000622,S02000772,3,0,0,0,-3,-3,-3,3,0,1,2.1,1,1.5,1,-0.7,2,-1.3
S02000622,S02000783,4,0,0,0,-4,-4,-4,4,0,1,2.5,2,1.8,1,-0.9,2,-1.5
S02000622,S02000988,0,0,0,5,0,0,5,5,5,2,-1.2,2,-1.5,1,-1,3,1.3
S02000622,S02001000,6,0,0,7,-6,-6,1,13,7,4,1,6,0.2,2,-1.6,7,-0.2
S02000622,S02001001,0,0,0,3,0,0,3,3,3,1,-1,1,-1.1,1,-0.7,2,1
S02000622,S02001007,0,0,0,4,0,0,4,4,4,1,-1.1,2,-1.3,1,-0.9,2,1.1
S02000622,S02001010,11,3,0,5,-11,-8,-6,19,8,6,2.1,8,2.1,4,-1.9,11,-1.8
S02000622,S02001013,5,0,4,10,-1,-5,5,19,14,6,-0.4,8,-1.1,4,0.3,11,0.9
S02000622,S02001015,0,5,3,3,3,5,3,11,11,3,-1.9,5,0.1,2,0.7,6,-0.1
S02000622,S02001154,0,0,0,3,0,0,3,3,3,1,-1,1,-1.1,1,-0.7,2,1
S02000622,S02001185,5,0,6,8,1,-5,3,19,14,6,-0.4,8,-1.1,4,1.3,11,0.9
S02000623,S02000587,0,3,0,0,0,3,0,3,3,1,-1,1,1.5,1,-0.7,2,-1.3
S02000623,S02000588,0,0,0,3,0,0,3,3,3,1,-1,1,-1.1,1,-0.7,2,1
S02000623,S02000597,0,0,0,3,0,0,3,3,3,1,-1,1,-1.1,1,-0.7,2,1
S02000623,S02000599,3,0,0,0,-3,-3,-3,3,0,1,2.1,1,1.5,1,-0.7,2,-1.3
S02000623,S02000603,0,0,0,5,0,0,5,5,5,2,-1.2,2,-1.5,1,-1,3,1.3
S02000623,S02000611,6,17,3,9,-3,11,3,35,29,11,-1.5,15,2.1,6,-1.4,20,-1.8
S02000623,S02000613,3,0,0,7,-3,-3,4,10,7,3,-0.1,4,-0.6,2,-1.4,6,0.5
S02000623,S02000618,0,0,4,8,4,0,8,12,12,4,-1.9,5,-2.3,2,1.2,7,1.9
S02000623,S02000620,0,0,0,9,0,0,9,9,9,3,-1.7,4,-2,2,-1.3,5,1.7
S02000623,S02000622,0,0,0,3,0,0,3,3,3,1,-1,1,-1.1,1,-0.7,2,1
S02000623,S02000623,4,0,0,12,-4,-4,8,16,12,5,-0.4,7,-1.1,3,-1.7,9,0.9
S02000623,S02000625,0,0,0,5,0,0,5,5,5,2,-1.2,2,-1.5,1,-1,3,1.3
S02000623,S02000626,7,0,0,12,-7,-7,5,19,12,6,0.4,8,-0.4,4,-1.9,11,0.3
S02000623,S02000628,8,0,0,4,-8,-8,-4,12,4,4,2.2,5,1.3,2,-1.5,7,-1.1
S02000623,S02000629,0,6,0,0,0,6,0,6,6,2,-1.4,3,2.2,1,-1.1,3,-1.9
S02000623,S02000630,3,0,0,4,-3,-3,1,7,4,2,0.6,3,0,1,-1.1,4,0
S02000623,S02000632,6,5,0,21,-6,-1,15,32,26,10,-1.3,14,-0.7,6,-2.4,18,0.6
S02000623,S02000633,10,12,3,22,-7,2,12,47,37,15,-1.2,20,0.4,9,-1.9,27,-0.4
S02000623,S02000634,7,0,0,9,-7,-7,2,16,9,5,0.9,7,0.1,3,-1.7,9,-0.1
S02000623,S02000635,3,0,0,0,-3,-3,-3,3,0,1,2.1,1,1.5,1,-0.7,2,-1.3
S02000623,S02000636,11,0,0,4,-11,-11,-7,15,4,5,2.9,6,1.8,3,-1.7,9,-1.6
S02000623,S02000640,3,0,0,9,-3,-3,6,12,9,4,-0.4,5,-0.9,2,-1.5,7,0.8
S02000623,S02000641,0,3,0,0,0,3,0,3,3,1,-1,1,1.5,1,-0.7,2,-1.3
S02000623,S02000643,10,3,0,10,-10,-7,0,23,13,7,1.1,10,1,4,-2.1,13,-0.9
S02000623,S02000646,0,0,0,5,0,0,5,5,5,2,-1.2,2,-1.5,1,-1,3,1.3
S02000623,S02000648,5,6,0,8,-5,1,3,19,14,6,-0.4,8,1,4,-1.9,11,-0.9
S02000623,S02000651,0,0,5,0,5,0,0,5,5,2,-1.2,2,-1.5,1,4.2,3,1.3
S02000623,S02000654,5,0,0,8,-5,-5,3,13,8,4,0.5,6,-0.2,2,-1.6,7,0.2
S02000623,S02000655,48,7,102,63,54,-41,15,220,172,69,-2.5,94,-4,41,9.6,126,3.4
S02000623,S02000656,0,8,0,0,0,8,0,8,8,2,-1.6,3,2.5,1,-1.2,5,-2.1
S02000623,S02000658,55,7,9,43,-46,-48,-12,114,59,36,3.3,48,1.9,21,-2.6,66,-1.7
S02000623,S02000659,0,0,0,9,0,0,9,9,9,3,-1.7,4,-2,2,-1.3,5,1.7
S02000623,S02000660,4,0,0,4,-4,-4,0,8,4,2,1,3,0.3,1,-1.2,5,-0.3
S02000623,S02000661,6,0,5,0,-1,-6,-6,11,5,3,1.4,5,0.6,2,2.1,6,-0.5
S02000623,S02000663,4,4,3,10,-1,0,6,21,17,7,-1,9,-0.3,4,-0.4,12,0.3
S02000623,S02000664,3,0,0,0,-3,-3,-3,3,0,1,2.1,1,1.5,1,-0.7,2,-1.3
S02000623,S02000665,0,5,0,0,0,5,0,5,5,2,-1.2,2,2,1,-1,3,-1.7
S02000623,S02000666,0,0,0,5,0,0,5,5,5,2,-1.2,2,-1.5,1,-1,3,1.3
S02000623,S02000667,5,0,0,0,-5,-5,-5,5,0,2,2.8,2,2,1,-1,3,-1.7
S02000623,S02000669,0,3,0,4,0,3,4,7,7,2,-1.5,3,0,1,-1.1,4,0
S02000623,S02000670,8,14,0,0,-8,6,-8,22,14,7,0.4,9,4.1,4,-2,13,-3.6
S02000623,S02000672,0,0,0,16,0,0,16,16,16,5,-2.2,7,-2.6,3,-1.7,9,2.2
S02000623,S02000674,5,0,0,18,-5,-5,13,23,18,7,-0.8,10,-1.5,4,-2.1,13,1.3
S02000623,S02000676,6,0,5,0,-1,-6,-6,11,5,3,1.4,5,0.6,2,2.1,6,-0.5
S02000623,S02000680,0,0,0,3,0,0,3,3,3,1,-1,1,-1.1,1,-0.7,2,1
S02000623,S02000689,5,0,0,4,-5,-5,-1,9,4,3,1.3,4,0.6,2,-1.3,5,-0.5
S02000623,S02000691,7,0,0,0,-7,-7,-7,7,0,2,3.3,3,2.3,1,-1.1,4,-2
S02000623,S02000705,0,0,0,3,0,0,3,3,3,1,-1,1,-1.1,1,-0.7,2,1
S02000623,S02000993,3,0,0,0,-3,-3,-3,3,0,1,2.1,1,1.5,1,-0.7,2,-1.3
S02000623,S02001000,3,0,0,4,-3,-3,1,7,4,2,0.6,3,0,1,-1.1,4,0
S02000623,S02001013,0,5,0,3,0,5,3,8,8,2,-1.6,3,0.9,1,-1.2,5,-0.7
S02000623,S02001015,0,4,0,0,0,4,0,4,4,1,-1.1,2,1.8,1,-0.9,2,-1.5
S02000623,S02001162,3,4,0,8,-3,1,5,15,12,5,-0.8,6,0.2,3,-1.7,9,-0.2
S02000624,S02000328,0,0,0,3,0,0,3,3,3,1,-1,1,-1.1,1,-0.7,2,1
S02000624,S02000584,0,0,0,3,0,0,3,3,3,1,-1,1,-1.1,1,-0.7,2,1
S02000624,S02000590,0,0,0,5,0,0,5,5,5,2,-1.2,2,-1.5,1,-1,3,1.3
S02000624,S02000597,4,0,0,0,-4,-4,-4,4,0,1,2.5,2,1.8,1,-0.9,2,-1.5
S02000624,S02000599,4,0,0,0,-4,-4,-4,4,0,1,2.5,2,1.8,1,-0.9,2,-1.5
S02000624,S02000602,6,0,0,5,-6,-6,-1,11,5,3,1.4,5,0.6,2,-1.4,6,-0.5
S02000624,S02000603,0,0,0,7,0,0,7,7,7,2,-1.5,3,-1.7,1,-1.1,4,1.5
S02000624,S02000604,0,0,0,3,0,0,3,3,3,1,-1,1,-1.1,1,-0.7,2,1
S02000624,S02000605,0,0,0,3,0,0,3,3,3,1,-1,1,-1.1,1,-0.7,2,1
S02000624,S02000606,0,0,0,3,0,0,3,3,3,1,-1,1,-1.1,1,-0.7,2,1
S02000624,S02000607,9,0,0,0,-9,-9,-9,9,0,3,3.7,4,2.6,2,-1.3,5,-2.3
S02000624,S02000609,0,0,0,7,0,0,7,7,7,2,-1.5,3,-1.7,1,-1.1,4,1.5
S02000624,S02000610,0,3,0,3,0,3,3,6,6,2,-1.4,3,0.3,1,-1.1,3,-0.2
S02000624,S02000612,0,0,0,15,0,0,15,15,15,5,-2.2,6,-2.5,3,-1.7,9,2.2
S02000624,S02000614,4,0,0,8,-4,-4,4,12,8,4,0.1,5,-0.5,2,-1.5,7,0.4
S02000624,S02000615,0,0,0,6,0,0,6,6,6,2,-1.4,3,-1.6,1,-1.1,3,1.4
S02000624,S02000616,4,0,3,3,-1,-4,-1,10,6,3,0.5,4,-0.1,2,0.8,6,0.1
S02000624,S02000617,0,0,0,6,0,0,6,6,6,2,-1.4,3,-1.6,1,-1.1,3,1.4
S02000624,S02000618,0,0,0,3,0,0,3,3,3,1,-1,1,-1.1,1,-0.7,2,1
S02000624,S02000622,4,5,3,21,-1,1,17,33,29,10,-2,14,-1.3,6,-1.3,19,1.2
S02000624,S02000624,5,4,6,11,1,-1,6,26,21,8,-1.1,11,-0.6,5,0.5,15,0.5
S02000624,S02000625,0,0,4,3,4,0,3,7,7,2,-1.5,3,-1.7,1,2.4,4,1.5
S02000624,S02000626,3,0,0,0,-3,-3,-3,3,0,1,2.1,1,1.5,1,-0.7,2,-1.3
S02000624,S02000628,11,0,0,5,-11,-11,-6,16,5,5,2.7,7,1.6,3,-1.7,9,-1.4
S02000624,S02000631,4,0,0,11,-4,-4,7,15,11,5,-0.3,6,-0.9,3,-1.7,9,0.8
S02000624,S02000634,11,3,6,29,-5,-8,18,49,38,15,-1.1,21,-1.5,9,-1,28,1.3
S02000624,S02000635,4,0,0,3,-4,-4,-1,7,3,2,1.2,3,0.6,1,-1.1,4,-0.5
S02000624,S02000640,0,0,0,3,0,0,3,3,3,1,-1,1,-1.1,1,-0.7,2,1
S02000624,S02000642,7,0,0,4,-7,-7,-3,11,4,3,1.9,5,1.1,2,-1.4,6,-0.9
S02000624,S02000644,3,0,10,3,7,-3,0,16,13,5,-0.9,7,-1.5,3,4.1,9,1.3
S02000624,S02000648,0,0,0,4,0,0,4,4,4,1,-1.1,2,-1.3,1,-0.9,2,1.1
S02000624,S02000649,0,3,0,0,0,3,0,3,3,1,-1,1,1.5,1,-0.7,2,-1.3
S02000624,S02000651,3,3,10,4,7,0,1,20,17,6,-1.3,9,-0.9,4,3.3,11,0.7
S02000624,S02000655,34,6,114,52,80,-28,18,206,172,64,-3.8,88,-5.1,38,12.3,118,4.4
S02000624,S02000656,0,5,3,13,3,5,13,21,21,7,-2.6,9,-1.3,4,-0.4,12,1.1
S02000624,S02000658,23,0,27,57,4,-23,34,107,84,33,-1.8,46,-3.3,20,1.6,61,2.9
S02000624,S02000660,17,0,4,0,-13,-17,-17,21,4,7,4.1,9,2.7,4,0.1,12,-2.3
S02000624,S02000661,15,0,9,9,-6,-15,-6,33,18,10,1.5,14,0.3,6,1.2,19,-0.2
S02000624,S02000663,0,0,0,3,0,0,3,3,3,1,-1,1,-1.1,1,-0.7,2,1
S02000624,S02000664,6,0,3,0,-3,-6,-6,9,3,3,1.9,4,1.1,2,1,5,-1
S02000624,S02000665,5,6,9,5,4,1,0,25,20,8,-1,11,0.1,5,2,14,-0.1
S02000624,S02000669,0,0,3,0,3,0,0,3,3,1,-1,1,-1.1,1,3.3,2,1
S02000624,S02000670,6,0,0,0,-6,-6,-6,6,0,2,3,3,2.2,1,-1.1,3,-1.9
S02000624,S02000671,0,0,0,5,0,0,5,5,5,2,-1.2,2,-1.5,1,-1,3,1.3
S02000624,S02000672,3,0,3,27,0,-3,24,33,30,10,-2.3,14,-2.9,6,-1.3,19,2.5
S02000624,S02000674,0,0,0,4,0,0,4,4,4,1,-1.1,2,-1.3,1,-0.9,2,1.1
S02000624,S02000675,4,0,0,3,-4,-4,-1,7,3,2,1.2,3,0.6,1,-1.1,4,-0.5
S02000624,S02000681,0,0,0,6,0,0,6,6,6,2,-1.4,3,-1.6,1,-1.1,3,1.4
S02000624,S02000685,0,0,0,3,0,0,3,3,3,1,-1,1,-1.1,1,-0.7,2,1
S02000624,S02000689,14,0,3,6,-11,-14,-8,23,9,7,2.6,10,1.3,4,-0.6,13,-1.2
S02000624,S02000690,3,0,0,0,-3,-3,-3,3,0,1,2.1,1,1.5,1,-0.7,2,-1.3
S02000624,S02000693,4,0,0,0,-4,-4,-4,4,0,1,2.5,2,1.8,1,-0.9,2,-1.5
S02000624,S02000695,0,0,3,0,3,0,0,3,3,1,-1,1,-1.1,1,3.3,2,1
S02000624,S02000701,3,0,0,0,-3,-3,-3,3,0,1,2.1,1,1.5,1,-0.7,2,-1.3
S02000624,S02000705,0,0,0,3,0,0,3,3,3,1,-1,1,-1.1,1,-0.7,2,1
S02000624,S02000712,0,4,0,0,0,4,0,4,4,1,-1.1,2,1.8,1,-0.9,2,-1.5
S02000624,S02000993,3,0,0,0,-3,-3,-3,3,0,1,2.1,1,1.5,1,-0.7,2,-1.3
S02000624,S02000994,0,0,0,3,0,0,3,3,3,1,-1,1,-1.1,1,-0.7,2,1
S02000624,S02001000,6,0,3,10,-3,-6,4,19,13,6,0,8,-0.7,4,-0.3,11,0.6
S02000624,S02001007,0,0,0,3,0,0,3,3,3,1,-1,1,-1.1,1,-0.7,2,1
S02000624,S02001010,4,0,7,8,3,-4,4,19,15,6,-0.8,8,-1.4,4,1.9,11,1.2
S02000624,S02001013,0,0,0,11,0,0,11,11,11,3,-1.9,5,-2.2,2,-1.4,6,1.9
S02000624,S02001014,0,3,0,6,0,3,6,9,9,3,-1.7,4,-0.4,2,-1.3,5,0.4
S02000624,S02001015,0,0,4,0,4,0,0,4,4,1,-1.1,2,-1.3,1,3.8,2,1.1
S02000624,S02001016,0,0,0,4,0,0,4,4,4,1,-1.1,2,-1.3,1,-0.9,2,1.1
S02000624,S02001018,3,0,0,0,-3,-3,-3,3,0,1,2.1,1,1.5,1,-0.7,2,-1.3
S02000624,S02001153,4,0,0,0,-4,-4,-4,4,0,1,2.5,2,1.8,1,-0.9,2,-1.5
S02000624,S02001185,8,0,0,3,-8,-8,-5,11,3,3,2.5,5,1.5,2,-1.4,6,-1.3
S02000625,S02000324,3,0,0,0,-3,-3,-3,3,0,1,2.1,1,1.5,1,-0.7,2,-1.3
S02000625,S02000597,7,0,0,24,-7,-7,17,31,24,10,-0.9,13,-1.7,6,-2.4,18,1.5
S02000625,S02000599,3,0,0,0,-3,-3,-3,3,0,1,2.1,1,1.5,1,-0.7,2,-1.3
S02000625,S02000601,3,0,0,3,-3,-3,0,6,3,2,0.8,3,0.3,1,-1.1,3,-0.2
S02000625,S02000603,0,0,0,5,0,0,5,5,5,2,-1.2,2,-1.5,1,-1,3,1.3
S02000625,S02000606,0,0,3,0,3,0,0,3,3,1,-1,1,-1.1,1,3.3,2,1
S02000625,S02000607,4,0,0,0,-4,-4,-4,4,0,1,2.5,2,1.8,1,-0.9,2,-1.5
S02000625,S02000608,6,0,0,0,-6,-6,-6,6,0,2,3,3,2.2,1,-1.1,3,-1.9
S02000625,S02000617,0,0,0,7,0,0,7,7,7,2,-1.5,3,-1.7,1,-1.1,4,1.5
S02000625,S02000621,0,0,5,9,5,0,9,14,14,4,-2.1,6,-2.4,3,1.5,8,2.1
S02000625,S02000622,3,3,0,4,-3,0,1,10,7,3,-0.1,4,0.8,2,-1.4,6,-0.7
S02000625,S02000625,23,4,0,48,-23,-19,25,75,52,23,-0.1,32,-0.9,14,-3.7,43,0.7
S02000625,S02000627,6,0,6,18,0,-6,12,30,24,9,-1.1,13,-1.9,6,0.2,17,1.6
S02000625,S02000628,6,0,0,4,-6,-6,-2,10,4,3,1.6,4,0.8,2,-1.4,6,-0.7
S02000625,S02000631,0,5,6,8,6,5,8,19,19,6,-2.4,8,-1.1,4,1.3,11,0.9
S02000625,S02000633,5,4,0,0,-5,-1,-5,9,4,3,1.3,4,2.6,2,-1.3,5,-2.3
S02000625,S02000634,17,5,5,14,-12,-12,-3,41,24,13,1.2,17,1.1,8,-0.9,24,-0.9
S02000625,S02000635,0,0,0,4,0,0,4,4,4,1,-1.1,2,-1.3,1,-0.9,2,1.1
S02000625,S02000637,0,0,0,5,0,0,5,5,5,2,-1.2,2,-1.5,1,-1,3,1.3
S02000625,S02000638,0,3,0,0,0,3,0,3,3,1,-1,1,1.5,1,-0.7,2,-1.3
S02000625,S02000642,6,3,0,0,-6,-3,-6,9,3,3,1.9,4,2.6,2,-1.3,5,-2.3
S02000625,S02000644,11,3,3,3,-8,-8,-8,20,9,6,1.9,9,1.9,4,-0.4,11,-1.6
S02000625,S02000647,0,0,0,4,0,0,4,4,4,1,-1.1,2,-1.3,1,-0.9,2,1.1
S02000625,S02000655,21,7,55,48,34,-14,27,131,110,41,-3.1,56,-3.7,24,6.2,75,3.2
S02000625,S02000656,13,13,5,20,-8,0,7,51,38,16,-0.7,22,0.9,9,-1.4,29,-0.8
S02000625,S02000658,29,6,7,22,-22,-23,-7,64,35,20,2,27,1.5,12,-1.4,37,-1.3
S02000625,S02000659,0,0,6,0,6,0,0,6,6,2,-1.4,3,-1.6,1,4.6,3,1.4
S02000625,S02000660,41,0,3,15,-38,-41,-26,59,18,18,5.3,25,3.2,11,-2.4,34,-2.7
S02000625,S02000661,6,0,7,9,1,-6,3,22,16,7,-0.3,9,-1.1,4,1.5,13,0.9
S02000625,S02000664,0,0,0,3,0,0,3,3,3,1,-1,1,-1.1,1,-0.7,2,1
S02000625,S02000666,3,0,0,0,-3,-3,-3,3,0,1,2.1,1,1.5,1,-0.7,2,-1.3
S02000625,S02000668,3,0,0,0,-3,-3,-3,3,0,1,2.1,1,1.5,1,-0.7,2,-1.3
S02000625,S02000669,3,0,4,0,1,-3,-3,7,4,2,0.6,3,0,1,2.4,4,0
S02000625,S02000670,5,10,0,0,-5,5,-5,15,10,5,0.2,6,3.4,3,-1.7,9,-2.9
S02000625,S02000672,0,0,0,10,0,0,10,10,10,3,-1.8,4,-2.1,2,-1.4,6,1.8
S02000625,S02000675,0,0,0,3,0,0,3,3,3,1,-1,1,-1.1,1,-0.7,2,1
S02000625,S02000684,5,3,0,0,-5,-2,-5,8,3,2,1.6,3,2.5,1,-1.2,5,-2.1
S02000625,S02000685,4,0,0,3,-4,-4,-1,7,3,2,1.2,3,0.6,1,-1.1,4,-0.5
S02000625,S02000689,4,0,0,0,-4,-4,-4,4,0,1,2.5,2,1.8,1,-0.9,2,-1.5
S02000625,S02000705,0,0,0,3,0,0,3,3,3,1,-1,1,-1.1,1,-0.7,2,1
S02000625,S02000999,0,0,0,3,0,0,3,3,3,1,-1,1,-1.1,1,-0.7,2,1
S02000625,S02001000,10,0,0,9,-10,-10,-1,19,9,6,1.7,8,0.7,4,-1.9,11,-0.6
S02000625,S02001007,0,0,0,3,0,0,3,3,3,1,-1,1,-1.1,1,-0.7,2,1
S02000625,S02001010,9,0,0,4,-9,-9,-5,13,4,4,2.5,6,1.5,2,-1.6,7,-1.3
S02000625,S02001013,6,15,4,37,-2,9,31,62,56,19,-3,26,-1,11,-2.2,36,0.9
S02000625,S02001015,4,11,0,3,-4,7,-1,18,14,6,-0.7,8,2.7,3,-1.8,10,-2.3
S02000625,S02001185,4,0,4,0,0,-4,-4,8,4,2,1,3,0.3,1,2.1,5,-0.3
S02000626,S02000264,0,0,0,3,0,0,3,3,3,1,-1,1,-1.1,1,-0.7,2,1
S02000626,S02000270,0,0,3,0,3,0,0,3,3,1,-1,1,-1.1,1,3.3,2,1
S02000626,S02000281,0,6,0,0,0,6,0,6,6,2,-1.4,3,2.2,1,-1.1,3,-1.9
S02000626,S02000603,0,0,0,3,0,0,3,3,3,1,-1,1,-1.1,1,-0.7,2,1
S02000626,S02000608,3,0,0,0,-3,-3,-3,3,0,1,2.1,1,1.5,1,-0.7,2,-1.3
S02000626,S02000611,0,13,0,9,0,13,9,22,22,7,-2.6,9,1.2,4,-2,13,-1
S02000626,S02000613,4,0,0,12,-4,-4,8,16,12,5,-0.4,7,-1.1,3,-1.7,9,0.9
S02000626,S02000615,3,0,0,0,-3,-3,-3,3,0,1,2.1,1,1.5,1,-0.7,2,-1.3
S02000626,S02000618,12,7,4,35,-8,-5,23,58,46,18,-1.4,25,-1.1,11,-2.1,33,1
S02000626,S02000619,3,0,0,3,-3,-3,0,6,3,2,0.8,3,0.3,1,-1.1,3,-0.2
S02000626,S02000620,0,0,0,3,0,0,3,3,3,1,-1,1,-1.1,1,-0.7,2,1
S02000626,S02000622,0,0,0,3,0,0,3,3,3,1,-1,1,-1.1,1,-0.7,2,1
S02000626,S02000623,0,0,0,10,0,0,10,10,10,3,-1.8,4,-2.1,2,-1.4,6,1.8
S02000626,S02000626,9,0,4,22,-5,-9,13,35,26,11,-0.6,15,-1.5,6,-1,20,1.3
S02000626,S02000628,0,4,3,3,3,4,3,10,10,3,-1.8,4,-0.1,2,0.8,6,0.1
S02000626,S02000629,5,7,0,0,-5,2,-5,12,7,4,0.7,5,3.1,2,-1.5,7,-2.6
S02000626,S02000631,5,0,0,0,-5,-5,-5,5,0,2,2.8,2,2,1,-1,3,-1.7
S02000626,S02000632,0,5,0,9,0,5,9,14,14,4,-2.1,6,-0.4,3,-1.6,8,0.3
S02000626,S02000633,10,9,4,22,-6,-1,12,45,35,14,-1.1,19,0,8,-1.5,26,0
S02000626,S02000634,7,0,5,3,-2,-7,-4,15,8,5,1.1,6,0.2,3,1.3,9,-0.2
S02000626,S02000635,5,0,0,0,-5,-5,-5,5,0,2,2.8,2,2,1,-1,3,-1.7
S02000626,S02000636,18,5,0,18,-18,-13,0,41,23,13,1.5,17,1.3,8,-2.8,24,-1.1
S02000626,S02000640,3,0,3,4,0,-3,1,10,7,3,-0.1,4,-0.6,2,0.8,6,0.5
S02000626,S02000643,3,0,0,0,-3,-3,-3,3,0,1,2.1,1,1.5,1,-0.7,2,-1.3
S02000626,S02000644,3,0,0,3,-3,-3,0,6,3,2,0.8,3,0.3,1,-1.1,3,-0.2
S02000626,S02000645,5,0,0,3,-5,-5,-2,8,3,2,1.6,3,0.9,1,-1.2,5,-0.7
S02000626,S02000646,4,0,0,0,-4,-4,-4,4,0,1,2.5,2,1.8,1,-0.9,2,-1.5
S02000626,S02000647,0,0,0,3,0,0,3,3,3,1,-1,1,-1.1,1,-0.7,2,1
S02000626,S02000652,4,0,0,9,-4,-4,5,13,9,4,0,6,-0.7,2,-1.6,7,0.6
S02000626,S02000654,10,0,0,0,-10,-10,-10,10,0,3,3.9,4,2.8,2,-1.4,6,-2.4
S02000626,S02000655,41,12,54,43,13,-29,2,150,109,47,-0.8,64,-1.4,28,5,86,1.2
S02000626,S02000657,4,0,0,0,-4,-4,-4,4,0,1,2.5,2,1.8,1,-0.9,2,-1.5
S02000626,S02000658,44,6,11,37,-33,-38,-7,98,54,31,2.4,42,1.3,18,-1.7,56,-1.1
S02000626,S02000659,3,0,3,4,0,-3,1,10,7,3,-0.1,4,-0.6,2,0.8,6,0.5
S02000626,S02000660,0,4,0,0,0,4,0,4,4,1,-1.1,2,1.8,1,-0.9,2,-1.5
S02000626,S02000661,4,0,0,0,-4,-4,-4,4,0,1,2.5,2,1.8,1,-0.9,2,-1.5
S02000626,S02000663,6,9,0,9,-6,3,3,24,18,7,-0.5,10,1.5,4,-2.1,14,-1.3
S02000626,S02000664,6,0,0,4,-6,-6,-2,10,4,3,1.6,4,0.8,2,-1.4,6,-0.7
S02000626,S02000665,0,0,4,0,4,0,0,4,4,1,-1.1,2,-1.3,1,3.8,2,1.1
S02000626,S02000666,3,0,0,8,-3,-3,5,11,8,3,-0.2,5,-0.8,2,-1.4,6,0.7
S02000626,S02000667,7,4,0,0,-7,-3,-7,11,4,3,1.9,5,2.9,2,-1.4,6,-2.5
S02000626,S02000669,0,0,5,4,5,0,4,9,9,3,-1.7,4,-2,2,2.6,5,1.7
S02000626,S02000670,5,17,0,5,-5,12,0,27,22,8,-1.2,11,3.1,5,-2.2,16,-2.7
S02000626,S02000672,0,0,0,14,0,0,14,14,14,4,-2.1,6,-2.4,3,-1.6,8,2.1
S02000626,S02000674,6,0,0,10,-6,-6,4,16,10,5,0.5,7,-0.3,3,-1.7,9,0.3
S02000626,S02000676,6,0,0,0,-6,-6,-6,6,0,2,3,3,2.2,1,-1.1,3,-1.9
S02000626,S02000680,0,0,0,4,0,0,4,4,4,1,-1.1,2,-1.3,1,-0.9,2,1.1
S02000626,S02000689,6,0,0,0,-6,-6,-6,6,0,2,3,3,2.2,1,-1.1,3,-1.9
S02000626,S02000692,3,0,0,0,-3,-3,-3,3,0,1,2.1,1,1.5,1,-0.7,2,-1.3
S02000626,S02000713,0,3,0,0,0,3,0,3,3,1,-1,1,1.5,1,-0.7,2,-1.3
S02000626,S02001010,0,0,5,0,5,0,0,5,5,2,-1.2,2,-1.5,1,4.2,3,1.3
S02000626,S02001013,0,3,0,0,0,3,0,3,3,1,-1,1,1.5,1,-0.7,2,-1.3
S02000626,S02001015,0,3,0,0,0,3,0,3,3,1,-1,1,1.5,1,-0.7,2,-1.3
S02000626,S02001161,3,3,0,0,-3,0,-3,6,3,2,0.8,3,2.2,1,-1.1,3,-1.9
S02000626,S02001162,0,0,0,3,0,0,3,3,3,1,-1,1,-1.1,1,-0.7,2,1
S02000626,S02001185,4,0,0,3,-4,-4,-1,7,3,2,1.2,3,0.6,1,-1.1,4,-0.5
S02000627,S02000270,0,0,3,0,3,0,0,3,3,1,-1,1,-1.1,1,3.3,2,1
S02000627,S02000281,3,0,0,0,-3,-3,-3,3,0,1,2.1,1,1.5,1,-0.7,2,-1.3
S02000627,S02000327,0,0,3,0,3,0,0,3,3,1,-1,1,-1.1,1,3.3,2,1
S02000627,S02000328,6,0,0,0,-6,-6,-6,6,0,2,3,3,2.2,1,-1.1,3,-1.9
S02000627,S02000588,4,0,0,0,-4,-4,-4,4,0,1,2.5,2,1.8,1,-0.9,2,-1.5
S02000627,S02000590,0,0,0,8,0,0,8,8,8,2,-1.6,3,-1.8,1,-1.2,5,1.6
S02000627,S02000596,0,0,0,3,0,0,3,3,3,1,-1,1,-1.1,1,-0.7,2,1
S02000627,S02000597,7,0,9,38,2,-7,31,54,47,17,-2.4,23,-3.3,10,-0.3,31,2.9
S02000627,S02000599,6,7,0,0,-6,1,-6,13,7,4,1,6,3.2,2,-1.6,7,-2.7
S02000627,S02000601,3,0,0,0,-3,-3,-3,3,0,1,2.1,1,1.5,1,-0.7,2,-1.3
S02000627,S02000602,0,0,0,11,0,0,11,11,11,3,-1.9,5,-2.2,2,-1.4,6,1.9
S02000627,S02000603,0,0,0,6,0,0,6,6,6,2,-1.4,3,-1.6,1,-1.1,3,1.4
S02000627,S02000606,0,0,0,4,0,0,4,4,4,1,-1.1,2,-1.3,1,-0.9,2,1.1
S02000627,S02000607,13,3,0,3,-13,-10,-10,19,6,6,2.9,8,2.8,4,-1.9,11,-2.4
S02000627,S02000608,18,0,0,0,-18,-18,-18,18,0,6,5.2,8,3.7,3,-1.8,10,-3.2
S02000627,S02000609,0,0,0,3,0,0,3,3,3,1,-1,1,-1.1,1,-0.7,2,1
S02000627,S02000610,0,4,0,4,0,4,4,8,8,2,-1.6,3,0.3,1,-1.2,5,-0.3
S02000627,S02000612,0,0,0,4,0,0,4,4,4,1,-1.1,2,-1.3,1,-0.9,2,1.1
S02000627,S02000614,0,0,0,3,0,0,3,3,3,1,-1,1,-1.1,1,-0.7,2,1
S02000627,S02000617,8,0,0,7,-8,-8,-1,15,7,5,1.5,6,0.6,3,-1.7,9,-0.6
S02000627,S02000621,0,0,0,6,0,0,6,6,6,2,-1.4,3,-1.6,1,-1.1,3,1.4
S02000627,S02000622,0,4,0,0,0,4,0,4,4,1,-1.1,2,1.8,1,-0.9,2,-1.5
S02000627,S02000625,4,0,4,43,0,-4,39,51,47,16,-3,22,-3.8,9,-1.8,29,3.3
S02000627,S02000627,18,8,10,36,-8,-10,18,72,54,22,-0.9,31,-0.8,13,-0.9,41,0.7
S02000627,S02000628,7,0,0,0,-7,-7,-7,7,0,2,3.3,3,2.3,1,-1.1,4,-2
S02000627,S02000631,4,0,0,3,-4,-4,-1,7,3,2,1.2,3,0.6,1,-1.1,4,-0.5
S02000627,S02000633,5,3,0,3,-5,-2,-2,11,6,3,0.9,5,1.5,2,-1.4,6,-1.3
S02000627,S02000634,15,0,5,4,-10,-15,-11,24,9,7,2.8,10,1.5,4,0.3,14,-1.3
S02000627,S02000635,6,0,0,0,-6,-6,-6,6,0,2,3,3,2.2,1,-1.1,3,-1.9
S02000627,S02000637,3,0,0,17,-3,-3,14,20,17,6,-1.3,9,-1.9,4,-1.9,11,1.6
S02000627,S02000638,6,5,4,12,-2,-1,6,27,21,8,-0.8,11,-0.1,5,-0.4,16,0.1
S02000627,S02000639,6,0,0,3,-6,-6,-3,9,3,3,1.9,4,1.1,2,-1.3,5,-1
S02000627,S02000641,0,4,0,9,0,4,9,13,13,4,-2,6,-0.7,2,-1.6,7,0.6
S02000627,S02000642,5,3,0,6,-5,-2,1,14,9,4,0.3,6,0.8,3,-1.6,8,-0.7
S02000627,S02000644,7,0,19,5,12,-7,-2,31,24,10,-0.9,13,-1.7,6,5.5,18,1.5
S02000627,S02000649,0,0,0,11,0,0,11,11,11,3,-1.9,5,-2.2,2,-1.4,6,1.9
S02000627,S02000651,5,6,8,10,3,1,5,29,24,9,-1.3,12,-0.4,5,1.1,17,0.3
S02000627,S02000655,81,8,112,68,31,-73,-13,269,188,84,-0.3,114,-2.4,50,8.8,155,2
S02000627,S02000656,10,16,4,25,-6,6,15,55,45,17,-1.7,23,0.5,10,-1.9,32,-0.5
S02000627,S02000658,49,8,16,57,-33,-41,8,130,81,40,1.3,55,0.2,24,-1.6,75,-0.2
S02000627,S02000659,0,3,0,0,0,3,0,3,3,1,-1,1,1.5,1,-0.7,2,-1.3
S02000627,S02000660,74,8,9,14,-65,-66,-60,105,31,33,7.2,45,5.6,19,-2.4,60,-4.8
S02000627,S02000661,12,0,9,8,-3,-12,-4,29,17,9,1,12,-0.1,5,1.6,17,0.1
S02000627,S02000663,0,0,0,6,0,0,6,6,6,2,-1.4,3,-1.6,1,-1.1,3,1.4
S02000627,S02000664,4,0,0,3,-4,-4,-1,7,3,2,1.2,3,0.6,1,-1.1,4,-0.5
S02000627,S02000665,0,0,0,4,0,0,4,4,4,1,-1.1,2,-1.3,1,-0.9,2,1.1
S02000627,S02000666,0,0,0,3,0,0,3,3,3,1,-1,1,-1.1,1,-0.7,2,1
S02000627,S02000667,3,5,0,0,-3,2,-3,8,5,2,0.3,3,2.5,1,-1.2,5,-2.1
S02000627,S02000668,0,0,0,5,0,0,5,5,5,2,-1.2,2,-1.5,1,-1,3,1.3
S02000627,S02000669,0,0,3,0,3,0,0,3,3,1,-1,1,-1.1,1,3.3,2,1
S02000627,S02000670,10,13,3,0,-7,3,-10,26,16,8,0.7,11,3.6,5,-0.8,15,-3.1
S02000627,S02000672,0,0,0,31,0,0,31,31,31,10,-3.1,13,-3.6,6,-2.4,18,3.1
S02000627,S02000676,3,0,0,0,-3,-3,-3,3,0,1,2.1,1,1.5,1,-0.7,2,-1.3
S02000627,S02000679,0,0,0,4,0,0,4,4,4,1,-1.1,2,-1.3,1,-0.9,2,1.1
S02000627,S02000680,0,0,0,4,0,0,4,4,4,1,-1.1,2,-1.3,1,-0.9,2,1.1
S02000627,S02000681,0,0,0,6,0,0,6,6,6,2,-1.4,3,-1.6,1,-1.1,3,1.4
S02000627,S02000684,5,12,0,0,-5,7,-5,17,12,5,-0.1,7,3.6,3,-1.8,10,-3.1
S02000627,S02000685,0,0,0,5,0,0,5,5,5,2,-1.2,2,-1.5,1,-1,3,1.3
S02000627,S02000689,7,0,3,0,-4,-7,-7,10,3,3,2.2,4,1.3,2,0.8,6,-1.1
S02000627,S02000690,0,0,0,3,0,0,3,3,3,1,-1,1,-1.1,1,-0.7,2,1
S02000627,S02000691,8,0,0,6,-8,-8,-2,14,6,4,1.7,6,0.8,3,-1.6,8,-0.7
S02000627,S02000696,6,0,0,0,-6,-6,-6,6,0,2,3,3,2.2,1,-1.1,3,-1.9
S02000627,S02000707,3,0,0,0,-3,-3,-3,3,0,1,2.1,1,1.5,1,-0.7,2,-1.3
S02000627,S02000781,0,0,3,0,3,0,0,3,3,1,-1,1,-1.1,1,3.3,2,1
S02000627,S02000993,15,0,0,0,-15,-15,-15,15,0,5,4.8,6,3.4,3,-1.7,9,-2.9
S02000627,S02000999,3,0,0,5,-3,-3,2,8,5,2,0.3,3,-0.2,1,-1.2,5,0.2
S02000627,S02001000,17,0,4,22,-13,-17,5,43,26,13,1,18,-0.3,8,-1.4,25,0.3
S02000627,S02001004,0,0,0,3,0,0,3,3,3,1,-1,1,-1.1,1,-0.7,2,1
S02000627,S02001007,0,0,0,9,0,0,9,9,9,3,-1.7,4,-2,2,-1.3,5,1.7
S02000627,S02001010,17,8,5,13,-12,-9,-4,43,26,13,1,18,1.6,8,-1,25,-1.4
S02000627,S02001011,4,0,0,0,-4,-4,-4,4,0,1,2.5,2,1.8,1,-0.9,2,-1.5
S02000627,S02001013,10,33,6,28,-4,23,18,77,67,24,-2.9,33,1.8,14,-2.2,44,-1.5
S02000627,S02001014,0,4,0,0,0,4,0,4,4,1,-1.1,2,1.8,1,-0.9,2,-1.5
S02000627,S02001015,4,19,6,6,2,15,2,35,31,11,-2.1,15,2.1,6,-0.2,20,-1.8
S02000627,S02001016,5,0,0,7,-5,-5,2,12,7,4,0.7,5,0,2,-1.5,7,0
S02000627,S02001185,8,0,0,4,-8,-8,-4,12,4,4,2.2,5,1.3,2,-1.5,7,-1.1
S02000628,S02000264,3,0,0,0,-3,-3,-3,3,0,1,2.1,1,1.5,1,-0.7,2,-1.3
S02000628,S02000279,0,0,4,0,4,0,0,4,4,1,-1.1,2,-1.3,1,3.8,2,1.1
S02000628,S02000282,0,0,3,0,3,0,0,3,3,1,-1,1,-1.1,1,3.3,2,1
S02000628,S02000327,8,0,0,7,-8,-8,-1,15,7,5,1.5,6,0.6,3,-1.7,9,-0.6
S02000628,S02000328,3,0,0,0,-3,-3,-3,3,0,1,2.1,1,1.5,1,-0.7,2,-1.3
S02000628,S02000584,3,0,0,0,-3,-3,-3,3,0,1,2.1,1,1.5,1,-0.7,2,-1.3
S02000628,S02000588,7,0,0,0,-7,-7,-7,7,0,2,3.3,3,2.3,1,-1.1,4,-2
S02000628,S02000595,0,0,4,0,4,0,0,4,4,1,-1.1,2,-1.3,1,3.8,2,1.1
S02000628,S02000597,0,0,0,8,0,0,8,8,8,2,-1.6,3,-1.8,1,-1.2,5,1.6
S02000628,S02000598,4,0,0,4,-4,-4,0,8,4,2,1,3,0.3,1,-1.2,5,-0.3
S02000628,S02000599,0,4,0,0,0,4,0,4,4,1,-1.1,2,1.8,1,-0.9,2,-1.5
S02000628,S02000602,3,0,0,0,-3,-3,-3,3,0,1,2.1,1,1.5,1,-0.7,2,-1.3
S02000628,S02000603,0,0,0,4,0,0,4,4,4,1,-1.1,2,-1.3,1,-0.9,2,1.1
S02000628,S02000607,30,0,0,5,-30,-30,-25,35,5,11,5.8,15,3.9,6,-2.5,20,-3.4
S02000628,S02000609,0,0,0,6,0,0,6,6,6,2,-1.4,3,-1.6,1,-1.1,3,1.4
S02000628,S02000610,3,0,3,10,0,-3,7,16,13,5,-0.9,7,-1.5,3,0,9,1.3
S02000628,S02000611,4,0,0,0,-4,-4,-4,4,0,1,2.5,2,1.8,1,-0.9,2,-1.5
S02000628,S02000614,0,0,0,8,0,0,8,8,8,2,-1.6,3,-1.8,1,-1.2,5,1.6
S02000628,S02000615,5,0,3,5,-2,-5,0,13,8,4,0.5,6,-0.2,2,0.4,7,0.2
S02000628,S02000616,4,3,3,6,-1,-1,2,16,12,5,-0.4,7,0.1,3,0,9,-0.1
S02000628,S02000617,4,0,0,0,-4,-4,-4,4,0,1,2.5,2,1.8,1,-0.9,2,-1.5
S02000628,S02000620,0,0,0,3,0,0,3,3,3,1,-1,1,-1.1,1,-0.7,2,1
S02000628,S02000622,0,3,3,5,3,3,5,11,11,3,-1.9,5,-0.8,2,0.7,6,0.7
S02000628,S02000624,3,0,0,0,-3,-3,-3,3,0,1,2.1,1,1.5,1,-0.7,2,-1.3
S02000628,S02000628,45,15,9,58,-36,-30,13,127,82,40,0.9,54,0.8,23,-3,73,-0.7
S02000628,S02000629,0,5,0,0,0,5,0,5,5,2,-1.2,2,2,1,-1,3,-1.7
S02000628,S02000633,11,8,4,10,-7,-3,-1,33,22,10,0.2,14,1.3,6,-0.9,19,-1.1
S02000628,S02000634,58,7,15,41,-43,-51,-17,121,63,38,3.3,51,1.9,22,-1.6,70,-1.6
S02000628,S02000635,8,0,0,22,-8,-8,14,30,22,9,-0.4,13,-1.3,6,-2.4,17,1.1
S02000628,S02000642,3,0,0,0,-3,-3,-3,3,0,1,2.1,1,1.5,1,-0.7,2,-1.3
S02000628,S02000644,8,0,11,0,3,-8,-8,19,11,6,0.9,8,0,4,4,11,0
S02000628,S02000646,0,0,0,4,0,0,4,4,4,1,-1.1,2,-1.3,1,-0.9,2,1.1
S02000628,S02000648,0,3,0,0,0,3,0,3,3,1,-1,1,1.5,1,-0.7,2,-1.3
S02000628,S02000651,0,4,8,4,8,4,4,16,16,5,-2.2,7,-1.1,3,2.9,9,0.9
S02000628,S02000655,46,21,200,127,154,-25,81,394,348,123,-6.9,168,-7.8,73,14.9,226,6.7
S02000628,S02000656,4,4,0,3,-4,0,-1,11,7,3,0.3,5,1.5,2,-1.4,6,-1.3
S02000628,S02000658,54,8,33,118,-21,-46,64,213,159,66,-1.5,91,-3,39,-1,122,2.6
S02000628,S02000659,3,0,8,3,5,-3,0,14,11,4,-0.7,6,-1.2,3,3.4,8,1
S02000628,S02000660,12,5,0,0,-12,-7,-12,17,5,5,2.9,7,3.6,3,-1.8,10,-3.1
S02000628,S02000661,19,4,11,11,-8,-15,-8,45,26,14,1.3,19,0.9,8,0.9,26,-0.8
S02000628,S02000664,8,0,0,5,-8,-8,-3,13,5,4,2,6,1.1,2,-1.6,7,-0.9
S02000628,S02000665,0,0,5,4,5,0,4,9,9,3,-1.7,4,-2,2,2.6,5,1.7
S02000628,S02000666,0,0,0,4,0,0,4,4,4,1,-1.1,2,-1.3,1,-0.9,2,1.1
S02000628,S02000669,0,0,8,4,8,0,4,12,12,4,-1.9,5,-2.3,2,3.9,7,1.9
S02000628,S02000670,5,3,0,0,-5,-2,-5,8,3,2,1.6,3,2.5,1,-1.2,5,-2.1
S02000628,S02000672,0,0,0,12,0,0,12,12,12,4,-1.9,5,-2.3,2,-1.5,7,1.9
S02000628,S02000676,7,0,3,0,-4,-7,-7,10,3,3,2.2,4,1.3,2,0.8,6,-1.1
S02000628,S02000688,0,0,0,3,0,0,3,3,3,1,-1,1,-1.1,1,-0.7,2,1
S02000628,S02000689,9,0,0,8,-9,-9,-1,17,8,5,1.6,7,0.7,3,-1.8,10,-0.6
S02000628,S02000692,0,0,0,4,0,0,4,4,4,1,-1.1,2,-1.3,1,-0.9,2,1.1
S02000628,S02000693,3,0,0,0,-3,-3,-3,3,0,1,2.1,1,1.5,1,-0.7,2,-1.3
S02000628,S02000694,0,0,0,3,0,0,3,3,3,1,-1,1,-1.1,1,-0.7,2,1
S02000628,S02000710,0,0,7,0,7,0,0,7,7,2,-1.5,3,-1.7,1,5,4,1.5
S02000628,S02000716,3,0,0,0,-3,-3,-3,3,0,1,2.1,1,1.5,1,-0.7,2,-1.3
S02000628,S02001000,6,0,0,6,-6,-6,0,12,6,4,1.2,5,0.4,2,-1.5,7,-0.3
S02000628,S02001010,0,0,5,0,5,0,0,5,5,2,-1.2,2,-1.5,1,4.2,3,1.3
S02000628,S02001013,0,3,0,4,0,3,4,7,7,2,-1.5,3,0,1,-1.1,4,0
S02000628,S02001015,0,11,5,0,5,11,0,16,16,5,-2.2,7,1.6,3,1.2,9,-1.4
S02000628,S02001016,0,0,0,3,0,0,3,3,3,1,-1,1,-1.1,1,-0.7,2,1
S02000628,S02001157,0,6,0,0,0,6,0,6,6,2,-1.4,3,2.2,1,-1.1,3,-1.9
S02000628,S02001161,4,6,0,0,-4,2,-4,10,6,3,0.5,4,2.8,2,-1.4,6,-2.4
S02000628,S02001162,0,5,3,4,3,5,4,12,12,4,-1.9,5,0,2,0.5,7,0
S02000628,S02001185,0,0,4,3,4,0,3,7,7,2,-1.5,3,-1.7,1,2.4,4,1.5
S02000629,S02000585,5,0,0,0,-5,-5,-5,5,0,2,2.8,2,2,1,-1,3,-1.7
S02000629,S02000610,0,4,0,0,0,4,0,4,4,1,-1.1,2,1.8,1,-0.9,2,-1.5
S02000629,S02000611,8,13,7,9,-1,5,1,37,29,12,-1,16,1.3,7,0.1,21,-1.1
S02000629,S02000613,0,0,0,3,0,0,3,3,3,1,-1,1,-1.1,1,-0.7,2,1
S02000629,S02000620,8,0,0,0,-8,-8,-8,8,0,2,3.5,3,2.5,1,-1.2,5,-2.1
S02000629,S02000628,5,0,0,0,-5,-5,-5,5,0,2,2.8,2,2,1,-1,3,-1.7
S02000629,S02000629,12,29,0,13,-12,17,1,54,42,17,-1.2,23,3.8,10,-3.2,31,-3.2
S02000629,S02000630,4,0,0,6,-4,-4,2,10,6,3,0.5,4,-0.1,2,-1.4,6,0.1
S02000629,S02000632,0,0,0,5,0,0,5,5,5,2,-1.2,2,-1.5,1,-1,3,1.3
S02000629,S02000633,28,15,11,71,-17,-13,43,125,97,39,-1.8,53,-1.4,23,-2.5,72,1.2
S02000629,S02000634,6,0,0,7,-6,-6,1,13,7,4,1,6,0.2,2,-1.6,7,-0.2
S02000629,S02000635,5,0,0,8,-5,-5,3,13,8,4,0.5,6,-0.2,2,-1.6,7,0.2
S02000629,S02000640,3,0,0,4,-3,-3,1,7,4,2,0.6,3,0,1,-1.1,4,0
S02000629,S02000643,7,8,0,4,-7,1,-3,19,12,6,0.4,8,2.4,4,-1.9,11,-2.1
S02000629,S02000644,4,0,0,0,-4,-4,-4,4,0,1,2.5,2,1.8,1,-0.9,2,-1.5
S02000629,S02000646,0,0,0,3,0,0,3,3,3,1,-1,1,-1.1,1,-0.7,2,1
S02000629,S02000648,7,4,0,7,-7,-3,0,18,11,6,0.6,8,1.2,3,-1.8,10,-1
S02000629,S02000650,0,0,0,6,0,0,6,6,6,2,-1.4,3,-1.6,1,-1.1,3,1.4
S02000629,S02000651,0,0,4,0,4,0,0,4,4,1,-1.1,2,-1.3,1,3.8,2,1.1
S02000629,S02000652,0,0,0,3,0,0,3,3,3,1,-1,1,-1.1,1,-0.7,2,1
S02000629,S02000655,33,9,80,67,47,-24,34,189,156,59,-3.4,80,-4.3,35,7.6,109,3.7
S02000629,S02000656,0,6,0,0,0,6,0,6,6,2,-1.4,3,2.2,1,-1.1,3,-1.9
S02000629,S02000657,3,0,0,0,-3,-3,-3,3,0,1,2.1,1,1.5,1,-0.7,2,-1.3
S02000629,S02000658,40,5,9,47,-31,-35,7,101,61,31,1.5,43,0.3,19,-2.2,58,-0.3
S02000629,S02000659,3,0,3,3,0,-3,0,9,6,3,0.1,4,-0.4,2,1,5,0.4
S02000629,S02000660,9,0,0,0,-9,-9,-9,9,0,3,3.7,4,2.6,2,-1.3,5,-2.3
S02000629,S02000661,6,0,8,5,2,-6,-1,19,13,6,0,8,-0.7,4,2.4,11,0.6
S02000629,S02000663,6,12,0,7,-6,6,1,25,19,8,-0.6,11,2.3,5,-2.2,14,-1.9
S02000629,S02000664,5,3,0,0,-5,-2,-5,8,3,2,1.6,3,2.5,1,-1.2,5,-2.1
S02000629,S02000665,3,0,0,0,-3,-3,-3,3,0,1,2.1,1,1.5,1,-0.7,2,-1.3
S02000629,S02000666,0,0,0,3,0,0,3,3,3,1,-1,1,-1.1,1,-0.7,2,1
S02000629,S02000669,0,0,3,3,3,0,3,6,6,2,-1.4,3,-1.6,1,1.8,3,1.4
S02000629,S02000670,4,3,0,3,-4,-1,-1,10,6,3,0.5,4,1.3,2,-1.4,6,-1.1
S02000629,S02000672,0,0,0,7,0,0,7,7,7,2,-1.5,3,-1.7,1,-1.1,4,1.5
S02000629,S02000674,0,0,0,6,0,0,6,6,6,2,-1.4,3,-1.6,1,-1.1,3,1.4
S02000629,S02000676,4,3,0,5,-4,-1,1,12,8,4,0.1,5,0.8,2,-1.5,7,-0.7
S02000629,S02000680,0,0,0,5,0,0,5,5,5,2,-1.2,2,-1.5,1,-1,3,1.3
S02000629,S02000685,0,0,0,4,0,0,4,4,4,1,-1.1,2,-1.3,1,-0.9,2,1.1
S02000629,S02000689,13,0,0,3,-13,-13,-10,16,3,5,3.6,7,2.4,3,-1.7,9,-2
S02000629,S02000691,5,3,0,3,-5,-2,-2,11,6,3,0.9,5,1.5,2,-1.4,6,-1.3
S02000629,S02000998,3,0,0,0,-3,-3,-3,3,0,1,2.1,1,1.5,1,-0.7,2,-1.3
S02000629,S02001010,4,0,0,0,-4,-4,-4,4,0,1,2.5,2,1.8,1,-0.9,2,-1.5
S02000629,S02001015,0,3,0,0,0,3,0,3,3,1,-1,1,1.5,1,-0.7,2,-1.3
S02000629,S02001153,3,0,0,0,-3,-3,-3,3,0,1,2.1,1,1.5,1,-0.7,2,-1.3
S02000629,S02001157,0,9,0,0,0,9,0,9,9,3,-1.7,4,2.6,2,-1.3,5,-2.3
S02000629,S02001161,0,3,0,3,0,3,3,6,6,2,-1.4,3,0.3,1,-1.1,3,-0.2
S02000629,S02001185,5,0,0,5,-5,-5,0,10,5,3,1.1,4,0.4,2,-1.4,6,-0.3
S02000630,S02000588,3,0,0,0,-3,-3,-3,3,0,1,2.1,1,1.5,1,-0.7,2,-1.3
S02000630,S02000607,3,0,0,0,-3,-3,-3,3,0,1,2.1,1,1.5,1,-0.7,2,-1.3
S02000630,S02000611,9,24,0,22,-9,15,13,55,46,17,-2,23,2,10,-3.2,32,-1.7
S02000630,S02000613,4,0,0,0,-4,-4,-4,4,0,1,2.5,2,1.8,1,-0.9,2,-1.5
S02000630,S02000618,3,0,0,10,-3,-3,7,13,10,4,-0.5,6,-1.1,2,-1.6,7,0.9
S02000630,S02000619,0,0,0,4,0,0,4,4,4,1,-1.1,2,-1.3,1,-0.9,2,1.1
S02000630,S02000620,6,9,3,7,-3,3,1,25,19,8,-0.6,11,1.3,5,-0.8,14,-1.2
S02000630,S02000625,0,0,3,0,3,0,0,3,3,1,-1,1,-1.1,1,3.3,2,1
S02000630,S02000628,0,0,0,3,0,0,3,3,3,1,-1,1,-1.1,1,-0.7,2,1
S02000630,S02000629,11,25,0,3,-11,14,-8,39,28,12,-0.3,17,4.8,7,-2.7,22,-4.1
S02000630,S02000630,9,3,0,15,-9,-6,6,27,18,8,0.2,11,0.2,5,-2.2,16,-0.1
S02000630,S02000631,0,0,0,5,0,0,5,5,5,2,-1.2,2,-1.5,1,-1,3,1.3
S02000630,S02000632,8,5,0,22,-8,-3,14,35,27,11,-0.9,15,-0.5,6,-2.5,20,0.4
S02000630,S02000633,12,4,5,38,-7,-8,26,59,47,18,-1.5,25,-1.8,11,-1.8,34,1.6
S02000630,S02000634,6,0,0,5,-6,-6,-1,11,5,3,1.4,5,0.6,2,-1.4,6,-0.5
S02000630,S02000635,7,0,0,5,-7,-7,-2,12,5,4,1.7,5,0.8,2,-1.5,7,-0.7
S02000630,S02000636,0,0,0,5,0,0,5,5,5,2,-1.2,2,-1.5,1,-1,3,1.3
S02000630,S02000640,3,0,0,8,-3,-3,5,11,8,3,-0.2,5,-0.8,2,-1.4,6,0.7
S02000630,S02000642,3,0,0,0,-3,-3,-3,3,0,1,2.1,1,1.5,1,-0.7,2,-1.3
S02000630,S02000643,10,20,4,13,-6,10,3,47,37,15,-1.2,20,2.2,9,-1.6,27,-1.9
S02000630,S02000644,0,0,0,8,0,0,8,8,8,2,-1.6,3,-1.8,1,-1.2,5,1.6
S02000630,S02000646,0,0,0,3,0,0,3,3,3,1,-1,1,-1.1,1,-0.7,2,1
S02000630,S02000648,0,0,0,6,0,0,6,6,6,2,-1.4,3,-1.6,1,-1.1,3,1.4
S02000630,S02000649,0,3,0,0,0,3,0,3,3,1,-1,1,1.5,1,-0.7,2,-1.3
S02000630,S02000654,7,0,0,0,-7,-7,-7,7,0,2,3.3,3,2.3,1,-1.1,4,-2
S02000630,S02000655,30,3,40,62,10,-27,32,135,105,42,-1.9,57,-3.2,25,3,78,2.8
S02000630,S02000656,0,5,0,0,0,5,0,5,5,2,-1.2,2,2,1,-1,3,-1.7
S02000630,S02000657,3,0,0,4,-3,-3,1,7,4,2,0.6,3,0,1,-1.1,4,0
S02000630,S02000658,29,7,16,38,-13,-22,9,90,61,28,0.2,38,-0.4,17,-0.2,52,0.3
S02000630,S02000659,5,0,4,4,-1,-5,-1,13,8,4,0.5,6,-0.2,2,1,7,0.2
S02000630,S02000660,0,0,0,3,0,0,3,3,3,1,-1,1,-1.1,1,-0.7,2,1
S02000630,S02000661,4,0,6,10,2,-4,6,20,16,6,-0.9,9,-1.5,4,1.2,11,1.3
S02000630,S02000663,4,5,8,3,4,1,-1,20,16,6,-0.9,9,0.2,4,2.2,11,-0.1
S02000630,S02000664,4,0,0,4,-4,-4,0,8,4,2,1,3,0.3,1,-1.2,5,-0.3
S02000630,S02000665,0,0,0,3,0,0,3,3,3,1,-1,1,-1.1,1,-0.7,2,1
S02000630,S02000667,3,0,0,0,-3,-3,-3,3,0,1,2.1,1,1.5,1,-0.7,2,-1.3
S02000630,S02000670,11,12,0,0,-11,1,-11,23,12,7,1.4,10,4.2,4,-2.1,13,-3.6
S02000630,S02000672,0,0,0,8,0,0,8,8,8,2,-1.6,3,-1.8,1,-1.2,5,1.6
S02000630,S02000674,0,0,0,11,0,0,11,11,11,3,-1.9,5,-2.2,2,-1.4,6,1.9
S02000630,S02000676,5,0,0,7,-5,-5,2,12,7,4,0.7,5,0,2,-1.5,7,0
S02000630,S02000685,0,0,0,4,0,0,4,4,4,1,-1.1,2,-1.3,1,-0.9,2,1.1
S02000630,S02000687,0,0,0,3,0,0,3,3,3,1,-1,1,-1.1,1,-0.7,2,1
S02000630,S02000689,7,0,0,0,-7,-7,-7,7,0,2,3.3,3,2.3,1,-1.1,4,-2
S02000630,S02000691,4,0,0,0,-4,-4,-4,4,0,1,2.5,2,1.8,1,-0.9,2,-1.5
S02000630,S02000701,0,3,0,0,0,3,0,3,3,1,-1,1,1.5,1,-0.7,2,-1.3
S02000630,S02001010,6,0,0,0,-6,-6,-6,6,0,2,3,3,2.2,1,-1.1,3,-1.9
S02000630,S02001011,3,0,0,0,-3,-3,-3,3,0,1,2.1,1,1.5,1,-0.7,2,-1.3
S02000630,S02001013,0,0,0,3,0,0,3,3,3,1,-1,1,-1.1,1,-0.7,2,1
S02000630,S02001015,0,6,0,5,0,6,5,11,11,3,-1.9,5,0.6,2,-1.4,6,-0.5
S02000630,S02001157,0,0,0,3,0,0,3,3,3,1,-1,1,-1.1,1,-0.7,2,1
S02000630,S02001161,4,0,0,0,-4,-4,-4,4,0,1,2.5,2,1.8,1,-0.9,2,-1.5
S02000630,S02001162,0,4,0,3,0,4,3,7,7,2,-1.5,3,0.6,1,-1.1,4,-0.5
S02000630,S02001185,0,3,0,0,0,3,0,3,3,1,-1,1,1.5,1,-0.7,2,-1.3
S02000631,S02000324,0,0,0,3,0,0,3,3,3,1,-1,1,-1.1,1,-0.7,2,1
S02000631,S02000327,0,0,0,3,0,0,3,3,3,1,-1,1,-1.1,1,-0.7,2,1
S02000631,S02000590,0,0,0,3,0,0,3,3,3,1,-1,1,-1.1,1,-0.7,2,1
S02000631,S02000596,0,0,0,3,0,0,3,3,3,1,-1,1,-1.1,1,-0.7,2,1
S02000631,S02000597,0,0,0,8,0,0,8,8,8,2,-1.6,3,-1.8,1,-1.2,5,1.6
S02000631,S02000603,0,0,0,7,0,0,7,7,7,2,-1.5,3,-1.7,1,-1.1,4,1.5
S02000631,S02000607,14,0,0,0,-14,-14,-14,14,0,4,4.6,6,3.3,3,-1.6,8,-2.8
S02000631,S02000608,4,0,0,3,-4,-4,-1,7,3,2,1.2,3,0.6,1,-1.1,4,-0.5
S02000631,S02000609,0,0,0,5,0,0,5,5,5,2,-1.2,2,-1.5,1,-1,3,1.3
S02000631,S02000611,0,3,0,0,0,3,0,3,3,1,-1,1,1.5,1,-0.7,2,-1.3
S02000631,S02000612,4,0,0,6,-4,-4,2,10,6,3,0.5,4,-0.1,2,-1.4,6,0.1
S02000631,S02000614,4,0,0,8,-4,-4,4,12,8,4,0.1,5,-0.5,2,-1.5,7,0.4
S02000631,S02000621,0,0,0,3,0,0,3,3,3,1,-1,1,-1.1,1,-0.7,2,1
S02000631,S02000622,6,0,0,7,-6,-6,1,13,7,4,1,6,0.2,2,-1.6,7,-0.2
S02000631,S02000624,0,0,3,8,3,0,8,11,11,3,-1.9,5,-2.2,2,0.7,6,1.9
S02000631,S02000625,0,0,0,7,0,0,7,7,7,2,-1.5,3,-1.7,1,-1.1,4,1.5
S02000631,S02000627,4,0,0,0,-4,-4,-4,4,0,1,2.5,2,1.8,1,-0.9,2,-1.5
S02000631,S02000628,4,0,0,0,-4,-4,-4,4,0,1,2.5,2,1.8,1,-0.9,2,-1.5
S02000631,S02000631,0,6,5,9,5,6,9,20,20,6,-2.5,9,-0.9,4,0.7,11,0.7
S02000631,S02000633,3,6,0,0,-3,3,-3,9,6,3,0.1,4,2.6,2,-1.3,5,-2.3
S02000631,S02000634,14,0,10,19,-4,-14,5,43,29,13,0.2,18,-1,8,0.7,25,0.9
S02000631,S02000635,0,0,0,5,0,0,5,5,5,2,-1.2,2,-1.5,1,-1,3,1.3
S02000631,S02000637,0,0,0,7,0,0,7,7,7,2,-1.5,3,-1.7,1,-1.1,4,1.5
S02000631,S02000638,0,0,0,3,0,0,3,3,3,1,-1,1,-1.1,1,-0.7,2,1
S02000631,S02000642,7,3,0,7,-7,-4,0,17,10,5,0.7,7,1,3,-1.8,10,-0.9
S02000631,S02000644,7,0,8,14,1,-7,7,29,22,9,-0.7,12,-1.5,5,1.1,17,1.3
S02000631,S02000649,0,0,3,0,3,0,0,3,3,1,-1,1,-1.1,1,3.3,2,1
S02000631,S02000651,7,3,6,0,-1,-4,-7,16,9,5,0.9,7,1.2,3,1.8,9,-1.1
S02000631,S02000655,28,5,100,64,72,-23,36,197,169,61,-4.3,84,-5.5,36,10.5,113,4.8
S02000631,S02000656,5,7,0,13,-5,2,8,25,20,8,-1,11,0.4,5,-2.2,14,-0.4
S02000631,S02000658,25,0,21,48,-4,-25,23,94,69,29,-0.8,40,-2.4,17,0.9,54,2
S02000631,S02000659,0,0,6,0,6,0,0,6,6,2,-1.4,3,-1.6,1,4.6,3,1.4
S02000631,S02000660,25,0,5,3,-20,-25,-22,33,8,10,4.6,14,2.9,6,-0.4,19,-2.5
S02000631,S02000661,12,0,15,6,3,-12,-6,33,21,10,0.5,14,-0.5,6,3.6,19,0.5
S02000631,S02000663,0,0,0,3,0,0,3,3,3,1,-1,1,-1.1,1,-0.7,2,1
S02000631,S02000664,5,0,0,3,-5,-5,-2,8,3,2,1.6,3,0.9,1,-1.2,5,-0.7
S02000631,S02000665,0,0,8,9,8,0,9,17,17,5,-2.3,7,-2.7,3,2.7,10,2.3
S02000631,S02000668,0,0,0,3,0,0,3,3,3,1,-1,1,-1.1,1,-0.7,2,1
S02000631,S02000669,3,0,0,3,-3,-3,0,6,3,2,0.8,3,0.3,1,-1.1,3,-0.2
S02000631,S02000672,0,0,0,17,0,0,17,17,17,5,-2.3,7,-2.7,3,-1.8,10,2.3
S02000631,S02000675,0,0,0,5,0,0,5,5,5,2,-1.2,2,-1.5,1,-1,3,1.3
S02000631,S02000676,0,0,4,3,4,0,3,7,7,2,-1.5,3,-1.7,1,2.4,4,1.5
S02000631,S02000684,0,6,0,0,0,6,0,6,6,2,-1.4,3,2.2,1,-1.1,3,-1.9
S02000631,S02000685,0,0,0,3,0,0,3,3,3,1,-1,1,-1.1,1,-0.7,2,1
S02000631,S02000686,0,0,0,3,0,0,3,3,3,1,-1,1,-1.1,1,-0.7,2,1
S02000631,S02000689,6,0,0,7,-6,-6,1,13,7,4,1,6,0.2,2,-1.6,7,-0.2
S02000631,S02000690,3,0,0,0,-3,-3,-3,3,0,1,2.1,1,1.5,1,-0.7,2,-1.3
S02000631,S02000691,3,0,0,0,-3,-3,-3,3,0,1,2.1,1,1.5,1,-0.7,2,-1.3
S02000631,S02000694,0,0,0,3,0,0,3,3,3,1,-1,1,-1.1,1,-0.7,2,1
S02000631,S02000695,0,0,3,0,3,0,0,3,3,1,-1,1,-1.1,1,3.3,2,1
S02000631,S02000701,0,0,0,3,0,0,3,3,3,1,-1,1,-1.1,1,-0.7,2,1
S02000631,S02000702,0,0,0,6,0,0,6,6,6,2,-1.4,3,-1.6,1,-1.1,3,1.4
S02000631,S02000710,0,0,3,0,3,0,0,3,3,1,-1,1,-1.1,1,3.3,2,1
S02000631,S02000993,5,0,0,0,-5,-5,-5,5,0,2,2.8,2,2,1,-1,3,-1.7
S02000631,S02000997,0,0,0,3,0,0,3,3,3,1,-1,1,-1.1,1,-0.7,2,1
S02000631,S02000999,0,0,3,0,3,0,0,3,3,1,-1,1,-1.1,1,3.3,2,1
S02000631,S02001000,4,0,3,8,-1,-4,4,15,11,5,-0.3,6,-0.9,3,0.1,9,0.8
S02000631,S02001010,7,0,0,3,-7,-7,-4,10,3,3,2.2,4,1.3,2,-1.4,6,-1.1
S02000631,S02001013,3,8,7,17,4,5,14,35,32,11,-2.4,15,-1,6,0.2,20,0.9
S02000631,S02001014,0,3,0,0,0,3,0,3,3,1,-1,1,1.5,1,-0.7,2,-1.3
S02000631,S02001015,0,4,0,3,0,4,3,7,7,2,-1.5,3,0.6,1,-1.1,4,-0.5
S02000631,S02001160,0,0,0,3,0,0,3,3,3,1,-1,1,-1.1,1,-0.7,2,1
S02000631,S02001185,5,0,0,9,-5,-5,4,14,9,4,0.3,6,-0.4,3,-1.6,8,0.3
S02000632,S02000260,0,3,0,0,0,3,0,3,3,1,-1,1,1.5,1,-0.7,2,-1.3
S02000632,S02000597,0,0,0,3,0,0,3,3,3,1,-1,1,-1.1,1,-0.7,2,1
S02000632,S02000599,3,0,0,0,-3,-3,-3,3,0,1,2.1,1,1.5,1,-0.7,2,-1.3
S02000632,S02000603,0,0,0,3,0,0,3,3,3,1,-1,1,-1.1,1,-0.7,2,1
S02000632,S02000606,0,0,0,3,0,0,3,3,3,1,-1,1,-1.1,1,-0.7,2,1
S02000632,S02000607,3,0,0,0,-3,-3,-3,3,0,1,2.1,1,1.5,1,-0.7,2,-1.3
S02000632,S02000610,3,0,0,0,-3,-3,-3,3,0,1,2.1,1,1.5,1,-0.7,2,-1.3
S02000632,S02000611,6,5,0,5,-6,-1,-1,16,10,5,0.5,7,1.6,3,-1.7,9,-1.4
S02000632,S02000613,6,7,0,11,-6,1,5,24,18,7,-0.5,10,0.9,4,-2.1,14,-0.8
S02000632,S02000618,5,0,0,9,-5,-5,4,14,9,4,0.3,6,-0.4,3,-1.6,8,0.3
S02000632,S02000619,0,0,0,3,0,0,3,3,3,1,-1,1,-1.1,1,-0.7,2,1
S02000632,S02000620,5,7,0,9,-5,2,4,21,16,7,-0.6,9,1,4,-2,12,-0.9
S02000632,S02000628,3,0,0,0,-3,-3,-3,3,0,1,2.1,1,1.5,1,-0.7,2,-1.3
S02000632,S02000629,0,16,5,0,5,16,0,21,21,7,-2.6,9,2.4,4,0.6,12,-2
S02000632,S02000630,0,0,0,5,0,0,5,5,5,2,-1.2,2,-1.5,1,-1,3,1.3
S02000632,S02000632,9,9,0,38,-9,0,29,56,47,17,-2,24,-1.2,10,-3.2,32,1
S02000632,S02000633,26,11,6,36,-20,-15,10,79,53,25,0.3,34,0.6,15,-2.3,45,-0.5
S02000632,S02000634,9,3,0,6,-9,-6,-3,18,9,6,1.4,8,1.6,3,-1.8,10,-1.4
S02000632,S02000635,10,3,0,4,-10,-7,-6,17,7,5,2,7,2.1,3,-1.8,10,-1.8
S02000632,S02000636,0,0,3,3,3,0,3,6,6,2,-1.4,3,-1.6,1,1.8,3,1.4
S02000632,S02000640,5,0,0,6,-5,-5,1,11,6,3,0.9,5,0.1,2,-1.4,6,-0.1
S02000632,S02000643,17,7,3,7,-14,-10,-10,34,17,11,2,14,2.5,6,-1.3,20,-2.2
S02000632,S02000644,3,0,0,0,-3,-3,-3,3,0,1,2.1,1,1.5,1,-0.7,2,-1.3
S02000632,S02000646,4,0,0,8,-4,-4,4,12,8,4,0.1,5,-0.5,2,-1.5,7,0.4
S02000632,S02000647,3,0,0,0,-3,-3,-3,3,0,1,2.1,1,1.5,1,-0.7,2,-1.3
S02000632,S02000648,6,0,0,12,-6,-6,6,18,12,6,0.2,8,-0.6,3,-1.8,10,0.5
S02000632,S02000651,0,0,6,0,6,0,0,6,6,2,-1.4,3,-1.6,1,4.6,3,1.4
S02000632,S02000652,0,0,0,9,0,0,9,9,9,3,-1.7,4,-2,2,-1.3,5,1.7
S02000632,S02000654,12,0,0,0,-12,-12,-12,12,0,4,4.3,5,3.1,2,-1.5,7,-2.6
S02000632,S02000655,38,10,81,59,43,-28,21,188,150,59,-2.7,80,-3.6,35,7.8,108,3.1
S02000632,S02000656,6,6,0,0,-6,0,-6,12,6,4,1.2,5,3.1,2,-1.5,7,-2.6
S02000632,S02000658,41,5,17,42,-24,-36,1,105,64,33,1.5,45,0.2,19,-0.6,60,-0.2
S02000632,S02000659,0,0,0,6,0,0,6,6,6,2,-1.4,3,-1.6,1,-1.1,3,1.4
S02000632,S02000660,3,4,3,0,0,1,-3,10,7,3,-0.1,4,1.3,2,0.8,6,-1.1
S02000632,S02000661,3,0,7,0,4,-3,-3,10,7,3,-0.1,4,-0.6,2,3.8,6,0.5
S02000632,S02000662,0,0,0,4,0,0,4,4,4,1,-1.1,2,-1.3,1,-0.9,2,1.1
S02000632,S02000663,3,9,0,14,-3,6,11,26,23,8,-1.8,11,0.3,5,-2.2,15,-0.2
S02000632,S02000664,6,0,0,0,-6,-6,-6,6,0,2,3,3,2.2,1,-1.1,3,-1.9
S02000632,S02000665,0,0,3,5,3,0,5,8,8,2,-1.6,3,-1.8,1,1.2,5,1.6
S02000632,S02000666,0,0,0,3,0,0,3,3,3,1,-1,1,-1.1,1,-0.7,2,1
S02000632,S02000667,4,0,0,0,-4,-4,-4,4,0,1,2.5,2,1.8,1,-0.9,2,-1.5
S02000632,S02000670,9,9,3,4,-6,0,-5,25,16,8,0.4,11,2.3,5,-0.8,14,-1.9
S02000632,S02000672,0,0,0,11,0,0,11,11,11,3,-1.9,5,-2.2,2,-1.4,6,1.9
S02000632,S02000674,6,0,0,14,-6,-6,8,20,14,6,-0.1,9,-0.9,4,-1.9,11,0.7
S02000632,S02000676,10,0,0,3,-10,-10,-7,13,3,4,3,6,1.9,2,-1.6,7,-1.6
S02000632,S02000684,4,4,0,3,-4,0,-1,11,7,3,0.3,5,1.5,2,-1.4,6,-1.3
S02000632,S02000689,7,0,0,3,-7,-7,-4,10,3,3,2.2,4,1.3,2,-1.4,6,-1.1
S02000632,S02000691,6,0,0,4,-6,-6,-2,10,4,3,1.6,4,0.8,2,-1.4,6,-0.7
S02000632,S02000694,3,0,0,0,-3,-3,-3,3,0,1,2.1,1,1.5,1,-0.7,2,-1.3
S02000632,S02000696,4,0,0,0,-4,-4,-4,4,0,1,2.5,2,1.8,1,-0.9,2,-1.5
S02000632,S02000710,0,3,0,0,0,3,0,3,3,1,-1,1,1.5,1,-0.7,2,-1.3
S02000632,S02000923,3,0,0,0,-3,-3,-3,3,0,1,2.1,1,1.5,1,-0.7,2,-1.3
S02000632,S02000925,0,0,3,0,3,0,0,3,3,1,-1,1,-1.1,1,3.3,2,1
S02000632,S02001010,4,3,0,0,-4,-1,-4,7,3,2,1.2,3,2.3,1,-1.1,4,-2
S02000632,S02001013,0,3,0,0,0,3,0,3,3,1,-1,1,1.5,1,-0.7,2,-1.3
S02000632,S02001015,0,3,0,0,0,3,0,3,3,1,-1,1,1.5,1,-0.7,2,-1.3
S02000633,S02000270,0,0,6,0,6,0,0,6,6,2,-1.4,3,-1.6,1,4.6,3,1.4
S02000633,S02000281,3,0,0,0,-3,-3,-3,3,0,1,2.1,1,1.5,1,-0.7,2,-1.3
S02000633,S02000328,4,0,0,0,-4,-4,-4,4,0,1,2.5,2,1.8,1,-0.9,2,-1.5
S02000633,S02000585,4,0,0,0,-4,-4,-4,4,0,1,2.5,2,1.8,1,-0.9,2,-1.5
S02000633,S02000590,4,0,0,0,-4,-4,-4,4,0,1,2.5,2,1.8,1,-0.9,2,-1.5
S02000633,S02000611,0,7,0,8,0,7,8,15,15,5,-2.2,6,0.2,3,-1.7,9,-0.2
S02000633,S02000619,3,3,4,9,1,0,6,19,16,6,-1.2,8,-0.7,4,0.3,11,0.6
S02000633,S02000620,7,3,0,6,-7,-4,-1,16,9,5,0.9,7,1.2,3,-1.7,9,-1.1
S02000633,S02000622,0,0,0,3,0,0,3,3,3,1,-1,1,-1.1,1,-0.7,2,1
S02000633,S02000625,0,0,3,4,3,0,4,7,7,2,-1.5,3,-1.7,1,1.5,4,1.5
S02000633,S02000628,4,5,0,7,-4,1,3,16,12,5,-0.4,7,0.8,3,-1.7,9,-0.7
S02000633,S02000629,5,16,0,0,-5,11,-5,21,16,7,-0.6,9,4,4,-2,12,-3.5
S02000633,S02000630,4,0,0,3,-4,-4,-1,7,3,2,1.2,3,0.6,1,-1.1,4,-0.5
S02000633,S02000632,0,0,0,12,0,0,12,12,12,4,-1.9,5,-2.3,2,-1.5,7,1.9
S02000633,S02000633,34,32,16,93,-18,-2,59,175,141,55,-2.8,74,-1,32,-2.9,101,0.8
S02000633,S02000634,12,0,0,13,-12,-12,1,25,13,8,1.5,11,0.4,5,-2.2,14,-0.4
S02000633,S02000635,9,9,6,10,-3,0,1,34,25,11,-0.5,14,0.9,6,-0.1,20,-0.8
S02000633,S02000636,4,0,0,0,-4,-4,-4,4,0,1,2.5,2,1.8,1,-0.9,2,-1.5
S02000633,S02000641,3,0,0,0,-3,-3,-3,3,0,1,2.1,1,1.5,1,-0.7,2,-1.3
S02000633,S02000642,3,0,0,0,-3,-3,-3,3,0,1,2.1,1,1.5,1,-0.7,2,-1.3
S02000633,S02000643,6,14,8,6,2,8,0,34,28,11,-1.4,14,1.5,6,0.7,20,-1.3
S02000633,S02000644,3,0,0,0,-3,-3,-3,3,0,1,2.1,1,1.5,1,-0.7,2,-1.3
S02000633,S02000647,0,0,0,8,0,0,8,8,8,2,-1.6,3,-1.8,1,-1.2,5,1.6
S02000633,S02000648,0,0,0,13,0,0,13,13,13,4,-2,6,-2.4,2,-1.6,7,2
S02000633,S02000651,0,0,4,0,4,0,0,4,4,1,-1.1,2,-1.3,1,3.8,2,1.1
S02000633,S02000655,37,13,79,100,42,-24,63,229,192,71,-4.1,97,-4.8,42,5.6,132,4.1
S02000633,S02000656,4,5,0,3,-4,1,-1,12,8,4,0.1,5,1.7,2,-1.5,7,-1.5
S02000633,S02000658,51,0,25,76,-26,-51,25,152,101,47,0.5,65,-1.7,28,-0.6,87,1.5
S02000633,S02000659,6,0,0,6,-6,-6,0,12,6,4,1.2,5,0.4,2,-1.5,7,-0.3
S02000633,S02000660,5,0,0,0,-5,-5,-5,5,0,2,2.8,2,2,1,-1,3,-1.7
S02000633,S02000661,0,0,8,7,8,0,7,15,15,5,-2.2,6,-2.5,3,3.1,9,2.2
S02000633,S02000663,4,16,0,0,-4,12,-4,20,16,6,-0.9,9,3.9,4,-1.9,11,-3.4
S02000633,S02000664,3,0,0,0,-3,-3,-3,3,0,1,2.1,1,1.5,1,-0.7,2,-1.3
S02000633,S02000666,0,0,0,3,0,0,3,3,3,1,-1,1,-1.1,1,-0.7,2,1
S02000633,S02000668,0,0,0,4,0,0,4,4,4,1,-1.1,2,-1.3,1,-0.9,2,1.1
S02000633,S02000669,0,0,7,5,7,0,5,12,12,4,-1.9,5,-2.3,2,3.2,7,1.9
S02000633,S02000670,10,8,4,0,-6,-2,-10,22,12,7,1.2,9,2.8,4,0,13,-2.4
S02000633,S02000672,0,0,0,14,0,0,14,14,14,4,-2.1,6,-2.4,3,-1.6,8,2.1
S02000633,S02000674,3,0,0,6,-3,-3,3,9,6,3,0.1,4,-0.4,2,-1.3,5,0.4
S02000633,S02000676,4,0,3,5,-1,-4,1,12,8,4,0.1,5,-0.5,2,0.5,7,0.4
S02000633,S02000689,9,0,0,3,-9,-9,-6,12,3,4,2.7,5,1.7,2,-1.5,7,-1.5
S02000633,S02000691,7,7,0,0,-7,0,-7,14,7,4,1.3,6,3.3,3,-1.6,8,-2.8
S02000633,S02000696,0,0,0,4,0,0,4,4,4,1,-1.1,2,-1.3,1,-0.9,2,1.1
S02000633,S02000711,0,0,0,3,0,0,3,3,3,1,-1,1,-1.1,1,-0.7,2,1
S02000633,S02000998,0,5,0,0,0,5,0,5,5,2,-1.2,2,2,1,-1,3,-1.7
S02000633,S02001000,3,0,0,9,-3,-3,6,12,9,4,-0.4,5,-0.9,2,-1.5,7,0.8
S02000633,S02001010,3,0,0,3,-3,-3,0,6,3,2,0.8,3,0.3,1,-1.1,3,-0.2
S02000633,S02001013,3,11,0,8,-3,8,5,22,19,7,-1.5,9,1.5,4,-2,13,-1.3
S02000633,S02001014,0,0,0,4,0,0,4,4,4,1,-1.1,2,-1.3,1,-0.9,2,1.1
S02000633,S02001015,0,15,0,0,0,15,0,15,15,5,-2.2,6,3.4,3,-1.7,9,-2.9
S02000633,S02001154,0,0,0,8,0,0,8,8,8,2,-1.6,3,-1.8,1,-1.2,5,1.6
S02000633,S02001157,0,5,0,0,0,5,0,5,5,2,-1.2,2,2,1,-1,3,-1.7
S02000633,S02001161,0,0,0,3,0,0,3,3,3,1,-1,1,-1.1,1,-0.7,2,1
S02000633,S02001162,0,0,0,10,0,0,10,10,10,3,-1.8,4,-2.1,2,-1.4,6,1.8
S02000634,S02000270,0,0,3,0,3,0,0,3,3,1,-1,1,-1.1,1,3.3,2,1
S02000634,S02000313,0,0,0,3,0,0,3,3,3,1,-1,1,-1.1,1,-0.7,2,1
S02000634,S02000597,0,0,0,7,0,0,7,7,7,2,-1.5,3,-1.7,1,-1.1,4,1.5
S02000634,S02000598,0,0,0,4,0,0,4,4,4,1,-1.1,2,-1.3,1,-0.9,2,1.1
S02000634,S02000599,5,0,0,0,-5,-5,-5,5,0,2,2.8,2,2,1,-1,3,-1.7
S02000634,S02000603,0,0,0,5,0,0,5,5,5,2,-1.2,2,-1.5,1,-1,3,1.3
S02000634,S02000607,16,0,0,0,-16,-16,-16,16,0,5,4.9,7,3.5,3,-1.7,9,-3
S02000634,S02000609,0,0,0,4,0,0,4,4,4,1,-1.1,2,-1.3,1,-0.9,2,1.1
S02000634,S02000611,0,0,0,3,0,0,3,3,3,1,-1,1,-1.1,1,-0.7,2,1
S02000634,S02000612,0,0,0,8,0,0,8,8,8,2,-1.6,3,-1.8,1,-1.2,5,1.6
S02000634,S02000614,7,0,0,3,-7,-7,-4,10,3,3,2.2,4,1.3,2,-1.4,6,-1.1
S02000634,S02000615,5,0,0,3,-5,-5,-2,8,3,2,1.6,3,0.9,1,-1.2,5,-0.7
S02000634,S02000622,0,0,0,5,0,0,5,5,5,2,-1.2,2,-1.5,1,-1,3,1.3
S02000634,S02000625,4,0,5,9,1,-4,5,18,14,6,-0.7,8,-1.3,3,0.9,10,1.1
S02000634,S02000628,5,0,10,17,5,-5,12,32,27,10,-1.6,14,-2.3,6,1.7,18,2
S02000634,S02000631,0,0,7,11,7,0,11,18,18,6,-2.4,8,-2.8,3,2,10,2.4
S02000634,S02000633,6,3,0,8,-6,-3,2,17,11,5,0.3,7,0.7,3,-1.8,10,-0.6
S02000634,S02000634,20,6,11,27,-9,-14,7,64,44,20,0,27,-0.2,12,-0.2,37,0.2
S02000634,S02000635,4,0,0,9,-4,-4,5,13,9,4,0,6,-0.7,2,-1.6,7,0.6
S02000634,S02000637,3,0,0,0,-3,-3,-3,3,0,1,2.1,1,1.5,1,-0.7,2,-1.3
S02000634,S02000642,4,0,0,0,-4,-4,-4,4,0,1,2.5,2,1.8,1,-0.9,2,-1.5
S02000634,S02000644,0,0,10,0,10,0,0,10,10,3,-1.8,4,-2.1,2,6,6,1.8
S02000634,S02000646,0,0,0,3,0,0,3,3,3,1,-1,1,-1.1,1,-0.7,2,1
S02000634,S02000651,7,3,10,4,3,-4,-3,24,17,7,-0.2,10,-0.1,4,2.6,14,0.1
S02000634,S02000655,43,12,236,147,193,-31,104,438,395,136,-8,186,-9.6,81,17.2,252,8.3
S02000634,S02000656,3,12,0,0,-3,9,-3,15,12,5,-0.8,6,3.4,3,-1.7,9,-2.9
S02000634,S02000658,44,9,31,143,-13,-35,99,227,183,71,-3.2,97,-4.4,42,-1.7,130,3.8
S02000634,S02000659,0,0,0,5,0,0,5,5,5,2,-1.2,2,-1.5,1,-1,3,1.3
S02000634,S02000660,4,0,0,3,-4,-4,-1,7,3,2,1.2,3,0.6,1,-1.1,4,-0.5
S02000634,S02000661,5,3,26,12,21,-2,7,46,41,14,-2.5,20,-2.6,9,6,26,2.2
S02000634,S02000663,0,0,0,5,0,0,5,5,5,2,-1.2,2,-1.5,1,-1,3,1.3
S02000634,S02000664,3,0,0,3,-3,-3,0,6,3,2,0.8,3,0.3,1,-1.1,3,-0.2
S02000634,S02000665,3,0,3,6,0,-3,3,12,9,4,-0.4,5,-0.9,2,0.5,7,0.8
S02000634,S02000668,0,0,0,3,0,0,3,3,3,1,-1,1,-1.1,1,-0.7,2,1
S02000634,S02000669,0,0,9,0,9,0,0,9,9,3,-1.7,4,-2,2,5.7,5,1.7
S02000634,S02000670,4,4,0,3,-4,0,-1,11,7,3,0.3,5,1.5,2,-1.4,6,-1.3
S02000634,S02000672,3,3,7,33,4,0,30,46,43,14,-3,20,-3.1,9,-0.5,26,2.6
S02000634,S02000676,5,0,0,0,-5,-5,-5,5,0,2,2.8,2,2,1,-1,3,-1.7
S02000634,S02000684,0,7,0,0,0,7,0,7,7,2,-1.5,3,2.3,1,-1.1,4,-2
S02000634,S02000685,0,0,0,4,0,0,4,4,4,1,-1.1,2,-1.3,1,-0.9,2,1.1
S02000634,S02000687,3,0,0,0,-3,-3,-3,3,0,1,2.1,1,1.5,1,-0.7,2,-1.3
S02000634,S02000689,18,0,0,16,-18,-18,-2,34,16,11,2.3,14,0.9,6,-2.5,20,-0.8
S02000634,S02000691,6,0,0,0,-6,-6,-6,6,0,2,3,3,2.2,1,-1.1,3,-1.9
S02000634,S02000695,0,0,3,0,3,0,0,3,3,1,-1,1,-1.1,1,3.3,2,1
S02000634,S02000705,0,0,3,0,3,0,0,3,3,1,-1,1,-1.1,1,3.3,2,1
S02000634,S02000779,0,0,0,6,0,0,6,6,6,2,-1.4,3,-1.6,1,-1.1,3,1.4
S02000634,S02000781,3,0,0,6,-3,-3,3,9,6,3,0.1,4,-0.4,2,-1.3,5,0.4
S02000634,S02000983,0,0,0,3,0,0,3,3,3,1,-1,1,-1.1,1,-0.7,2,1
S02000634,S02000993,3,0,0,0,-3,-3,-3,3,0,1,2.1,1,1.5,1,-0.7,2,-1.3
S02000634,S02001000,5,0,4,11,-1,-5,6,20,15,6,-0.5,9,-1.2,4,0.2,11,1
S02000634,S02001010,7,0,0,0,-7,-7,-7,7,0,2,3.3,3,2.3,1,-1.1,4,-2
S02000634,S02001013,0,3,0,5,0,3,5,8,8,2,-1.6,3,-0.2,1,-1.2,5,0.2
S02000634,S02001014,3,0,0,0,-3,-3,-3,3,0,1,2.1,1,1.5,1,-0.7,2,-1.3
S02000634,S02001015,0,8,0,0,0,8,0,8,8,2,-1.6,3,2.5,1,-1.2,5,-2.1
S02000634,S02001016,0,5,0,0,0,5,0,5,5,2,-1.2,2,2,1,-1,3,-1.7
S02000634,S02001157,0,4,0,0,0,4,0,4,4,1,-1.1,2,1.8,1,-0.9,2,-1.5
S02000634,S02001185,6,6,4,4,-2,0,-2,20,14,6,-0.1,9,1.2,4,0.2,11,-1
S02000634,S02001192,0,0,0,4,0,0,4,4,4,1,-1.1,2,-1.3,1,-0.9,2,1.1
S02000635,S02000260,0,0,0,3,0,0,3,3,3,1,-1,1,-1.1,1,-0.7,2,1
S02000635,S02000264,0,0,0,4,0,0,4,4,4,1,-1.1,2,-1.3,1,-0.9,2,1.1
S02000635,S02000269,0,0,0,3,0,0,3,3,3,1,-1,1,-1.1,1,-0.7,2,1
S02000635,S02000281,0,4,0,4,0,4,4,8,8,2,-1.6,3,0.3,1,-1.2,5,-0.3
S02000635,S02000324,0,0,0,3,0,0,3,3,3,1,-1,1,-1.1,1,-0.7,2,1
S02000635,S02000327,0,0,0,3,0,0,3,3,3,1,-1,1,-1.1,1,-0.7,2,1
S02000635,S02000597,0,0,3,5,3,0,5,8,8,2,-1.6,3,-1.8,1,1.2,5,1.6
S02000635,S02000599,7,3,0,0,-7,-4,-7,10,3,3,2.2,4,2.8,2,-1.4,6,-2.4
S02000635,S02000602,0,0,0,3,0,0,3,3,3,1,-1,1,-1.1,1,-0.7,2,1
S02000635,S02000603,0,0,0,4,0,0,4,4,4,1,-1.1,2,-1.3,1,-0.9,2,1.1
S02000635,S02000604,5,0,0,0,-5,-5,-5,5,0,2,2.8,2,2,1,-1,3,-1.7
S02000635,S02000607,8,0,0,0,-8,-8,-8,8,0,2,3.5,3,2.5,1,-1.2,5,-2.1
S02000635,S02000608,3,0,0,0,-3,-3,-3,3,0,1,2.1,1,1.5,1,-0.7,2,-1.3
S02000635,S02000610,9,0,0,4,-9,-9,-5,13,4,4,2.5,6,1.5,2,-1.6,7,-1.3
S02000635,S02000611,5,10,0,7,-5,5,2,22,17,7,-0.7,9,1.8,4,-2,13,-1.6
S02000635,S02000613,0,0,0,4,0,0,4,4,4,1,-1.1,2,-1.3,1,-0.9,2,1.1
S02000635,S02000615,0,3,0,0,0,3,0,3,3,1,-1,1,1.5,1,-0.7,2,-1.3
S02000635,S02000619,6,0,0,8,-6,-6,2,14,8,4,0.8,6,0,3,-1.6,8,0
S02000635,S02000620,0,6,0,0,0,6,0,6,6,2,-1.4,3,2.2,1,-1.1,3,-1.9
S02000635,S02000622,0,0,0,8,0,0,8,8,8,2,-1.6,3,-1.8,1,-1.2,5,1.6
S02000635,S02000625,0,0,0,8,0,0,8,8,8,2,-1.6,3,-1.8,1,-1.2,5,1.6
S02000635,S02000626,0,0,0,4,0,0,4,4,4,1,-1.1,2,-1.3,1,-0.9,2,1.1
S02000635,S02000628,14,6,4,9,-10,-8,-5,33,19,10,1.2,14,1.6,6,-0.9,19,-1.4
S02000635,S02000629,0,3,0,0,0,3,0,3,3,1,-1,1,1.5,1,-0.7,2,-1.3
S02000635,S02000632,5,4,0,3,-5,-1,-2,12,7,4,0.7,5,1.7,2,-1.5,7,-1.5
S02000635,S02000633,30,22,7,42,-23,-8,12,101,71,31,-0.3,43,1.4,19,-2.7,58,-1.2
S02000635,S02000634,16,3,10,15,-6,-13,-1,44,28,14,0.6,19,0.1,8,0.7,25,-0.1
S02000635,S02000635,25,12,13,32,-12,-13,7,82,57,26,-0.1,35,0.4,15,-0.6,47,-0.3
S02000635,S02000639,3,0,0,0,-3,-3,-3,3,0,1,2.1,1,1.5,1,-0.7,2,-1.3
S02000635,S02000642,0,3,0,3,0,3,3,6,6,2,-1.4,3,0.3,1,-1.1,3,-0.2
S02000635,S02000644,0,0,7,6,7,0,6,13,13,4,-2,6,-2.4,2,3,7,2
S02000635,S02000645,0,0,4,0,4,0,0,4,4,1,-1.1,2,-1.3,1,3.8,2,1.1
S02000635,S02000647,7,0,5,8,-2,-7,1,20,13,6,0.3,9,-0.5,4,0.7,11,0.4
S02000635,S02000648,0,7,0,3,0,7,3,10,10,3,-1.8,4,1.3,2,-1.4,6,-1.1
S02000635,S02000649,0,3,0,3,0,3,3,6,6,2,-1.4,3,0.3,1,-1.1,3,-0.2
S02000635,S02000650,0,6,0,4,0,6,4,10,10,3,-1.8,4,0.8,2,-1.4,6,-0.7
S02000635,S02000651,3,7,17,3,14,4,0,30,27,9,-2.1,13,-0.8,6,4.9,17,0.7
S02000635,S02000652,4,0,0,4,-4,-4,0,8,4,2,1,3,0.3,1,-1.2,5,-0.3
S02000635,S02000655,79,31,286,190,207,-48,111,586,507,183,-7.7,249,-8.8,108,17.1,337,7.6
S02000635,S02000656,3,4,3,6,0,1,3,16,13,5,-0.9,7,0.1,3,0,9,-0.1
S02000635,S02000658,88,24,96,305,8,-64,217,513,425,160,-5.7,218,-7.2,95,0.1,295,6.2
S02000635,S02000659,7,3,15,13,8,-4,6,38,31,12,-1.4,16,-1.5,7,3,22,1.3
S02000635,S02000660,10,0,5,6,-5,-10,-4,21,11,7,1.4,9,0.4,4,0.6,12,-0.3
S02000635,S02000661,8,3,27,9,19,-5,1,47,39,15,-1.7,20,-2,9,6.2,27,1.7
S02000635,S02000663,0,8,0,5,0,8,5,13,13,4,-2,6,1.1,2,-1.6,7,-0.9
S02000635,S02000664,10,0,0,3,-10,-10,-7,13,3,4,3,6,1.9,2,-1.6,7,-1.6
S02000635,S02000665,3,4,9,6,6,1,3,22,19,7,-1.5,9,-0.8,4,2.4,13,0.7
S02000635,S02000666,0,0,0,5,0,0,5,5,5,2,-1.2,2,-1.5,1,-1,3,1.3
S02000635,S02000667,3,0,0,0,-3,-3,-3,3,0,1,2.1,1,1.5,1,-0.7,2,-1.3
S02000635,S02000669,4,0,11,5,7,-4,1,20,16,6,-0.9,9,-1.5,4,3.8,11,1.3
S02000635,S02000670,4,8,0,0,-4,4,-4,12,8,4,0.1,5,3.1,2,-1.5,7,-2.6
S02000635,S02000672,7,0,4,26,-3,-7,19,37,30,12,-1.3,16,-2.2,7,-1.1,21,1.9
S02000635,S02000674,0,0,0,6,0,0,6,6,6,2,-1.4,3,-1.6,1,-1.1,3,1.4
S02000635,S02000676,7,3,0,8,-7,-4,1,18,11,6,0.6,8,0.8,3,-1.8,10,-0.7
S02000635,S02000680,0,0,0,9,0,0,9,9,9,3,-1.7,4,-2,2,-1.3,5,1.7
S02000635,S02000681,0,0,0,3,0,0,3,3,3,1,-1,1,-1.1,1,-0.7,2,1
S02000635,S02000684,4,0,0,0,-4,-4,-4,4,0,1,2.5,2,1.8,1,-0.9,2,-1.5
S02000635,S02000685,0,0,0,4,0,0,4,4,4,1,-1.1,2,-1.3,1,-0.9,2,1.1
S02000635,S02000686,0,0,0,6,0,0,6,6,6,2,-1.4,3,-1.6,1,-1.1,3,1.4
S02000635,S02000688,3,0,0,3,-3,-3,0,6,3,2,0.8,3,0.3,1,-1.1,3,-0.2
S02000635,S02000689,16,0,0,15,-16,-16,-1,31,15,10,2,13,0.8,6,-2.4,18,-0.7
S02000635,S02000691,6,3,0,0,-6,-3,-6,9,3,3,1.9,4,2.6,2,-1.3,5,-2.3
S02000635,S02000692,0,0,0,3,0,0,3,3,3,1,-1,1,-1.1,1,-0.7,2,1
S02000635,S02000693,3,0,0,0,-3,-3,-3,3,0,1,2.1,1,1.5,1,-0.7,2,-1.3
S02000635,S02000695,0,0,4,0,4,0,0,4,4,1,-1.1,2,-1.3,1,3.8,2,1.1
S02000635,S02000701,0,0,0,3,0,0,3,3,3,1,-1,1,-1.1,1,-0.7,2,1
S02000635,S02000702,0,3,0,0,0,3,0,3,3,1,-1,1,1.5,1,-0.7,2,-1.3
S02000635,S02000708,0,4,0,0,0,4,0,4,4,1,-1.1,2,1.8,1,-0.9,2,-1.5
S02000635,S02000712,3,0,0,0,-3,-3,-3,3,0,1,2.1,1,1.5,1,-0.7,2,-1.3
S02000635,S02000716,0,0,0,3,0,0,3,3,3,1,-1,1,-1.1,1,-0.7,2,1
S02000635,S02000923,0,0,0,3,0,0,3,3,3,1,-1,1,-1.1,1,-0.7,2,1
S02000635,S02000993,3,0,0,0,-3,-3,-3,3,0,1,2.1,1,1.5,1,-0.7,2,-1.3
S02000635,S02001000,3,5,3,7,0,2,4,18,15,6,-1.1,8,0.1,3,-0.2,10,-0.1
S02000635,S02001010,12,0,9,8,-3,-12,-4,29,17,9,1,12,-0.1,5,1.6,17,0.1
S02000635,S02001013,0,7,0,6,0,7,6,13,13,4,-2,6,0.6,2,-1.6,7,-0.5
S02000635,S02001015,3,5,13,0,10,2,-3,21,18,7,-1.4,9,-0.3,4,4.6,12,0.3
S02000635,S02001156,0,0,0,3,0,0,3,3,3,1,-1,1,-1.1,1,-0.7,2,1
S02000635,S02001157,0,8,0,5,0,8,5,13,13,4,-2,6,1.1,2,-1.6,7,-0.9
S02000635,S02001161,0,8,3,7,3,8,7,18,18,6,-2.4,8,0.1,3,-0.2,10,-0.1
S02000635,S02001162,3,5,0,5,-3,2,2,13,10,4,-0.5,6,1.1,2,-1.6,7,-0.9
S02000635,S02001185,3,0,8,6,5,-3,3,17,14,5,-1,7,-1.6,3,2.7,10,1.4
S02000635,S02001189,0,0,0,3,0,0,3,3,3,1,-1,1,-1.1,1,-0.7,2,1
S02000635,S02001192,0,0,0,5,0,0,5,5,5,2,-1.2,2,-1.5,1,-1,3,1.3
S02000636,S02000270,0,0,6,0,6,0,0,6,6,2,-1.4,3,-1.6,1,4.6,3,1.4
S02000636,S02000281,4,3,0,0,-4,-1,-4,7,3,2,1.2,3,2.3,1,-1.1,4,-2
S02000636,S02000284,0,3,0,0,0,3,0,3,3,1,-1,1,1.5,1,-0.7,2,-1.3
S02000636,S02000597,0,0,0,3,0,0,3,3,3,1,-1,1,-1.1,1,-0.7,2,1
S02000636,S02000599,3,0,0,0,-3,-3,-3,3,0,1,2.1,1,1.5,1,-0.7,2,-1.3
S02000636,S02000603,0,0,0,3,0,0,3,3,3,1,-1,1,-1.1,1,-0.7,2,1
S02000636,S02000607,3,0,0,0,-3,-3,-3,3,0,1,2.1,1,1.5,1,-0.7,2,-1.3
S02000636,S02000610,3,0,0,0,-3,-3,-3,3,0,1,2.1,1,1.5,1,-0.7,2,-1.3
S02000636,S02000611,3,9,0,3,-3,6,0,15,12,5,-0.8,6,2.2,3,-1.7,9,-1.9
S02000636,S02000613,0,0,0,3,0,0,3,3,3,1,-1,1,-1.1,1,-0.7,2,1
S02000636,S02000614,3,0,0,0,-3,-3,-3,3,0,1,2.1,1,1.5,1,-0.7,2,-1.3
S02000636,S02000618,13,4,0,26,-13,-9,13,43,30,13,-0.1,18,-0.3,8,-2.8,25,0.3
S02000636,S02000620,0,4,0,3,0,4,3,7,7,2,-1.5,3,0.6,1,-1.1,4,-0.5
S02000636,S02000621,5,0,0,0,-5,-5,-5,5,0,2,2.8,2,2,1,-1,3,-1.7
S02000636,S02000623,4,0,0,7,-4,-4,3,11,7,3,0.3,5,-0.3,2,-1.4,6,0.3
S02000636,S02000625,0,0,0,5,0,0,5,5,5,2,-1.2,2,-1.5,1,-1,3,1.3
S02000636,S02000626,14,0,5,18,-9,-14,4,37,23,12,0.7,16,-0.4,7,-0.7,21,0.4
S02000636,S02000628,4,6,0,5,-4,2,1,15,11,5,-0.3,6,1.4,3,-1.7,9,-1.2
S02000636,S02000629,0,8,0,0,0,8,0,8,8,2,-1.6,3,2.5,1,-1.2,5,-2.1
S02000636,S02000630,0,0,0,6,0,0,6,6,6,2,-1.4,3,-1.6,1,-1.1,3,1.4
S02000636,S02000632,0,0,0,11,0,0,11,11,11,3,-1.9,5,-2.2,2,-1.4,6,1.9
S02000636,S02000633,20,11,0,26,-20,-9,6,57,37,18,0.5,24,1.4,11,-3.2,33,-1.2
S02000636,S02000634,12,0,0,5,-12,-12,-7,17,5,5,2.9,7,1.8,3,-1.8,10,-1.5
S02000636,S02000635,7,0,0,6,-7,-7,-1,13,6,4,1.5,6,0.6,2,-1.6,7,-0.5
S02000636,S02000636,19,4,7,35,-12,-15,16,65,46,20,-0.3,28,-0.9,12,-1.4,37,0.8
S02000636,S02000640,3,0,0,3,-3,-3,0,6,3,2,0.8,3,0.3,1,-1.1,3,-0.2
S02000636,S02000643,4,0,3,3,-1,-4,-1,10,6,3,0.5,4,-0.1,2,0.8,6,0.1
S02000636,S02000644,5,0,3,0,-2,-5,-5,8,3,2,1.6,3,0.9,1,1.2,5,-0.7
S02000636,S02000645,4,0,3,7,-1,-4,3,14,10,4,-0.2,6,-0.8,3,0.3,8,0.7
S02000636,S02000646,0,0,0,6,0,0,6,6,6,2,-1.4,3,-1.6,1,-1.1,3,1.4
S02000636,S02000648,0,0,0,9,0,0,9,9,9,3,-1.7,4,-2,2,-1.3,5,1.7
S02000636,S02000649,0,0,3,0,3,0,0,3,3,1,-1,1,-1.1,1,3.3,2,1
S02000636,S02000650,0,0,0,3,0,0,3,3,3,1,-1,1,-1.1,1,-0.7,2,1
S02000636,S02000651,3,3,4,4,1,0,1,14,11,4,-0.7,6,0,3,0.9,8,0
S02000636,S02000652,8,0,0,5,-8,-8,-3,13,5,4,2,6,1.1,2,-1.6,7,-0.9
S02000636,S02000654,6,0,0,4,-6,-6,-2,10,4,3,1.6,4,0.8,2,-1.4,6,-0.7
S02000636,S02000655,50,15,115,57,65,-35,7,237,187,74,-2.8,101,-3.6,44,10.7,136,3.1
S02000636,S02000656,6,0,0,4,-6,-6,-2,10,4,3,1.6,4,0.8,2,-1.4,6,-0.7
S02000636,S02000657,3,0,0,3,-3,-3,0,6,3,2,0.8,3,0.3,1,-1.1,3,-0.2
S02000636,S02000658,63,5,10,74,-53,-58,11,152,89,47,2.3,65,0.4,28,-3.4,87,-0.4
S02000636,S02000659,0,5,6,9,6,5,9,20,20,6,-2.5,9,-1.2,4,1.2,11,1
S02000636,S02000660,4,3,0,0,-4,-1,-4,7,3,2,1.2,3,2.3,1,-1.1,4,-2
S02000636,S02000661,10,0,0,6,-10,-10,-4,16,6,5,2.2,7,1.2,3,-1.7,9,-1.1
S02000636,S02000662,0,0,0,7,0,0,7,7,7,2,-1.5,3,-1.7,1,-1.1,4,1.5
S02000636,S02000663,4,13,0,13,-4,9,9,30,26,9,-1.7,13,1.2,6,-2.4,17,-1
S02000636,S02000664,5,0,0,5,-5,-5,0,10,5,3,1.1,4,0.4,2,-1.4,6,-0.3
S02000636,S02000665,0,3,0,0,0,3,0,3,3,1,-1,1,1.5,1,-0.7,2,-1.3
S02000636,S02000666,5,0,0,5,-5,-5,0,10,5,3,1.1,4,0.4,2,-1.4,6,-0.3
S02000636,S02000667,8,0,0,3,-8,-8,-5,11,3,3,2.5,5,1.5,2,-1.4,6,-1.3
S02000636,S02000669,0,0,0,5,0,0,5,5,5,2,-1.2,2,-1.5,1,-1,3,1.3
S02000636,S02000670,16,16,0,0,-16,0,-16,32,16,10,1.9,14,5,6,-2.4,18,-4.3
S02000636,S02000672,0,0,0,17,0,0,17,17,17,5,-2.3,7,-2.7,3,-1.8,10,2.3
S02000636,S02000673,0,0,0,3,0,0,3,3,3,1,-1,1,-1.1,1,-0.7,2,1
S02000636,S02000674,6,0,4,14,-2,-6,8,24,18,7,-0.5,10,-1.3,4,-0.2,14,1.1
S02000636,S02000676,7,8,0,10,-7,1,3,25,18,8,-0.3,11,1.3,5,-2.2,14,-1.2
S02000636,S02000680,3,0,0,0,-3,-3,-3,3,0,1,2.1,1,1.5,1,-0.7,2,-1.3
S02000636,S02000689,13,0,0,4,-13,-13,-9,17,4,5,3.3,7,2.1,3,-1.8,10,-1.8
S02000636,S02000691,8,0,0,0,-8,-8,-8,8,0,2,3.5,3,2.5,1,-1.2,5,-2.1
S02000636,S02000701,0,4,0,3,0,4,3,7,7,2,-1.5,3,0.6,1,-1.1,4,-0.5
S02000636,S02000705,0,0,0,3,0,0,3,3,3,1,-1,1,-1.1,1,-0.7,2,1
S02000636,S02000923,3,0,0,0,-3,-3,-3,3,0,1,2.1,1,1.5,1,-0.7,2,-1.3
S02000636,S02001000,0,0,0,5,0,0,5,5,5,2,-1.2,2,-1.5,1,-1,3,1.3
S02000636,S02001010,3,0,5,0,2,-3,-3,8,5,2,0.3,3,-0.2,1,2.9,5,0.2
S02000636,S02001013,0,6,0,3,0,6,3,9,9,3,-1.7,4,1.1,2,-1.3,5,-1
S02000636,S02001015,0,5,0,0,0,5,0,5,5,2,-1.2,2,2,1,-1,3,-1.7
S02000636,S02001153,3,0,0,0,-3,-3,-3,3,0,1,2.1,1,1.5,1,-0.7,2,-1.3
S02000636,S02001161,0,4,0,0,0,4,0,4,4,1,-1.1,2,1.8,1,-0.9,2,-1.5
S02000636,S02001162,0,4,3,3,3,4,3,10,10,3,-1.8,4,-0.1,2,0.8,6,0.1
S02000636,S02001185,0,0,0,5,0,0,5,5,5,2,-1.2,2,-1.5,1,-1,3,1.3
S02000637,S02000328,7,0,0,0,-7,-7,-7,7,0,2,3.3,3,2.3,1,-1.1,4,-2
S02000637,S02000587,0,7,0,0,0,7,0,7,7,2,-1.5,3,2.3,1,-1.1,4,-2
S02000637,S02000597,3,0,6,17,3,-3,14,26,23,8,-1.8,11,-2.4,5,0.5,15,2.1
S02000637,S02000599,0,3,0,0,0,3,0,3,3,1,-1,1,1.5,1,-0.7,2,-1.3
S02000637,S02000601,4,0,0,0,-4,-4,-4,4,0,1,2.5,2,1.8,1,-0.9,2,-1.5
S02000637,S02000603,0,0,0,3,0,0,3,3,3,1,-1,1,-1.1,1,-0.7,2,1
S02000637,S02000606,0,0,0,4,0,0,4,4,4,1,-1.1,2,-1.3,1,-0.9,2,1.1
S02000637,S02000607,6,0,0,0,-6,-6,-6,6,0,2,3,3,2.2,1,-1.1,3,-1.9
S02000637,S02000608,14,0,0,3,-14,-14,-11,17,3,5,3.8,7,2.5,3,-1.8,10,-2.2
S02000637,S02000614,3,0,0,0,-3,-3,-3,3,0,1,2.1,1,1.5,1,-0.7,2,-1.3
S02000637,S02000617,5,0,0,4,-5,-5,-1,9,4,3,1.3,4,0.6,2,-1.3,5,-0.5
S02000637,S02000621,0,0,4,3,4,0,3,7,7,2,-1.5,3,-1.7,1,2.4,4,1.5
S02000637,S02000622,3,0,0,0,-3,-3,-3,3,0,1,2.1,1,1.5,1,-0.7,2,-1.3
S02000637,S02000625,7,5,0,22,-7,-2,15,34,27,11,-1.1,14,-0.6,6,-2.5,20,0.6
S02000637,S02000627,10,3,0,6,-10,-7,-4,19,9,6,1.7,8,1.7,4,-1.9,11,-1.5
S02000637,S02000628,4,0,0,3,-4,-4,-1,7,3,2,1.2,3,0.6,1,-1.1,4,-0.5
S02000637,S02000631,0,0,0,3,0,0,3,3,3,1,-1,1,-1.1,1,-0.7,2,1
S02000637,S02000633,6,0,0,0,-6,-6,-6,6,0,2,3,3,2.2,1,-1.1,3,-1.9
S02000637,S02000634,17,0,4,11,-13,-17,-6,32,15,10,2.2,14,0.9,6,-0.8,18,-0.8
S02000637,S02000635,7,0,0,0,-7,-7,-7,7,0,2,3.3,3,2.3,1,-1.1,4,-2
S02000637,S02000637,4,3,4,20,0,-1,16,31,27,10,-1.8,13,-1.7,6,-0.7,18,1.5
S02000637,S02000638,5,0,0,7,-5,-5,2,12,7,4,0.7,5,0,2,-1.5,7,0
S02000637,S02000639,0,3,0,4,0,3,4,7,7,2,-1.5,3,0,1,-1.1,4,0
S02000637,S02000642,6,0,0,4,-6,-6,-2,10,4,3,1.6,4,0.8,2,-1.4,6,-0.7
S02000637,S02000644,4,0,5,6,1,-4,2,15,11,5,-0.3,6,-0.9,3,1.3,9,0.8
S02000637,S02000646,0,0,0,3,0,0,3,3,3,1,-1,1,-1.1,1,-0.7,2,1
S02000637,S02000649,0,0,3,0,3,0,0,3,3,1,-1,1,-1.1,1,3.3,2,1
S02000637,S02000651,5,0,4,4,-1,-5,-1,13,8,4,0.5,6,-0.2,2,1,7,0.2
S02000637,S02000655,31,5,50,35,19,-26,4,121,90,38,-1.1,51,-2.2,22,5.8,70,1.9
S02000637,S02000656,12,18,4,15,-8,6,3,49,37,15,-0.8,21,2,9,-1.7,28,-1.7
S02000637,S02000658,14,5,7,38,-7,-9,24,64,50,20,-1.3,27,-1.6,12,-1.4,37,1.4
S02000637,S02000659,0,0,3,0,3,0,0,3,3,1,-1,1,-1.1,1,3.3,2,1
S02000637,S02000660,54,10,5,25,-49,-44,-29,94,40,29,4.6,40,3.8,17,-3,54,-3.3
S02000637,S02000661,6,0,7,4,1,-6,-2,17,11,5,0.3,7,-0.5,3,2.2,10,0.4
S02000637,S02000664,4,0,0,5,-4,-4,1,9,5,3,0.7,4,0.1,2,-1.3,5,-0.1
S02000637,S02000667,3,0,0,0,-3,-3,-3,3,0,1,2.1,1,1.5,1,-0.7,2,-1.3
S02000637,S02000669,0,0,4,6,4,0,6,10,10,3,-1.8,4,-2.1,2,1.6,6,1.8
S02000637,S02000670,5,13,0,0,-5,8,-5,18,13,6,-0.3,8,3.7,3,-1.8,10,-3.2
S02000637,S02000671,4,0,0,0,-4,-4,-4,4,0,1,2.5,2,1.8,1,-0.9,2,-1.5
S02000637,S02000672,0,5,0,11,0,5,11,16,16,5,-2.2,7,-0.7,3,-1.7,9,0.6
S02000637,S02000676,8,0,0,0,-8,-8,-8,8,0,2,3.5,3,2.5,1,-1.2,5,-2.1
S02000637,S02000684,3,6,4,0,1,3,-3,13,10,4,-0.5,6,1.5,2,1,7,-1.3
S02000637,S02000689,5,0,0,3,-5,-5,-2,8,3,2,1.6,3,0.9,1,-1.2,5,-0.7
S02000637,S02000691,3,0,0,0,-3,-3,-3,3,0,1,2.1,1,1.5,1,-0.7,2,-1.3
S02000637,S02000701,0,0,0,4,0,0,4,4,4,1,-1.1,2,-1.3,1,-0.9,2,1.1
S02000637,S02000715,0,0,0,3,0,0,3,3,3,1,-1,1,-1.1,1,-0.7,2,1
S02000637,S02001000,11,3,7,7,-4,-8,-4,28,17,9,0.8,12,0.6,5,0.8,16,-0.5
S02000637,S02001007,0,0,0,3,0,0,3,3,3,1,-1,1,-1.1,1,-0.7,2,1
S02000637,S02001010,3,0,0,4,-3,-3,1,7,4,2,0.6,3,0,1,-1.1,4,0
S02000637,S02001013,11,28,3,43,-8,17,32,85,74,26,-3,36,0.5,16,-3.2,49,-0.4
S02000637,S02001015,0,8,0,3,0,8,3,11,11,3,-1.9,5,1.5,2,-1.4,6,-1.3
S02000637,S02001148,0,0,0,3,0,0,3,3,3,1,-1,1,-1.1,1,-0.7,2,1
S02000637,S02001185,6,0,0,3,-6,-6,-3,9,3,3,1.9,4,1.1,2,-1.3,5,-1
S02000638,S02000586,0,0,0,3,0,0,3,3,3,1,-1,1,-1.1,1,-0.7,2,1
S02000638,S02000597,4,0,5,14,1,-4,10,23,19,7,-1.2,10,-1.8,4,0.4,13,1.6
S02000638,S02000601,3,0,0,0,-3,-3,-3,3,0,1,2.1,1,1.5,1,-0.7,2,-1.3
S02000638,S02000602,4,0,0,0,-4,-4,-4,4,0,1,2.5,2,1.8,1,-0.9,2,-1.5
S02000638,S02000607,7,0,0,0,-7,-7,-7,7,0,2,3.3,3,2.3,1,-1.1,4,-2
S02000638,S02000609,0,0,0,3,0,0,3,3,3,1,-1,1,-1.1,1,-0.7,2,1
S02000638,S02000613,0,0,0,3,0,0,3,3,3,1,-1,1,-1.1,1,-0.7,2,1
S02000638,S02000617,0,4,0,5,0,4,5,9,9,3,-1.7,4,0.1,2,-1.3,5,-0.1
S02000638,S02000621,0,3,0,0,0,3,0,3,3,1,-1,1,1.5,1,-0.7,2,-1.3
S02000638,S02000625,7,0,4,14,-3,-7,7,25,18,8,-0.3,11,-1.1,5,-0.3,14,1
S02000638,S02000627,5,0,0,7,-5,-5,2,12,7,4,0.7,5,0,2,-1.5,7,0
S02000638,S02000628,5,0,3,3,-2,-5,-2,11,6,3,0.9,5,0.1,2,0.7,6,-0.1
S02000638,S02000631,4,0,0,13,-4,-4,9,17,13,5,-0.6,7,-1.2,3,-1.8,10,1
S02000638,S02000633,0,0,0,3,0,0,3,3,3,1,-1,1,-1.1,1,-0.7,2,1
S02000638,S02000634,14,0,3,12,-11,-14,-2,29,15,9,1.7,12,0.5,5,-1,17,-0.4
S02000638,S02000637,5,0,0,8,-5,-5,3,13,8,4,0.5,6,-0.2,2,-1.6,7,0.2
S02000638,S02000638,11,3,5,9,-6,-8,-2,28,17,9,0.8,12,0.6,5,-0.1,16,-0.5
S02000638,S02000642,12,4,0,4,-12,-8,-8,20,8,6,2.3,9,2.6,4,-1.9,11,-2.2
S02000638,S02000644,11,5,4,12,-7,-6,1,32,21,10,0.3,14,0.6,6,-0.8,18,-0.6
S02000638,S02000649,4,4,4,5,0,0,1,17,13,5,-0.6,7,0.3,3,0.5,10,-0.2
S02000638,S02000651,0,0,8,0,8,0,0,8,8,2,-1.6,3,-1.8,1,5.4,5,1.6
S02000638,S02000655,30,5,52,29,22,-25,-1,116,86,36,-1,49,-2,21,6.6,67,1.8
S02000638,S02000656,14,16,21,41,7,2,27,92,78,29,-2.7,39,-1.5,17,1,53,1.3
S02000638,S02000658,24,6,4,30,-20,-18,6,64,40,20,0.9,27,0.5,12,-2.3,37,-0.5
S02000638,S02000659,0,0,4,0,4,0,0,4,4,1,-1.1,2,-1.3,1,3.8,2,1.1
S02000638,S02000660,56,5,7,21,-49,-51,-35,89,33,28,5.4,38,3.8,16,-2.3,51,-3.2
S02000638,S02000661,9,0,6,4,-3,-9,-5,19,10,6,1.3,8,0.3,4,1.3,11,-0.3
S02000638,S02000663,0,0,0,3,0,0,3,3,3,1,-1,1,-1.1,1,-0.7,2,1
S02000638,S02000664,6,0,0,4,-6,-6,-2,10,4,3,1.6,4,0.8,2,-1.4,6,-0.7
S02000638,S02000666,0,0,0,3,0,0,3,3,3,1,-1,1,-1.1,1,-0.7,2,1
S02000638,S02000669,0,0,0,4,0,0,4,4,4,1,-1.1,2,-1.3,1,-0.9,2,1.1
S02000638,S02000670,6,6,0,0,-6,0,-6,12,6,4,1.2,5,3.1,2,-1.5,7,-2.6
S02000638,S02000672,0,0,0,10,0,0,10,10,10,3,-1.8,4,-2.1,2,-1.4,6,1.8
S02000638,S02000673,0,0,0,4,0,0,4,4,4,1,-1.1,2,-1.3,1,-0.9,2,1.1
S02000638,S02000684,5,6,3,4,-2,1,-1,18,13,6,-0.3,8,1.2,3,-0.2,10,-1
S02000638,S02000689,14,0,0,0,-14,-14,-14,14,0,4,4.6,6,3.3,3,-1.6,8,-2.8
S02000638,S02000712,0,3,0,0,0,3,0,3,3,1,-1,1,1.5,1,-0.7,2,-1.3
S02000638,S02000781,3,0,0,0,-3,-3,-3,3,0,1,2.1,1,1.5,1,-0.7,2,-1.3
S02000638,S02001000,5,0,0,5,-5,-5,0,10,5,3,1.1,4,0.4,2,-1.4,6,-0.3
S02000638,S02001007,0,0,0,6,0,0,6,6,6,2,-1.4,3,-1.6,1,-1.1,3,1.4
S02000638,S02001010,7,0,3,0,-4,-7,-7,10,3,3,2.2,4,1.3,2,0.8,6,-1.1
S02000638,S02001013,0,9,0,16,0,9,16,25,25,8,-2.8,11,-0.5,5,-2.2,14,0.4
S02000638,S02001015,0,9,0,3,0,9,3,12,12,4,-1.9,5,1.7,2,-1.5,7,-1.5
S02000638,S02001161,0,0,3,0,3,0,0,3,3,1,-1,1,-1.1,1,3.3,2,1
S02000638,S02001162,0,0,0,3,0,0,3,3,3,1,-1,1,-1.1,1,-0.7,2,1
S02000638,S02001185,4,0,0,3,-4,-4,-1,7,3,2,1.2,3,0.6,1,-1.1,4,-0.5
S02000639,S02000324,0,3,0,3,0,3,3,6,6,2,-1.4,3,0.3,1,-1.1,3,-0.2
S02000639,S02000597,4,0,0,12,-4,-4,8,16,12,5,-0.4,7,-1.1,3,-1.7,9,0.9
S02000639,S02000599,0,3,0,0,0,3,0,3,3,1,-1,1,1.5,1,-0.7,2,-1.3
S02000639,S02000601,11,0,0,0,-11,-11,-11,11,0,3,4.1,5,2.9,2,-1.4,6,-2.5
S02000639,S02000607,6,0,0,4,-6,-6,-2,10,4,3,1.6,4,0.8,2,-1.4,6,-0.7
S02000639,S02000608,20,0,0,3,-20,-20,-17,23,3,7,4.8,10,3.3,4,-2.1,13,-2.8
S02000639,S02000610,0,0,0,3,0,0,3,3,3,1,-1,1,-1.1,1,-0.7,2,1
S02000639,S02000611,0,4,0,0,0,4,0,4,4,1,-1.1,2,1.8,1,-0.9,2,-1.5
S02000639,S02000612,0,0,0,3,0,0,3,3,3,1,-1,1,-1.1,1,-0.7,2,1
S02000639,S02000616,0,0,0,3,0,0,3,3,3,1,-1,1,-1.1,1,-0.7,2,1
S02000639,S02000621,0,0,0,4,0,0,4,4,4,1,-1.1,2,-1.3,1,-0.9,2,1.1
S02000639,S02000624,4,0,0,0,-4,-4,-4,4,0,1,2.5,2,1.8,1,-0.9,2,-1.5
S02000639,S02000625,8,0,4,21,-4,-8,13,33,25,10,-0.7,14,-1.6,6,-0.9,19,1.4
S02000639,S02000627,8,0,0,20,-8,-8,12,28,20,9,-0.2,12,-1.1,5,-2.3,16,1
S02000639,S02000628,8,0,0,4,-8,-8,-4,12,4,4,2.2,5,1.3,2,-1.5,7,-1.1
S02000639,S02000631,0,0,3,6,3,0,6,9,9,3,-1.7,4,-2,2,1,5,1.7
S02000639,S02000633,0,0,0,3,0,0,3,3,3,1,-1,1,-1.1,1,-0.7,2,1
S02000639,S02000634,16,4,4,5,-12,-12,-11,29,13,9,2.3,12,2.2,5,-0.6,17,-1.9
S02000639,S02000635,3,0,0,0,-3,-3,-3,3,0,1,2.1,1,1.5,1,-0.7,2,-1.3
S02000639,S02000637,5,0,0,12,-5,-5,7,17,12,5,-0.1,7,-0.8,3,-1.8,10,0.7
S02000639,S02000638,8,3,0,5,-8,-5,-3,16,8,5,1.4,7,1.6,3,-1.7,9,-1.4
S02000639,S02000639,7,0,0,13,-7,-7,6,20,13,6,0.3,9,-0.5,4,-1.9,11,0.4
S02000639,S02000641,4,0,0,5,-4,-4,1,9,5,3,0.7,4,0.1,2,-1.3,5,-0.1
S02000639,S02000642,8,0,0,7,-8,-8,-1,15,7,5,1.5,6,0.6,3,-1.7,9,-0.6
S02000639,S02000644,11,0,3,0,-8,-11,-11,14,3,4,3.2,6,2.1,3,0.3,8,-1.8
S02000639,S02000649,0,3,3,7,3,3,7,13,13,4,-2,6,-1.1,2,0.4,7,0.9
S02000639,S02000651,0,0,5,0,5,0,0,5,5,2,-1.2,2,-1.5,1,4.2,3,1.3
S02000639,S02000655,31,6,81,42,50,-25,11,160,129,50,-2.7,68,-3.8,30,9.4,92,3.2
S02000639,S02000656,12,16,0,31,-12,4,19,59,47,18,-1.5,25,0.6,11,-3.3,34,-0.5
S02000639,S02000658,26,3,12,29,-14,-23,3,70,44,22,0.9,30,-0.1,13,-0.3,40,0.1
S02000639,S02000659,0,0,3,0,3,0,0,3,3,1,-1,1,-1.1,1,3.3,2,1
S02000639,S02000660,52,7,13,19,-39,-45,-33,91,39,28,4.4,39,3.3,17,-0.9,52,-2.8
S02000639,S02000661,7,3,12,4,5,-4,-3,26,19,8,-0.4,11,-0.3,5,3.3,15,0.3
S02000639,S02000664,5,0,0,5,-5,-5,0,10,5,3,1.1,4,0.4,2,-1.4,6,-0.3
S02000639,S02000665,0,0,6,0,6,0,0,6,6,2,-1.4,3,-1.6,1,4.6,3,1.4
S02000639,S02000667,3,0,0,0,-3,-3,-3,3,0,1,2.1,1,1.5,1,-0.7,2,-1.3
S02000639,S02000668,6,0,0,0,-6,-6,-6,6,0,2,3,3,2.2,1,-1.1,3,-1.9
S02000639,S02000669,0,0,3,4,3,0,4,7,7,2,-1.5,3,-1.7,1,1.5,4,1.5
S02000639,S02000670,7,6,0,4,-7,-1,-3,17,10,5,0.7,7,2.1,3,-1.8,10,-1.8
S02000639,S02000672,0,0,0,12,0,0,12,12,12,4,-1.9,5,-2.3,2,-1.5,7,1.9
S02000639,S02000673,0,0,0,3,0,0,3,3,3,1,-1,1,-1.1,1,-0.7,2,1
S02000639,S02000676,5,0,0,5,-5,-5,0,10,5,3,1.1,4,0.4,2,-1.4,6,-0.3
S02000639,S02000681,3,0,0,0,-3,-3,-3,3,0,1,2.1,1,1.5,1,-0.7,2,-1.3
S02000639,S02000684,0,10,0,0,0,10,0,10,10,3,-1.8,4,2.8,2,-1.4,6,-2.4
S02000639,S02000688,0,0,0,3,0,0,3,3,3,1,-1,1,-1.1,1,-0.7,2,1
S02000639,S02000689,10,0,0,8,-10,-10,-2,18,8,6,1.9,8,0.8,3,-1.8,10,-0.7
S02000639,S02000691,4,0,0,0,-4,-4,-4,4,0,1,2.5,2,1.8,1,-0.9,2,-1.5
S02000639,S02000696,4,0,0,0,-4,-4,-4,4,0,1,2.5,2,1.8,1,-0.9,2,-1.5
S02000639,S02000701,3,0,0,0,-3,-3,-3,3,0,1,2.1,1,1.5,1,-0.7,2,-1.3
S02000639,S02000705,0,0,0,4,0,0,4,4,4,1,-1.1,2,-1.3,1,-0.9,2,1.1
S02000639,S02000783,4,0,0,0,-4,-4,-4,4,0,1,2.5,2,1.8,1,-0.9,2,-1.5
S02000639,S02000984,3,0,0,0,-3,-3,-3,3,0,1,2.1,1,1.5,1,-0.7,2,-1.3
S02000639,S02000991,0,0,0,3,0,0,3,3,3,1,-1,1,-1.1,1,-0.7,2,1
S02000639,S02000993,8,0,0,0,-8,-8,-8,8,0,2,3.5,3,2.5,1,-1.2,5,-2.1
S02000639,S02000994,4,0,0,0,-4,-4,-4,4,0,1,2.5,2,1.8,1,-0.9,2,-1.5
S02000639,S02000997,0,3,0,0,0,3,0,3,3,1,-1,1,1.5,1,-0.7,2,-1.3
S02000639,S02000999,0,0,0,10,0,0,10,10,10,3,-1.8,4,-2.1,2,-1.4,6,1.8
S02000639,S02001000,7,0,0,15,-7,-7,8,22,15,7,0.1,9,-0.8,4,-2,13,0.7
S02000639,S02001003,3,0,0,0,-3,-3,-3,3,0,1,2.1,1,1.5,1,-0.7,2,-1.3
S02000639,S02001007,0,0,0,3,0,0,3,3,3,1,-1,1,-1.1,1,-0.7,2,1
S02000639,S02001010,14,6,4,17,-10,-8,3,41,27,13,0.3,17,0.6,8,-1.3,24,-0.5
S02000639,S02001013,0,20,8,39,8,20,39,67,67,21,-4.6,28,-1.6,12,-1.2,39,1.4
S02000639,S02001014,3,3,0,0,-3,0,-3,6,3,2,0.8,3,2.2,1,-1.1,3,-1.9
S02000639,S02001015,0,11,3,0,3,11,0,14,14,4,-2.1,6,2.1,3,0.3,8,-1.8
S02000639,S02001016,0,0,3,3,3,0,3,6,6,2,-1.4,3,-1.6,1,1.8,3,1.4
S02000639,S02001161,0,0,0,3,0,0,3,3,3,1,-1,1,-1.1,1,-0.7,2,1
S02000639,S02001185,5,0,0,0,-5,-5,-5,5,0,2,2.8,2,2,1,-1,3,-1.7
S02000640,S02000264,0,3,0,5,0,3,5,8,8,2,-1.6,3,-0.2,1,-1.2,5,0.2
S02000640,S02000270,0,0,3,0,3,0,0,3,3,1,-1,1,-1.1,1,3.3,2,1
S02000640,S02000281,0,3,0,0,0,3,0,3,3,1,-1,1,1.5,1,-0.7,2,-1.3
S02000640,S02000587,0,3,0,0,0,3,0,3,3,1,-1,1,1.5,1,-0.7,2,-1.3
S02000640,S02000611,8,6,0,8,-8,-2,0,22,14,7,0.4,9,1.5,4,-2,13,-1.3
S02000640,S02000613,3,0,0,5,-3,-3,2,8,5,2,0.3,3,-0.2,1,-1.2,5,0.2
S02000640,S02000617,3,0,0,0,-3,-3,-3,3,0,1,2.1,1,1.5,1,-0.7,2,-1.3
S02000640,S02000618,8,0,3,5,-5,-8,-3,16,8,5,1.4,7,0.5,3,0,9,-0.4
S02000640,S02000619,4,0,0,0,-4,-4,-4,4,0,1,2.5,2,1.8,1,-0.9,2,-1.5
S02000640,S02000620,0,0,0,4,0,0,4,4,4,1,-1.1,2,-1.3,1,-0.9,2,1.1
S02000640,S02000623,0,0,0,3,0,0,3,3,3,1,-1,1,-1.1,1,-0.7,2,1
S02000640,S02000626,0,0,0,5,0,0,5,5,5,2,-1.2,2,-1.5,1,-1,3,1.3
S02000640,S02000628,4,0,0,0,-4,-4,-4,4,0,1,2.5,2,1.8,1,-0.9,2,-1.5
S02000640,S02000629,13,13,7,0,-6,0,-13,33,20,10,0.8,14,3.2,6,0.4,19,-2.7
S02000640,S02000630,8,0,0,0,-8,-8,-8,8,0,2,3.5,3,2.5,1,-1.2,5,-2.1
S02000640,S02000632,7,5,4,34,-3,-2,27,50,43,16,-2.2,21,-2,9,-1.7,29,1.7
S02000640,S02000633,21,7,8,52,-13,-14,31,88,67,27,-1.2,37,-1.5,16,-2.1,51,1.3
S02000640,S02000634,10,0,6,11,-4,-10,1,27,17,8,0.5,11,-0.4,5,0.4,16,0.4
S02000640,S02000635,9,0,0,5,-9,-9,-4,14,5,4,2.2,6,1.2,3,-1.6,8,-1.1
S02000640,S02000636,5,3,0,5,-5,-2,0,13,8,4,0.5,6,1.1,2,-1.6,7,-0.9
S02000640,S02000640,18,0,8,26,-10,-18,8,52,34,16,0.4,22,-0.9,10,-0.5,30,0.8
S02000640,S02000642,0,4,0,0,0,4,0,4,4,1,-1.1,2,1.8,1,-0.9,2,-1.5
S02000640,S02000643,14,17,5,7,-9,3,-7,43,29,13,0.2,18,3,8,-1,25,-2.6
S02000640,S02000645,0,4,0,0,0,4,0,4,4,1,-1.1,2,1.8,1,-0.9,2,-1.5
S02000640,S02000646,0,0,0,7,0,0,7,7,7,2,-1.5,3,-1.7,1,-1.1,4,1.5
S02000640,S02000647,0,0,0,7,0,0,7,7,7,2,-1.5,3,-1.7,1,-1.1,4,1.5
S02000640,S02000648,0,4,0,9,0,4,9,13,13,4,-2,6,-0.7,2,-1.6,7,0.6
S02000640,S02000650,4,0,0,4,-4,-4,0,8,4,2,1,3,0.3,1,-1.2,5,-0.3
S02000640,S02000651,0,0,3,0,3,0,0,3,3,1,-1,1,-1.1,1,3.3,2,1
S02000640,S02000652,4,0,0,9,-4,-4,5,13,9,4,0,6,-0.7,2,-1.6,7,0.6
S02000640,S02000654,25,0,0,10,-25,-25,-15,35,10,11,4.3,15,2.6,6,-2.5,20,-2.3
S02000640,S02000655,41,12,87,58,46,-29,17,198,157,62,-2.6,84,-3.4,37,8.3,114,2.9
S02000640,S02000656,6,0,0,3,-6,-6,-3,9,3,3,1.9,4,1.1,2,-1.3,5,-1
S02000640,S02000657,6,0,0,3,-6,-6,-3,9,3,3,1.9,4,1.1,2,-1.3,5,-1
S02000640,S02000658,62,5,12,53,-50,-57,-9,132,70,41,3.3,56,1.4,24,-2.5,76,-1.2
S02000640,S02000659,7,0,4,10,-3,-7,3,21,14,7,0.2,9,-0.6,4,0.1,12,0.6
S02000640,S02000660,6,4,0,4,-6,-2,-2,14,8,4,0.8,6,1.7,3,-1.6,8,-1.4
S02000640,S02000661,3,3,6,5,3,0,2,17,14,5,-1,7,-0.5,3,1.6,10,0.4
S02000640,S02000663,5,11,0,20,-5,6,15,36,31,11,-1.9,15,0.2,7,-2.6,21,-0.2
S02000640,S02000666,4,0,0,6,-4,-4,2,10,6,3,0.5,4,-0.1,2,-1.4,6,0.1
S02000640,S02000667,0,0,0,3,0,0,3,3,3,1,-1,1,-1.1,1,-0.7,2,1
S02000640,S02000670,9,17,0,4,-9,8,-5,30,21,9,-0.1,13,3.7,6,-2.4,17,-3.2
S02000640,S02000672,0,0,0,9,0,0,9,9,9,3,-1.7,4,-2,2,-1.3,5,1.7
S02000640,S02000674,3,0,3,15,0,-3,12,21,18,7,-1.4,9,-2,4,-0.4,12,1.7
S02000640,S02000676,8,6,0,5,-8,-2,-3,19,11,6,0.9,8,2.1,4,-1.9,11,-1.8
S02000640,S02000680,0,0,0,5,0,0,5,5,5,2,-1.2,2,-1.5,1,-1,3,1.3
S02000640,S02000684,0,4,0,4,0,4,4,8,8,2,-1.6,3,0.3,1,-1.2,5,-0.3
S02000640,S02000685,3,0,0,0,-3,-3,-3,3,0,1,2.1,1,1.5,1,-0.7,2,-1.3
S02000640,S02000689,5,0,0,0,-5,-5,-5,5,0,2,2.8,2,2,1,-1,3,-1.7
S02000640,S02000691,6,0,0,4,-6,-6,-2,10,4,3,1.6,4,0.8,2,-1.4,6,-0.7
S02000640,S02000692,0,0,0,3,0,0,3,3,3,1,-1,1,-1.1,1,-0.7,2,1
S02000640,S02000696,3,0,0,0,-3,-3,-3,3,0,1,2.1,1,1.5,1,-0.7,2,-1.3
S02000640,S02000697,4,0,0,0,-4,-4,-4,4,0,1,2.5,2,1.8,1,-0.9,2,-1.5
S02000640,S02001013,0,0,0,5,0,0,5,5,5,2,-1.2,2,-1.5,1,-1,3,1.3
S02000640,S02001015,0,3,4,0,4,3,0,7,7,2,-1.5,3,0,1,2.4,4,0
S02000640,S02001016,0,0,0,3,0,0,3,3,3,1,-1,1,-1.1,1,-0.7,2,1
S02000640,S02001153,0,4,0,0,0,4,0,4,4,1,-1.1,2,1.8,1,-0.9,2,-1.5
S02000640,S02001161,0,3,0,3,0,3,3,6,6,2,-1.4,3,0.3,1,-1.1,3,-0.2
S02000640,S02001162,0,3,0,3,0,3,3,6,6,2,-1.4,3,0.3,1,-1.1,3,-0.2
S02000640,S02001185,3,0,0,0,-3,-3,-3,3,0,1,2.1,1,1.5,1,-0.7,2,-1.3
S02000641,S02000328,7,0,0,3,-7,-7,-4,10,3,3,2.2,4,1.3,2,-1.4,6,-1.1
S02000641,S02000597,5,0,4,20,-1,-5,15,29,24,9,-1.3,12,-2.1,5,-0.6,17,1.8
S02000641,S02000599,0,4,0,0,0,4,0,4,4,1,-1.1,2,1.8,1,-0.9,2,-1.5
S02000641,S02000601,7,0,0,3,-7,-7,-4,10,3,3,2.2,4,1.3,2,-1.4,6,-1.1
S02000641,S02000602,0,0,0,3,0,0,3,3,3,1,-1,1,-1.1,1,-0.7,2,1
S02000641,S02000603,0,0,0,3,0,0,3,3,3,1,-1,1,-1.1,1,-0.7,2,1
S02000641,S02000607,8,0,0,0,-8,-8,-8,8,0,2,3.5,3,2.5,1,-1.2,5,-2.1
S02000641,S02000608,25,0,0,0,-25,-25,-25,25,0,8,6.2,11,4.4,5,-2.2,14,-3.8
S02000641,S02000612,6,0,0,0,-6,-6,-6,6,0,2,3,3,2.2,1,-1.1,3,-1.9
S02000641,S02000615,0,3,0,3,0,3,3,6,6,2,-1.4,3,0.3,1,-1.1,3,-0.2
S02000641,S02000617,4,0,0,4,-4,-4,0,8,4,2,1,3,0.3,1,-1.2,5,-0.3
S02000641,S02000620,0,0,4,0,4,0,0,4,4,1,-1.1,2,-1.3,1,3.8,2,1.1
S02000641,S02000622,0,0,0,3,0,0,3,3,3,1,-1,1,-1.1,1,-0.7,2,1
S02000641,S02000625,6,3,0,16,-6,-3,10,25,19,8,-0.6,11,-0.5,5,-2.2,14,0.4
S02000641,S02000627,21,4,4,28,-17,-17,7,57,36,18,0.8,24,0.2,11,-2,33,-0.1
S02000641,S02000631,0,0,5,6,5,0,6,11,11,3,-1.9,5,-2.2,2,2.1,6,1.9
S02000641,S02000633,3,3,0,0,-3,0,-3,6,3,2,0.8,3,2.2,1,-1.1,3,-1.9
S02000641,S02000634,15,0,4,14,-11,-15,-1,33,18,10,1.5,14,0.3,6,-0.9,19,-0.2
S02000641,S02000635,3,0,0,4,-3,-3,1,7,4,2,0.6,3,0,1,-1.1,4,0
S02000641,S02000637,4,0,0,12,-4,-4,8,16,12,5,-0.4,7,-1.1,3,-1.7,9,0.9
S02000641,S02000638,6,3,0,7,-6,-3,1,16,10,5,0.5,7,0.8,3,-1.7,9,-0.7
S02000641,S02000639,0,0,0,7,0,0,7,7,7,2,-1.5,3,-1.7,1,-1.1,4,1.5
S02000641,S02000641,21,10,4,29,-17,-11,8,64,43,20,0.2,27,0.7,12,-2.3,37,-0.6
S02000641,S02000642,3,0,5,5,2,-3,2,13,10,4,-0.5,6,-1.1,2,1.7,7,0.9
S02000641,S02000644,11,0,5,7,-6,-11,-4,23,12,7,1.4,10,0.4,4,0.4,13,-0.3
S02000641,S02000649,0,0,4,7,4,0,7,11,11,3,-1.9,5,-2.2,2,1.4,6,1.9
S02000641,S02000651,0,0,3,3,3,0,3,6,6,2,-1.4,3,-1.6,1,1.8,3,1.4
S02000641,S02000654,3,0,0,0,-3,-3,-3,3,0,1,2.1,1,1.5,1,-0.7,2,-1.3
S02000641,S02000655,27,5,81,33,54,-22,6,146,119,45,-2.7,62,-3.8,27,10.4,84,3.3
S02000641,S02000656,14,16,10,24,-4,2,10,64,50,20,-1.3,27,0.5,12,-0.5,37,-0.5
S02000641,S02000658,22,0,14,26,-8,-22,4,62,40,19,0.6,26,-0.9,11,0.7,36,0.7
S02000641,S02000659,0,0,3,0,3,0,0,3,3,1,-1,1,-1.1,1,3.3,2,1
S02000641,S02000660,58,12,15,16,-43,-46,-42,101,43,31,4.7,43,4.1,19,-0.9,58,-3.5
S02000641,S02000661,5,0,5,5,0,-5,0,15,10,5,0.2,6,-0.5,3,1.3,9,0.5
S02000641,S02000663,0,5,4,0,4,5,0,9,9,3,-1.7,4,0.6,2,1.8,5,-0.5
S02000641,S02000664,4,0,0,0,-4,-4,-4,4,0,1,2.5,2,1.8,1,-0.9,2,-1.5
S02000641,S02000668,0,0,3,0,3,0,0,3,3,1,-1,1,-1.1,1,3.3,2,1
S02000641,S02000670,0,5,0,0,0,5,0,5,5,2,-1.2,2,2,1,-1,3,-1.7
S02000641,S02000672,0,0,0,9,0,0,9,9,9,3,-1.7,4,-2,2,-1.3,5,1.7
S02000641,S02000676,10,0,0,0,-10,-10,-10,10,0,3,3.9,4,2.8,2,-1.4,6,-2.4
S02000641,S02000679,0,0,0,3,0,0,3,3,3,1,-1,1,-1.1,1,-0.7,2,1
S02000641,S02000684,0,9,0,0,0,9,0,9,9,3,-1.7,4,2.6,2,-1.3,5,-2.3
S02000641,S02000688,0,3,0,0,0,3,0,3,3,1,-1,1,1.5,1,-0.7,2,-1.3
S02000641,S02000689,8,0,0,4,-8,-8,-4,12,4,4,2.2,5,1.3,2,-1.5,7,-1.1
S02000641,S02000691,3,0,0,0,-3,-3,-3,3,0,1,2.1,1,1.5,1,-0.7,2,-1.3
S02000641,S02000701,0,3,0,0,0,3,0,3,3,1,-1,1,1.5,1,-0.7,2,-1.3
S02000641,S02000781,0,0,4,0,4,0,0,4,4,1,-1.1,2,-1.3,1,3.8,2,1.1
S02000641,S02000993,8,0,0,0,-8,-8,-8,8,0,2,3.5,3,2.5,1,-1.2,5,-2.1
S02000641,S02000998,3,0,0,0,-3,-3,-3,3,0,1,2.1,1,1.5,1,-0.7,2,-1.3
S02000641,S02000999,0,0,0,3,0,0,3,3,3,1,-1,1,-1.1,1,-0.7,2,1
S02000641,S02001000,7,0,5,26,-2,-7,19,38,31,12,-1.4,16,-2.3,7,-0.8,22,2
S02000641,S02001002,0,0,0,4,0,0,4,4,4,1,-1.1,2,-1.3,1,-0.9,2,1.1
S02000641,S02001003,0,0,0,3,0,0,3,3,3,1,-1,1,-1.1,1,-0.7,2,1
S02000641,S02001004,3,0,0,0,-3,-3,-3,3,0,1,2.1,1,1.5,1,-0.7,2,-1.3
S02000641,S02001005,0,0,0,5,0,0,5,5,5,2,-1.2,2,-1.5,1,-1,3,1.3
S02000641,S02001007,0,0,0,3,0,0,3,3,3,1,-1,1,-1.1,1,-0.7,2,1
S02000641,S02001010,16,6,5,7,-11,-10,-9,34,18,11,1.7,14,2,6,-0.5,20,-1.7
S02000641,S02001013,11,58,10,73,-1,47,62,152,141,47,-5.3,65,0.5,28,-3.4,87,-0.5
S02000641,S02001014,5,3,0,0,-5,-2,-5,8,3,2,1.6,3,2.5,1,-1.2,5,-2.1
S02000641,S02001015,4,24,7,9,3,20,5,44,40,14,-2.6,19,2.1,8,-0.4,25,-1.8
S02000641,S02001016,3,3,0,10,-3,0,7,16,13,5,-0.9,7,-0.3,3,-1.7,9,0.3
S02000641,S02001019,3,0,0,0,-3,-3,-3,3,0,1,2.1,1,1.5,1,-0.7,2,-1.3
S02000641,S02001185,4,0,0,3,-4,-4,-1,7,3,2,1.2,3,0.6,1,-1.1,4,-0.5
S02000642,S02000264,0,0,0,4,0,0,4,4,4,1,-1.1,2,-1.3,1,-0.9,2,1.1
S02000642,S02000311,0,0,0,5,0,0,5,5,5,2,-1.2,2,-1.5,1,-1,3,1.3
S02000642,S02000328,0,3,0,5,0,3,5,8,8,2,-1.6,3,-0.2,1,-1.2,5,0.2
S02000642,S02000597,0,0,3,7,3,0,7,10,10,3,-1.8,4,-2.1,2,0.8,6,1.8
S02000642,S02000603,0,0,0,6,0,0,6,6,6,2,-1.4,3,-1.6,1,-1.1,3,1.4
S02000642,S02000607,5,0,0,0,-5,-5,-5,5,0,2,2.8,2,2,1,-1,3,-1.7
S02000642,S02000610,0,3,0,0,0,3,0,3,3,1,-1,1,1.5,1,-0.7,2,-1.3
S02000642,S02000612,3,0,0,0,-3,-3,-3,3,0,1,2.1,1,1.5,1,-0.7,2,-1.3
S02000642,S02000614,0,0,0,3,0,0,3,3,3,1,-1,1,-1.1,1,-0.7,2,1
S02000642,S02000616,3,0,0,0,-3,-3,-3,3,0,1,2.1,1,1.5,1,-0.7,2,-1.3
S02000642,S02000622,0,0,0,5,0,0,5,5,5,2,-1.2,2,-1.5,1,-1,3,1.3
S02000642,S02000625,0,0,0,8,0,0,8,8,8,2,-1.6,3,-1.8,1,-1.2,5,1.6
S02000642,S02000628,6,0,0,0,-6,-6,-6,6,0,2,3,3,2.2,1,-1.1,3,-1.9
S02000642,S02000631,0,5,5,14,5,5,14,24,24,7,-2.7,10,-1.6,4,0.3,14,1.4
S02000642,S02000633,5,4,3,0,-2,-1,-5,12,7,4,0.7,5,1.7,2,0.5,7,-1.5
S02000642,S02000634,7,3,7,22,0,-4,15,39,32,12,-1.5,17,-1.6,7,-0.1,22,1.4
S02000642,S02000635,4,0,0,3,-4,-4,-1,7,3,2,1.2,3,0.6,1,-1.1,4,-0.5
S02000642,S02000638,0,3,0,0,0,3,0,3,3,1,-1,1,1.5,1,-0.7,2,-1.3
S02000642,S02000642,12,0,10,19,-2,-12,7,41,29,13,-0.2,17,-1.3,8,0.9,24,1.1
S02000642,S02000644,27,5,37,20,10,-22,-7,89,62,28,-0.1,38,-1,16,5.1,51,0.8
S02000642,S02000649,4,0,5,3,1,-4,-1,12,8,4,0.1,5,-0.5,2,1.9,7,0.4
S02000642,S02000651,3,0,12,0,9,-3,-3,15,12,5,-0.8,6,-1.3,3,5.5,9,1.2
S02000642,S02000654,5,0,0,0,-5,-5,-5,5,0,2,2.8,2,2,1,-1,3,-1.7
S02000642,S02000655,50,7,151,105,101,-43,55,313,263,97,-4.8,133,-6.6,58,12.2,180,5.7
S02000642,S02000656,17,17,3,16,-14,0,-1,53,36,17,0.1,23,2.4,10,-2.2,30,-2.1
S02000642,S02000658,30,10,30,61,0,-20,31,131,101,41,-1.7,56,-2.1,24,1.2,75,1.8
S02000642,S02000659,0,0,5,0,5,0,0,5,5,2,-1.2,2,-1.5,1,4.2,3,1.3
S02000642,S02000660,26,3,4,7,-22,-23,-19,40,14,12,3.8,17,2.9,7,-1.2,23,-2.5
S02000642,S02000661,23,0,21,24,-2,-23,1,68,45,21,0.4,29,-1.1,13,2.4,39,0.9
S02000642,S02000663,4,0,0,0,-4,-4,-4,4,0,1,2.5,2,1.8,1,-0.9,2,-1.5
S02000642,S02000664,6,0,0,0,-6,-6,-6,6,0,2,3,3,2.2,1,-1.1,3,-1.9
S02000642,S02000665,0,3,6,0,6,3,0,9,9,3,-1.7,4,-0.4,2,3.4,5,0.4
S02000642,S02000668,0,0,0,4,0,0,4,4,4,1,-1.1,2,-1.3,1,-0.9,2,1.1
S02000642,S02000669,0,0,9,6,9,0,6,15,15,5,-2.2,6,-2.5,3,3.7,9,2.2
S02000642,S02000670,0,4,0,0,0,4,0,4,4,1,-1.1,2,1.8,1,-0.9,2,-1.5
S02000642,S02000672,4,0,11,26,7,-4,22,41,37,13,-2.5,17,-3.2,8,1.2,24,2.8
S02000642,S02000676,7,0,0,6,-7,-7,-1,13,6,4,1.5,6,0.6,2,-1.6,7,-0.5
S02000642,S02000684,0,9,0,0,0,9,0,9,9,3,-1.7,4,2.6,2,-1.3,5,-2.3
S02000642,S02000689,11,0,0,0,-11,-11,-11,11,0,3,4.1,5,2.9,2,-1.4,6,-2.5
S02000642,S02000691,3,0,0,0,-3,-3,-3,3,0,1,2.1,1,1.5,1,-0.7,2,-1.3
S02000642,S02000701,0,0,3,0,3,0,0,3,3,1,-1,1,-1.1,1,3.3,2,1
S02000642,S02000710,0,0,6,0,6,0,0,6,6,2,-1.4,3,-1.6,1,4.6,3,1.4
S02000642,S02000984,5,0,0,0,-5,-5,-5,5,0,2,2.8,2,2,1,-1,3,-1.7
S02000642,S02000993,5,0,0,0,-5,-5,-5,5,0,2,2.8,2,2,1,-1,3,-1.7
S02000642,S02000999,0,0,0,3,0,0,3,3,3,1,-1,1,-1.1,1,-0.7,2,1
S02000642,S02001000,0,0,4,13,4,0,13,17,17,5,-2.3,7,-2.7,3,0.5,10,2.3
S02000642,S02001004,0,0,0,4,0,0,4,4,4,1,-1.1,2,-1.3,1,-0.9,2,1.1
S02000642,S02001010,11,0,0,5,-11,-11,-6,16,5,5,2.7,7,1.6,3,-1.7,9,-1.4
S02000642,S02001013,5,7,0,19,-5,2,14,31,26,10,-1.5,13,-0.3,6,-2.4,18,0.3
S02000642,S02001015,5,3,5,4,0,-2,-1,17,12,5,-0.1,7,0.3,3,1,10,-0.2
S02000642,S02001162,0,4,0,0,0,4,0,4,4,1,-1.1,2,1.8,1,-0.9,2,-1.5
S02000642,S02001185,4,0,9,0,5,-4,-4,13,9,4,0,6,-0.7,2,4.3,7,0.6
S02000642,S02001192,0,0,0,3,0,0,3,3,3,1,-1,1,-1.1,1,-0.7,2,1
S02000642,S02001199,0,0,0,3,0,0,3,3,3,1,-1,1,-1.1,1,-0.7,2,1
S02000643,S02000260,0,3,0,0,0,3,0,3,3,1,-1,1,1.5,1,-0.7,2,-1.3
S02000643,S02000287,0,5,0,0,0,5,0,5,5,2,-1.2,2,2,1,-1,3,-1.7
S02000643,S02000586,0,4,0,0,0,4,0,4,4,1,-1.1,2,1.8,1,-0.9,2,-1.5
S02000643,S02000590,0,0,0,3,0,0,3,3,3,1,-1,1,-1.1,1,-0.7,2,1
S02000643,S02000611,3,3,0,9,-3,0,6,15,12,5,-0.8,6,-0.2,3,-1.7,9,0.1
S02000643,S02000612,3,0,0,0,-3,-3,-3,3,0,1,2.1,1,1.5,1,-0.7,2,-1.3
S02000643,S02000620,3,4,0,6,-3,1,3,13,10,4,-0.5,6,0.6,2,-1.6,7,-0.5
S02000643,S02000623,0,0,0,3,0,0,3,3,3,1,-1,1,-1.1,1,-0.7,2,1
S02000643,S02000625,0,0,0,4,0,0,4,4,4,1,-1.1,2,-1.3,1,-0.9,2,1.1
S02000643,S02000628,0,0,0,3,0,0,3,3,3,1,-1,1,-1.1,1,-0.7,2,1
S02000643,S02000629,7,8,3,0,-4,1,-7,18,11,6,0.6,8,2.7,3,-0.2,10,-2.3
S02000643,S02000630,6,0,0,0,-6,-6,-6,6,0,2,3,3,2.2,1,-1.1,3,-1.9
S02000643,S02000632,5,4,0,13,-5,-1,8,22,17,7,-0.7,9,-0.1,4,-2,13,0.1
S02000643,S02000633,27,9,7,35,-20,-18,8,78,51,24,0.5,33,0.5,14,-2,45,-0.4
S02000643,S02000634,11,0,5,0,-6,-11,-11,16,5,5,2.7,7,1.6,3,1.2,9,-1.4
S02000643,S02000635,8,3,0,3,-8,-5,-5,14,6,4,1.7,6,2.1,3,-1.6,8,-1.8
S02000643,S02000640,8,0,6,3,-2,-8,-5,17,9,5,1.2,7,0.3,3,1.6,10,-0.2
S02000643,S02000643,19,8,0,10,-19,-11,-9,37,18,12,2.2,16,2.8,7,-2.6,21,-2.4
S02000643,S02000646,0,0,0,3,0,0,3,3,3,1,-1,1,-1.1,1,-0.7,2,1
S02000643,S02000647,4,0,0,5,-4,-4,1,9,5,3,0.7,4,0.1,2,-1.3,5,-0.1
S02000643,S02000648,6,0,0,6,-6,-6,0,12,6,4,1.2,5,0.4,2,-1.5,7,-0.3
S02000643,S02000652,0,0,0,3,0,0,3,3,3,1,-1,1,-1.1,1,-0.7,2,1
S02000643,S02000654,5,0,0,9,-5,-5,4,14,9,4,0.3,6,-0.4,3,-1.6,8,0.3
S02000643,S02000655,17,8,62,39,45,-9,22,126,109,39,-3.6,54,-3.9,23,8,72,3.4
S02000643,S02000656,5,0,0,3,-5,-5,-2,8,3,2,1.6,3,0.9,1,-1.2,5,-0.7
S02000643,S02000657,8,0,0,6,-8,-8,-2,14,6,4,1.7,6,0.8,3,-1.6,8,-0.7
S02000643,S02000658,23,7,11,46,-12,-16,23,87,64,27,-0.8,37,-1.2,16,-1.3,50,1
S02000643,S02000659,7,0,5,14,-2,-7,7,26,19,8,-0.4,11,-1.2,5,0.1,15,1
S02000643,S02000660,0,0,3,0,3,0,0,3,3,1,-1,1,-1.1,1,3.3,2,1
S02000643,S02000661,4,0,7,5,3,-4,1,16,12,5,-0.4,7,-1.1,3,2.3,9,0.9
S02000643,S02000662,0,3,0,0,0,3,0,3,3,1,-1,1,1.5,1,-0.7,2,-1.3
S02000643,S02000663,5,5,3,3,-2,0,-2,16,11,5,0,7,1.2,3,0,9,-1.1
S02000643,S02000664,0,0,0,4,0,0,4,4,4,1,-1.1,2,-1.3,1,-0.9,2,1.1
S02000643,S02000666,3,0,0,0,-3,-3,-3,3,0,1,2.1,1,1.5,1,-0.7,2,-1.3
S02000643,S02000667,6,0,0,0,-6,-6,-6,6,0,2,3,3,2.2,1,-1.1,3,-1.9
S02000643,S02000670,3,4,0,0,-3,1,-3,7,4,2,0.6,3,2.3,1,-1.1,4,-2
S02000643,S02000672,0,0,0,4,0,0,4,4,4,1,-1.1,2,-1.3,1,-0.9,2,1.1
S02000643,S02000674,6,0,0,11,-6,-6,5,17,11,5,0.3,7,-0.5,3,-1.8,10,0.4
S02000643,S02000676,7,0,0,7,-7,-7,0,14,7,4,1.3,6,0.4,3,-1.6,8,-0.4
S02000643,S02000689,0,0,3,0,3,0,0,3,3,1,-1,1,-1.1,1,3.3,2,1
S02000643,S02000695,3,0,0,0,-3,-3,-3,3,0,1,2.1,1,1.5,1,-0.7,2,-1.3
S02000643,S02000925,0,4,0,0,0,4,0,4,4,1,-1.1,2,1.8,1,-0.9,2,-1.5
S02000643,S02001161,3,0,0,0,-3,-3,-3,3,0,1,2.1,1,1.5,1,-0.7,2,-1.3
S02000644,S02000318,3,0,0,0,-3,-3,-3,3,0,1,2.1,1,1.5,1,-0.7,2,-1.3
S02000644,S02000323,0,0,4,0,4,0,0,4,4,1,-1.1,2,-1.3,1,3.8,2,1.1
S02000644,S02000590,0,0,0,5,0,0,5,5,5,2,-1.2,2,-1.5,1,-1,3,1.3
S02000644,S02000597,0,0,3,6,3,0,6,9,9,3,-1.7,4,-2,2,1,5,1.7
S02000644,S02000607,0,0,0,3,0,0,3,3,3,1,-1,1,-1.1,1,-0.7,2,1
S02000644,S02000608,3,0,0,0,-3,-3,-3,3,0,1,2.1,1,1.5,1,-0.7,2,-1.3
S02000644,S02000611,0,4,0,0,0,4,0,4,4,1,-1.1,2,1.8,1,-0.9,2,-1.5
S02000644,S02000612,3,0,0,0,-3,-3,-3,3,0,1,2.1,1,1.5,1,-0.7,2,-1.3
S02000644,S02000615,0,0,0,3,0,0,3,3,3,1,-1,1,-1.1,1,-0.7,2,1
S02000644,S02000622,0,0,3,6,3,0,6,9,9,3,-1.7,4,-2,2,1,5,1.7
S02000644,S02000625,0,0,0,8,0,0,8,8,8,2,-1.6,3,-1.8,1,-1.2,5,1.6
S02000644,S02000627,0,0,0,3,0,0,3,3,3,1,-1,1,-1.1,1,-0.7,2,1
S02000644,S02000628,6,0,0,0,-6,-6,-6,6,0,2,3,3,2.2,1,-1.1,3,-1.9
S02000644,S02000631,0,0,3,8,3,0,8,11,11,3,-1.9,5,-2.2,2,0.7,6,1.9
S02000644,S02000633,0,0,0,5,0,0,5,5,5,2,-1.2,2,-1.5,1,-1,3,1.3
S02000644,S02000634,11,0,4,15,-7,-11,4,30,19,9,0.5,13,-0.5,6,-0.7,17,0.4
S02000644,S02000635,4,0,0,3,-4,-4,-1,7,3,2,1.2,3,0.6,1,-1.1,4,-0.5
S02000644,S02000638,0,3,3,0,3,3,0,6,6,2,-1.4,3,0.3,1,1.8,3,-0.2
S02000644,S02000642,13,0,0,10,-13,-13,-3,23,10,7,2.2,10,1,4,-2.1,13,-0.9
S02000644,S02000643,0,3,0,0,0,3,0,3,3,1,-1,1,1.5,1,-0.7,2,-1.3
S02000644,S02000644,12,3,26,23,14,-9,11,64,52,20,-1.8,27,-2.3,12,4.1,37,2
S02000644,S02000649,0,0,0,8,0,0,8,8,8,2,-1.6,3,-1.8,1,-1.2,5,1.6
S02000644,S02000651,3,0,8,10,5,-3,7,21,18,7,-1.4,9,-2,4,2.1,12,1.7
S02000644,S02000655,21,10,88,63,67,-11,42,182,161,57,-4.7,77,-5.3,34,9.4,105,4.5
S02000644,S02000656,10,6,7,12,-3,-4,2,35,25,11,-0.3,15,0.3,6,0.2,20,-0.2
S02000644,S02000658,15,6,13,37,-2,-9,22,71,56,22,-1.5,30,-1.7,13,0,41,1.4
S02000644,S02000660,16,0,4,0,-12,-16,-16,20,4,6,3.9,9,2.6,4,0.2,11,-2.2
S02000644,S02000661,10,0,13,15,3,-10,5,38,28,12,-0.5,16,-1.5,7,2.3,22,1.3
S02000644,S02000664,6,0,0,4,-6,-6,-2,10,4,3,1.6,4,0.8,2,-1.4,6,-0.7
S02000644,S02000665,0,4,5,0,5,4,0,9,9,3,-1.7,4,0.1,2,2.6,5,-0.1
S02000644,S02000669,0,0,5,7,5,0,7,12,12,4,-1.9,5,-2.3,2,1.9,7,1.9
S02000644,S02000670,12,3,3,0,-9,-9,-12,18,6,6,2.7,8,2.7,3,-0.2,10,-2.3
S02000644,S02000672,0,0,3,24,3,0,24,27,27,8,-2.9,11,-3.4,5,-0.9,16,2.9
S02000644,S02000675,0,0,3,0,3,0,0,3,3,1,-1,1,-1.1,1,3.3,2,1
S02000644,S02000685,0,0,0,4,0,0,4,4,4,1,-1.1,2,-1.3,1,-0.9,2,1.1
S02000644,S02000688,4,0,0,0,-4,-4,-4,4,0,1,2.5,2,1.8,1,-0.9,2,-1.5
S02000644,S02000689,0,0,0,3,0,0,3,3,3,1,-1,1,-1.1,1,-0.7,2,1
S02000644,S02000690,3,0,0,0,-3,-3,-3,3,0,1,2.1,1,1.5,1,-0.7,2,-1.3
S02000644,S02000691,3,0,0,0,-3,-3,-3,3,0,1,2.1,1,1.5,1,-0.7,2,-1.3
S02000644,S02000692,5,0,0,0,-5,-5,-5,5,0,2,2.8,2,2,1,-1,3,-1.7
S02000644,S02000696,4,0,0,0,-4,-4,-4,4,0,1,2.5,2,1.8,1,-0.9,2,-1.5
S02000644,S02000716,3,0,0,0,-3,-3,-3,3,0,1,2.1,1,1.5,1,-0.7,2,-1.3
S02000644,S02000777,0,0,0,5,0,0,5,5,5,2,-1.2,2,-1.5,1,-1,3,1.3
S02000644,S02001000,4,0,0,9,-4,-4,5,13,9,4,0,6,-0.7,2,-1.6,7,0.6
S02000644,S02001004,0,4,0,0,0,4,0,4,4,1,-1.1,2,1.8,1,-0.9,2,-1.5
S02000644,S02001010,0,0,0,6,0,0,6,6,6,2,-1.4,3,-1.6,1,-1.1,3,1.4
S02000644,S02001013,4,5,0,13,-4,1,9,22,18,7,-1.1,9,-0.1,4,-2,13,0.1
S02000644,S02001015,0,11,3,3,3,11,3,17,17,5,-2.3,7,1.4,3,-0.1,10,-1.2
S02000644,S02001185,4,0,0,0,-4,-4,-4,4,0,1,2.5,2,1.8,1,-0.9,2,-1.5
S02000645,S02000270,0,0,3,0,3,0,0,3,3,1,-1,1,-1.1,1,3.3,2,1
S02000645,S02000275,4,0,0,0,-4,-4,-4,4,0,1,2.5,2,1.8,1,-0.9,2,-1.5
S02000645,S02000281,0,0,0,5,0,0,5,5,5,2,-1.2,2,-1.5,1,-1,3,1.3
S02000645,S02000584,0,3,0,0,0,3,0,3,3,1,-1,1,1.5,1,-0.7,2,-1.3
S02000645,S02000599,0,3,0,0,0,3,0,3,3,1,-1,1,1.5,1,-0.7,2,-1.3
S02000645,S02000610,0,0,0,3,0,0,3,3,3,1,-1,1,-1.1,1,-0.7,2,1
S02000645,S02000611,3,18,0,10,-3,15,7,31,28,10,-2.1,13,2.2,6,-2.4,18,-1.9
S02000645,S02000618,12,10,4,28,-8,-2,16,54,42,17,-1.2,23,-0.2,10,-1.9,31,0.2
S02000645,S02000619,3,0,0,0,-3,-3,-3,3,0,1,2.1,1,1.5,1,-0.7,2,-1.3
S02000645,S02000623,0,0,0,4,0,0,4,4,4,1,-1.1,2,-1.3,1,-0.9,2,1.1
S02000645,S02000625,0,0,0,7,0,0,7,7,7,2,-1.5,3,-1.7,1,-1.1,4,1.5
S02000645,S02000626,3,0,0,18,-3,-3,15,21,18,7,-1.4,9,-2,4,-2,12,1.7
S02000645,S02000628,3,3,0,0,-3,0,-3,6,3,2,0.8,3,2.2,1,-1.1,3,-1.9
S02000645,S02000629,5,3,0,0,-5,-2,-5,8,3,2,1.6,3,2.5,1,-1.2,5,-2.1
S02000645,S02000630,4,0,0,0,-4,-4,-4,4,0,1,2.5,2,1.8,1,-0.9,2,-1.5
S02000645,S02000631,0,0,0,4,0,0,4,4,4,1,-1.1,2,-1.3,1,-0.9,2,1.1
S02000645,S02000632,3,0,0,11,-3,-3,8,14,11,4,-0.7,6,-1.2,3,-1.6,8,1
S02000645,S02000633,17,8,9,23,-8,-9,6,57,40,18,-0.2,24,0.2,11,-0.5,33,-0.1
S02000645,S02000634,8,4,4,5,-4,-4,-3,21,13,7,0.6,9,1,4,0.1,12,-0.9
S02000645,S02000635,11,0,3,5,-8,-11,-6,19,8,6,2.1,8,1,4,-0.3,11,-0.9
S02000645,S02000636,10,0,7,15,-3,-10,5,32,22,10,0,14,-1,6,0.4,18,0.8
S02000645,S02000640,4,0,0,6,-4,-4,2,10,6,3,0.5,4,-0.1,2,-1.4,6,0.1
S02000645,S02000642,4,0,0,3,-4,-4,-1,7,3,2,1.2,3,0.6,1,-1.1,4,-0.5
S02000645,S02000643,9,0,7,5,-2,-9,-4,21,12,7,1,9,0,4,1.6,12,0
S02000645,S02000644,0,4,4,0,4,4,0,8,8,2,-1.6,3,0.3,1,2.1,5,-0.3
S02000645,S02000645,11,8,16,27,5,-3,16,62,51,19,-1.9,26,-1.4,11,1.3,36,1.2
S02000645,S02000646,4,0,0,7,-4,-4,3,11,7,3,0.3,5,-0.3,2,-1.4,6,0.3
S02000645,S02000647,3,0,0,0,-3,-3,-3,3,0,1,2.1,1,1.5,1,-0.7,2,-1.3
S02000645,S02000649,0,0,0,3,0,0,3,3,3,1,-1,1,-1.1,1,-0.7,2,1
S02000645,S02000650,0,0,0,3,0,0,3,3,3,1,-1,1,-1.1,1,-0.7,2,1
S02000645,S02000651,4,3,4,0,0,-1,-4,11,7,3,0.3,5,1.1,2,1.4,6,-0.9
S02000645,S02000652,8,0,5,6,-3,-8,-2,19,11,6,0.9,8,0,4,0.8,11,0
S02000645,S02000654,4,0,0,4,-4,-4,0,8,4,2,1,3,0.3,1,-1.2,5,-0.3
S02000645,S02000655,42,12,111,64,69,-30,22,229,187,71,-3.5,97,-4.4,42,10.5,132,3.8
S02000645,S02000656,7,11,0,0,-7,4,-7,18,11,6,0.6,8,3.7,3,-1.8,10,-3.2
S02000645,S02000658,73,15,13,85,-60,-58,12,186,113,58,2,79,1,34,-3.6,107,-0.9
S02000645,S02000659,5,3,4,10,-1,-2,5,22,17,7,-0.7,9,-0.4,4,0,13,0.4
S02000645,S02000660,13,3,0,7,-13,-10,-6,23,10,7,2.2,10,2,4,-2.1,13,-1.7
S02000645,S02000661,10,0,7,4,-3,-10,-6,21,11,7,1.4,9,0.4,4,1.6,12,-0.3
S02000645,S02000662,0,0,0,14,0,0,14,14,14,4,-2.1,6,-2.4,3,-1.6,8,2.1
S02000645,S02000663,6,13,0,21,-6,7,15,40,34,12,-1.8,17,0.5,7,-2.7,23,-0.4
S02000645,S02000664,7,3,0,0,-7,-4,-7,10,3,3,2.2,4,2.8,2,-1.4,6,-2.4
S02000645,S02000666,4,0,0,10,-4,-4,6,14,10,4,-0.2,6,-0.8,3,-1.6,8,0.7
S02000645,S02000667,5,4,0,0,-5,-1,-5,9,4,3,1.3,4,2.6,2,-1.3,5,-2.3
S02000645,S02000668,3,0,0,0,-3,-3,-3,3,0,1,2.1,1,1.5,1,-0.7,2,-1.3
S02000645,S02000669,0,0,0,5,0,0,5,5,5,2,-1.2,2,-1.5,1,-1,3,1.3
S02000645,S02000670,14,24,0,5,-14,10,-9,43,29,13,0.2,18,4.6,8,-2.8,25,-4
S02000645,S02000672,3,0,0,16,-3,-3,13,19,16,6,-1.2,8,-1.8,4,-1.9,11,1.5
S02000645,S02000674,8,0,4,16,-4,-8,8,28,20,9,-0.2,12,-1.1,5,-0.5,16,1
S02000645,S02000676,8,5,0,0,-8,-3,-8,13,5,4,2,6,3.2,2,-1.6,7,-2.7
S02000645,S02000684,0,5,0,0,0,5,0,5,5,2,-1.2,2,2,1,-1,3,-1.7
S02000645,S02000688,0,0,0,3,0,0,3,3,3,1,-1,1,-1.1,1,-0.7,2,1
S02000645,S02000689,10,0,0,0,-10,-10,-10,10,0,3,3.9,4,2.8,2,-1.4,6,-2.4
S02000645,S02000691,15,0,0,3,-15,-15,-12,18,3,6,4,8,2.7,3,-1.8,10,-2.3
S02000645,S02000701,3,0,0,0,-3,-3,-3,3,0,1,2.1,1,1.5,1,-0.7,2,-1.3
S02000645,S02000716,3,0,0,0,-3,-3,-3,3,0,1,2.1,1,1.5,1,-0.7,2,-1.3
S02000645,S02000923,0,9,0,0,0,9,0,9,9,3,-1.7,4,2.6,2,-1.3,5,-2.3
S02000645,S02001000,0,0,0,5,0,0,5,5,5,2,-1.2,2,-1.5,1,-1,3,1.3
S02000645,S02001010,4,6,0,0,-4,2,-4,10,6,3,0.5,4,2.8,2,-1.4,6,-2.4
S02000645,S02001013,0,0,4,6,4,0,6,10,10,3,-1.8,4,-2.1,2,1.6,6,1.8
S02000645,S02001157,0,3,0,0,0,3,0,3,3,1,-1,1,1.5,1,-0.7,2,-1.3
S02000645,S02001162,0,3,0,3,0,3,3,6,6,2,-1.4,3,0.3,1,-1.1,3,-0.2
S02000645,S02001185,12,0,0,0,-12,-12,-12,12,0,4,4.3,5,3.1,2,-1.5,7,-2.6
S02000646,S02000264,0,0,3,0,3,0,0,3,3,1,-1,1,-1.1,1,3.3,2,1
S02000646,S02000267,0,0,0,3,0,0,3,3,3,1,-1,1,-1.1,1,-0.7,2,1
S02000646,S02000270,0,0,4,0,4,0,0,4,4,1,-1.1,2,-1.3,1,3.8,2,1.1
S02000646,S02000588,3,0,0,0,-3,-3,-3,3,0,1,2.1,1,1.5,1,-0.7,2,-1.3
S02000646,S02000597,0,0,0,5,0,0,5,5,5,2,-1.2,2,-1.5,1,-1,3,1.3
S02000646,S02000611,0,11,3,5,3,11,5,19,19,6,-2.4,8,1,4,-0.3,11,-0.9
S02000646,S02000613,0,0,0,3,0,0,3,3,3,1,-1,1,-1.1,1,-0.7,2,1
S02000646,S02000618,14,0,0,13,-14,-14,-1,27,13,8,1.9,11,0.7,5,-2.2,16,-0.6
S02000646,S02000620,0,3,0,0,0,3,0,3,3,1,-1,1,1.5,1,-0.7,2,-1.3
S02000646,S02000626,0,0,0,5,0,0,5,5,5,2,-1.2,2,-1.5,1,-1,3,1.3
S02000646,S02000628,0,4,0,4,0,4,4,8,8,2,-1.6,3,0.3,1,-1.2,5,-0.3
S02000646,S02000629,8,10,0,6,-8,2,-2,24,16,7,0.2,10,2.4,4,-2.1,14,-2.1
S02000646,S02000630,4,0,0,0,-4,-4,-4,4,0,1,2.5,2,1.8,1,-0.9,2,-1.5
S02000646,S02000632,8,7,0,21,-8,-1,13,36,28,11,-1,15,-0.1,7,-2.6,21,0.1
S02000646,S02000633,14,16,6,29,-8,2,15,65,51,20,-1.4,28,0.4,12,-1.7,37,-0.4
S02000646,S02000634,11,0,8,7,-3,-11,-4,26,15,8,1,11,0,5,1.5,15,0
S02000646,S02000635,9,0,0,0,-9,-9,-9,9,0,3,3.7,4,2.6,2,-1.3,5,-2.3
S02000646,S02000636,8,7,0,18,-8,-1,10,33,25,10,-0.7,14,0.3,6,-2.5,19,-0.2
S02000646,S02000638,0,3,0,0,0,3,0,3,3,1,-1,1,1.5,1,-0.7,2,-1.3
S02000646,S02000640,5,3,3,6,-2,-2,1,17,12,5,-0.1,7,0.3,3,-0.1,10,-0.2
S02000646,S02000643,5,0,0,4,-5,-5,-1,9,4,3,1.3,4,0.6,2,-1.3,5,-0.5
S02000646,S02000645,0,0,7,3,7,0,3,10,10,3,-1.8,4,-2.1,2,3.8,6,1.8
S02000646,S02000646,13,0,5,37,-8,-13,24,55,42,17,-1,23,-2.1,10,-1.6,32,1.8
S02000646,S02000647,0,0,0,3,0,0,3,3,3,1,-1,1,-1.1,1,-0.7,2,1
S02000646,S02000648,3,0,0,10,-3,-3,7,13,10,4,-0.5,6,-1.1,2,-1.6,7,0.9
S02000646,S02000650,4,0,0,0,-4,-4,-4,4,0,1,2.5,2,1.8,1,-0.9,2,-1.5
S02000646,S02000651,0,0,3,4,3,0,4,7,7,2,-1.5,3,-1.7,1,1.5,4,1.5
S02000646,S02000652,4,0,0,28,-4,-4,24,32,28,10,-1.9,14,-2.6,6,-2.4,18,2.2
S02000646,S02000653,4,0,0,0,-4,-4,-4,4,0,1,2.5,2,1.8,1,-0.9,2,-1.5
S02000646,S02000654,8,0,0,4,-8,-8,-4,12,4,4,2.2,5,1.3,2,-1.5,7,-1.1
S02000646,S02000655,26,9,46,52,20,-17,26,133,107,41,-2.4,57,-2.9,25,4.3,76,2.5
S02000646,S02000656,0,9,0,0,0,9,0,9,9,3,-1.7,4,2.6,2,-1.3,5,-2.3
S02000646,S02000657,6,0,0,0,-6,-6,-6,6,0,2,3,3,2.2,1,-1.1,3,-1.9
S02000646,S02000658,65,6,16,80,-49,-59,15,167,102,52,1.8,71,0,31,-2.7,96,0
S02000646,S02000659,4,0,6,0,2,-4,-4,10,6,3,0.5,4,-0.1,2,3.1,6,0.1
S02000646,S02000661,3,0,6,3,3,-3,0,12,9,4,-0.4,5,-0.9,2,2.5,7,0.8
S02000646,S02000662,8,0,0,6,-8,-8,-2,14,6,4,1.7,6,0.8,3,-1.6,8,-0.7
S02000646,S02000663,8,13,12,24,4,5,16,57,49,18,-2.3,24,-0.7,11,0.4,33,0.6
S02000646,S02000664,4,0,0,0,-4,-4,-4,4,0,1,2.5,2,1.8,1,-0.9,2,-1.5
S02000646,S02000665,0,3,0,3,0,3,3,6,6,2,-1.4,3,0.3,1,-1.1,3,-0.2
S02000646,S02000666,3,0,0,4,-3,-3,1,7,4,2,0.6,3,0,1,-1.1,4,0
S02000646,S02000667,12,0,0,3,-12,-12,-9,15,3,5,3.4,6,2.2,3,-1.7,9,-1.9
S02000646,S02000670,14,12,0,4,-14,-2,-10,30,16,9,1.5,13,3.7,6,-2.4,17,-3.2
S02000646,S02000672,0,0,0,13,0,0,13,13,13,4,-2,6,-2.4,2,-1.6,7,2
S02000646,S02000674,8,6,5,37,-3,-2,29,56,48,17,-2.3,24,-2,10,-1.7,32,1.7
S02000646,S02000676,5,0,0,4,-5,-5,-1,9,4,3,1.3,4,0.6,2,-1.3,5,-0.5
S02000646,S02000684,0,3,0,0,0,3,0,3,3,1,-1,1,1.5,1,-0.7,2,-1.3
S02000646,S02000685,0,3,0,0,0,3,0,3,3,1,-1,1,1.5,1,-0.7,2,-1.3
S02000646,S02000689,5,0,0,3,-5,-5,-2,8,3,2,1.6,3,0.9,1,-1.2,5,-0.7
S02000646,S02000691,7,0,0,0,-7,-7,-7,7,0,2,3.3,3,2.3,1,-1.1,4,-2
S02000646,S02000695,0,0,0,4,0,0,4,4,4,1,-1.1,2,-1.3,1,-0.9,2,1.1
S02000646,S02000705,0,0,0,3,0,0,3,3,3,1,-1,1,-1.1,1,-0.7,2,1
S02000646,S02000923,3,3,0,0,-3,0,-3,6,3,2,0.8,3,2.2,1,-1.1,3,-1.9
S02000646,S02001010,3,5,0,5,-3,2,2,13,10,4,-0.5,6,1.1,2,-1.6,7,-0.9
S02000646,S02001013,0,8,0,6,0,8,6,14,14,4,-2.1,6,0.8,3,-1.6,8,-0.7
S02000646,S02001157,0,4,0,0,0,4,0,4,4,1,-1.1,2,1.8,1,-0.9,2,-1.5
S02000646,S02001161,0,0,0,3,0,0,3,3,3,1,-1,1,-1.1,1,-0.7,2,1
S02000646,S02001162,3,4,0,6,-3,1,3,13,10,4,-0.5,6,0.6,2,-1.6,7,-0.5
S02000646,S02001185,0,8,0,0,0,8,0,8,8,2,-1.6,3,2.5,1,-1.2,5,-2.1
S02000647,S02000260,0,0,0,4,0,0,4,4,4,1,-1.1,2,-1.3,1,-0.9,2,1.1
S02000647,S02000264,0,0,0,3,0,0,3,3,3,1,-1,1,-1.1,1,-0.7,2,1
S02000647,S02000279,3,0,0,0,-3,-3,-3,3,0,1,2.1,1,1.5,1,-0.7,2,-1.3
S02000647,S02000324,0,4,0,0,0,4,0,4,4,1,-1.1,2,1.8,1,-0.9,2,-1.5
S02000647,S02000590,0,3,0,0,0,3,0,3,3,1,-1,1,1.5,1,-0.7,2,-1.3
S02000647,S02000599,4,0,0,0,-4,-4,-4,4,0,1,2.5,2,1.8,1,-0.9,2,-1.5
S02000647,S02000603,0,0,0,3,0,0,3,3,3,1,-1,1,-1.1,1,-0.7,2,1
S02000647,S02000609,0,0,0,3,0,0,3,3,3,1,-1,1,-1.1,1,-0.7,2,1
S02000647,S02000611,0,4,0,0,0,4,0,4,4,1,-1.1,2,1.8,1,-0.9,2,-1.5
S02000647,S02000616,0,0,0,3,0,0,3,3,3,1,-1,1,-1.1,1,-0.7,2,1
S02000647,S02000622,0,0,0,3,0,0,3,3,3,1,-1,1,-1.1,1,-0.7,2,1
S02000647,S02000628,7,4,0,3,-7,-3,-4,14,7,4,1.3,6,2.1,3,-1.6,8,-1.8
S02000647,S02000629,0,4,0,0,0,4,0,4,4,1,-1.1,2,1.8,1,-0.9,2,-1.5
S02000647,S02000632,0,0,0,4,0,0,4,4,4,1,-1.1,2,-1.3,1,-0.9,2,1.1
S02000647,S02000633,9,3,0,33,-9,-6,24,45,36,14,-1.3,19,-1.6,8,-2.9,26,1.4
S02000647,S02000634,6,0,4,6,-2,-6,0,16,10,5,0.5,7,-0.3,3,0.6,9,0.3
S02000647,S02000635,3,0,0,7,-3,-3,4,10,7,3,-0.1,4,-0.6,2,-1.4,6,0.5
S02000647,S02000644,4,0,4,0,0,-4,-4,8,4,2,1,3,0.3,1,2.1,5,-0.3
S02000647,S02000647,6,3,4,19,-2,-3,13,32,26,10,-1.3,14,-1.2,6,-0.8,18,1.1
S02000647,S02000648,4,0,0,6,-4,-4,2,10,6,3,0.5,4,-0.1,2,-1.4,6,0.1
S02000647,S02000650,4,0,0,7,-4,-4,3,11,7,3,0.3,5,-0.3,2,-1.4,6,0.3
S02000647,S02000651,3,0,0,0,-3,-3,-3,3,0,1,2.1,1,1.5,1,-0.7,2,-1.3
S02000647,S02000653,4,0,0,0,-4,-4,-4,4,0,1,2.5,2,1.8,1,-0.9,2,-1.5
S02000647,S02000655,31,10,134,94,103,-21,63,269,238,84,-5.8,114,-6.9,50,11.9,155,5.9
S02000647,S02000656,0,4,3,0,3,4,0,7,7,2,-1.5,3,0.6,1,1.5,4,-0.5
S02000647,S02000657,3,0,0,5,-3,-3,2,8,5,2,0.3,3,-0.2,1,-1.2,5,0.2
S02000647,S02000658,68,14,43,227,-25,-54,159,352,284,110,-4,150,-5.5,65,-2.7,202,4.8
S02000647,S02000659,5,8,6,10,1,3,5,29,24,9,-1.3,12,0.2,5,0.3,17,-0.2
S02000647,S02000660,3,0,0,0,-3,-3,-3,3,0,1,2.1,1,1.5,1,-0.7,2,-1.3
S02000647,S02000661,5,0,8,10,3,-5,5,23,18,7,-0.8,10,-1.5,4,1.8,13,1.3
S02000647,S02000663,3,0,0,0,-3,-3,-3,3,0,1,2.1,1,1.5,1,-0.7,2,-1.3
S02000647,S02000664,3,0,0,0,-3,-3,-3,3,0,1,2.1,1,1.5,1,-0.7,2,-1.3
S02000647,S02000665,5,0,3,0,-2,-5,-5,8,3,2,1.6,3,0.9,1,1.2,5,-0.7
S02000647,S02000666,0,0,0,4,0,0,4,4,4,1,-1.1,2,-1.3,1,-0.9,2,1.1
S02000647,S02000669,3,0,4,0,1,-3,-3,7,4,2,0.6,3,0,1,2.4,4,0
S02000647,S02000670,10,3,0,5,-10,-7,-5,18,8,6,1.9,8,1.9,3,-1.8,10,-1.7
S02000647,S02000672,3,0,8,41,5,-3,38,52,49,16,-3.3,22,-4.1,10,-0.5,30,3.5
S02000647,S02000674,4,0,0,4,-4,-4,0,8,4,2,1,3,0.3,1,-1.2,5,-0.3
S02000647,S02000676,3,4,0,8,-3,1,5,15,12,5,-0.8,6,0.2,3,-1.7,9,-0.2
S02000647,S02000681,0,0,0,5,0,0,5,5,5,2,-1.2,2,-1.5,1,-1,3,1.3
S02000647,S02000684,0,4,0,3,0,4,3,7,7,2,-1.5,3,0.6,1,-1.1,4,-0.5
S02000647,S02000689,10,0,3,13,-7,-10,3,26,16,8,0.7,11,-0.3,5,-0.8,15,0.3
S02000647,S02000691,0,0,0,4,0,0,4,4,4,1,-1.1,2,-1.3,1,-0.9,2,1.1
S02000647,S02000695,0,0,0,3,0,0,3,3,3,1,-1,1,-1.1,1,-0.7,2,1
S02000647,S02000777,0,3,0,0,0,3,0,3,3,1,-1,1,1.5,1,-0.7,2,-1.3
S02000647,S02000923,0,4,0,0,0,4,0,4,4,1,-1.1,2,1.8,1,-0.9,2,-1.5
S02000647,S02000993,3,0,0,0,-3,-3,-3,3,0,1,2.1,1,1.5,1,-0.7,2,-1.3
S02000647,S02000999,0,0,0,3,0,0,3,3,3,1,-1,1,-1.1,1,-0.7,2,1
S02000647,S02001000,3,0,0,0,-3,-3,-3,3,0,1,2.1,1,1.5,1,-0.7,2,-1.3
S02000647,S02001013,0,3,0,3,0,3,3,6,6,2,-1.4,3,0.3,1,-1.1,3,-0.2
S02000647,S02001015,0,4,0,0,0,4,0,4,4,1,-1.1,2,1.8,1,-0.9,2,-1.5
S02000647,S02001161,3,0,0,0,-3,-3,-3,3,0,1,2.1,1,1.5,1,-0.7,2,-1.3
S02000647,S02001185,4,3,5,0,1,-1,-4,12,8,4,0.1,5,0.8,2,1.9,7,-0.7
S02000647,S02001192,3,0,0,0,-3,-3,-3,3,0,1,2.1,1,1.5,1,-0.7,2,-1.3
S02000648,S02000270,0,0,7,0,7,0,0,7,7,2,-1.5,3,-1.7,1,5,4,1.5
S02000648,S02000281,0,0,0,5,0,0,5,5,5,2,-1.2,2,-1.5,1,-1,3,1.3
S02000648,S02000587,0,4,0,0,0,4,0,4,4,1,-1.1,2,1.8,1,-0.9,2,-1.5
S02000648,S02000609,0,0,3,0,3,0,0,3,3,1,-1,1,-1.1,1,3.3,2,1
S02000648,S02000610,0,0,0,5,0,0,5,5,5,2,-1.2,2,-1.5,1,-1,3,1.3
S02000648,S02000611,0,0,0,7,0,0,7,7,7,2,-1.5,3,-1.7,1,-1.1,4,1.5
S02000648,S02000619,0,0,3,0,3,0,0,3,3,1,-1,1,-1.1,1,3.3,2,1
S02000648,S02000620,0,4,0,3,0,4,3,7,7,2,-1.5,3,0.6,1,-1.1,4,-0.5
S02000648,S02000623,0,0,0,3,0,0,3,3,3,1,-1,1,-1.1,1,-0.7,2,1
S02000648,S02000629,4,4,0,0,-4,0,-4,8,4,2,1,3,2.5,1,-1.2,5,-2.1
S02000648,S02000630,0,3,0,0,0,3,0,3,3,1,-1,1,1.5,1,-0.7,2,-1.3
S02000648,S02000631,0,0,0,4,0,0,4,4,4,1,-1.1,2,-1.3,1,-0.9,2,1.1
S02000648,S02000632,0,0,0,8,0,0,8,8,8,2,-1.6,3,-1.8,1,-1.2,5,1.6
S02000648,S02000633,13,13,7,34,-6,0,21,67,54,21,-1.7,28,-0.5,12,-1.5,39,0.4
S02000648,S02000634,6,0,5,4,-1,-6,-2,15,9,5,0.6,6,-0.2,3,1.3,9,0.1
S02000648,S02000635,0,0,0,9,0,0,9,9,9,3,-1.7,4,-2,2,-1.3,5,1.7
S02000648,S02000642,4,0,0,3,-4,-4,-1,7,3,2,1.2,3,0.6,1,-1.1,4,-0.5
S02000648,S02000643,3,0,0,7,-3,-3,4,10,7,3,-0.1,4,-0.6,2,-1.4,6,0.5
S02000648,S02000644,0,0,7,0,7,0,0,7,7,2,-1.5,3,-1.7,1,5,4,1.5
S02000648,S02000645,0,0,6,0,6,0,0,6,6,2,-1.4,3,-1.6,1,4.6,3,1.4
S02000648,S02000646,0,0,0,3,0,0,3,3,3,1,-1,1,-1.1,1,-0.7,2,1
S02000648,S02000647,5,0,3,8,-2,-5,3,16,11,5,0,7,-0.7,3,0,9,0.6
S02000648,S02000648,6,11,0,11,-6,5,5,28,22,9,-0.9,12,1.5,5,-2.3,16,-1.3
S02000648,S02000649,0,0,0,6,0,0,6,6,6,2,-1.4,3,-1.6,1,-1.1,3,1.4
S02000648,S02000650,9,0,3,10,-6,-9,1,22,13,7,0.8,9,-0.1,4,-0.5,13,0.1
S02000648,S02000651,0,3,4,4,4,3,4,11,11,3,-1.9,5,-0.8,2,1.4,6,0.7
S02000648,S02000654,3,0,0,5,-3,-3,2,8,5,2,0.3,3,-0.2,1,-1.2,5,0.2
S02000648,S02000655,38,8,102,110,64,-30,72,258,220,80,-4.7,110,-6.1,48,7.9,148,5.2
S02000648,S02000656,0,0,0,3,0,0,3,3,3,1,-1,1,-1.1,1,-0.7,2,1
S02000648,S02000657,7,0,0,6,-7,-7,-1,13,6,4,1.5,6,0.6,2,-1.6,7,-0.5
S02000648,S02000658,78,10,29,91,-49,-68,13,208,130,65,1.6,88,0,38,-1.5,120,0
S02000648,S02000659,13,6,14,32,1,-7,19,65,52,20,-1.6,28,-1.6,12,0.6,37,1.4
S02000648,S02000660,6,0,0,0,-6,-6,-6,6,0,2,3,3,2.2,1,-1.1,3,-1.9
S02000648,S02000661,5,0,11,12,6,-5,7,28,23,9,-1.3,12,-2,5,2.6,16,1.7
S02000648,S02000663,7,22,5,9,-2,15,2,43,36,13,-1.7,18,2.5,8,-1,25,-2.2
S02000648,S02000664,15,0,0,0,-15,-15,-15,15,0,5,4.8,6,3.4,3,-1.7,9,-2.9
S02000648,S02000665,0,0,8,3,8,0,3,11,11,3,-1.9,5,-2.2,2,4.2,6,1.9
S02000648,S02000666,0,0,0,5,0,0,5,5,5,2,-1.2,2,-1.5,1,-1,3,1.3
S02000648,S02000667,8,4,0,0,-8,-4,-8,12,4,4,2.2,5,3.1,2,-1.5,7,-2.6
S02000648,S02000669,0,0,8,4,8,0,4,12,12,4,-1.9,5,-2.3,2,3.9,7,1.9
S02000648,S02000670,10,4,0,4,-10,-6,-6,18,8,6,1.9,8,2.3,3,-1.8,10,-2
S02000648,S02000672,0,0,0,24,0,0,24,24,24,7,-2.7,10,-3.2,4,-2.1,14,2.7
S02000648,S02000674,4,0,0,10,-4,-4,6,14,10,4,-0.2,6,-0.8,3,-1.6,8,0.7
S02000648,S02000675,4,0,0,0,-4,-4,-4,4,0,1,2.5,2,1.8,1,-0.9,2,-1.5
S02000648,S02000676,5,9,0,4,-5,4,-1,18,13,6,-0.3,8,2.3,3,-1.8,10,-2
S02000648,S02000678,0,0,0,3,0,0,3,3,3,1,-1,1,-1.1,1,-0.7,2,1
S02000648,S02000680,5,0,0,4,-5,-5,-1,9,4,3,1.3,4,0.6,2,-1.3,5,-0.5
S02000648,S02000685,0,0,0,8,0,0,8,8,8,2,-1.6,3,-1.8,1,-1.2,5,1.6
S02000648,S02000689,8,0,0,9,-8,-8,1,17,9,5,1.2,7,0.3,3,-1.8,10,-0.2
S02000648,S02000691,13,0,0,6,-13,-13,-7,19,6,6,2.9,8,1.7,4,-1.9,11,-1.5
S02000648,S02000692,0,0,0,4,0,0,4,4,4,1,-1.1,2,-1.3,1,-0.9,2,1.1
S02000648,S02000701,7,4,0,0,-7,-3,-7,11,4,3,1.9,5,2.9,2,-1.4,6,-2.5
S02000648,S02001000,3,0,0,0,-3,-3,-3,3,0,1,2.1,1,1.5,1,-0.7,2,-1.3
S02000648,S02001013,0,5,0,7,0,5,7,12,12,4,-1.9,5,0,2,-1.5,7,0
S02000648,S02001154,3,0,0,0,-3,-3,-3,3,0,1,2.1,1,1.5,1,-0.7,2,-1.3
S02000648,S02001157,0,4,0,0,0,4,0,4,4,1,-1.1,2,1.8,1,-0.9,2,-1.5
S02000648,S02001161,0,0,0,7,0,0,7,7,7,2,-1.5,3,-1.7,1,-1.1,4,1.5
S02000648,S02001162,4,4,3,0,-1,0,-4,11,7,3,0.3,5,1.5,2,0.7,6,-1.3
S02000648,S02001185,5,3,4,0,-1,-2,-5,12,7,4,0.7,5,1.3,2,1.2,7,-1.1
S02000649,S02000270,0,0,4,0,4,0,0,4,4,1,-1.1,2,-1.3,1,3.8,2,1.1
S02000649,S02000597,3,0,0,4,-3,-3,1,7,4,2,0.6,3,0,1,-1.1,4,0
S02000649,S02000608,3,0,0,0,-3,-3,-3,3,0,1,2.1,1,1.5,1,-0.7,2,-1.3
S02000649,S02000615,0,0,3,0,3,0,0,3,3,1,-1,1,-1.1,1,3.3,2,1
S02000649,S02000625,5,0,0,7,-5,-5,2,12,7,4,0.7,5,0,2,-1.5,7,0
S02000649,S02000631,4,0,8,6,4,-4,2,18,14,6,-0.7,8,-1.3,3,2.6,10,1.1
S02000649,S02000634,5,0,0,3,-5,-5,-2,8,3,2,1.6,3,0.9,1,-1.2,5,-0.7
S02000649,S02000639,0,0,0,3,0,0,3,3,3,1,-1,1,-1.1,1,-0.7,2,1
S02000649,S02000642,4,0,0,0,-4,-4,-4,4,0,1,2.5,2,1.8,1,-0.9,2,-1.5
S02000649,S02000644,14,0,6,7,-8,-14,-7,27,13,8,1.9,11,0.7,5,0.4,16,-0.6
S02000649,S02000649,9,0,4,8,-5,-9,-1,21,12,7,1,9,0,4,0.1,12,0
S02000649,S02000651,0,0,3,3,3,0,3,6,6,2,-1.4,3,-1.6,1,1.8,3,1.4
S02000649,S02000655,9,3,31,40,22,-6,31,83,74,26,-3.3,35,-3.9,15,4,48,3.4
S02000649,S02000656,8,9,5,14,-3,1,6,36,28,11,-1,15,0.4,7,-0.6,21,-0.4
S02000649,S02000658,11,0,4,29,-7,-11,18,44,33,14,-0.7,19,-1.8,8,-1.5,25,1.5
S02000649,S02000660,12,4,0,7,-12,-8,-5,23,11,7,1.8,10,2,4,-2.1,13,-1.7
S02000649,S02000661,0,0,0,7,0,0,7,7,7,2,-1.5,3,-1.7,1,-1.1,4,1.5
S02000649,S02000664,0,0,0,8,0,0,8,8,8,2,-1.6,3,-1.8,1,-1.2,5,1.6
S02000649,S02000665,0,3,0,0,0,3,0,3,3,1,-1,1,1.5,1,-0.7,2,-1.3
S02000649,S02000666,0,0,0,4,0,0,4,4,4,1,-1.1,2,-1.3,1,-0.9,2,1.1
S02000649,S02000669,0,0,7,0,7,0,0,7,7,2,-1.5,3,-1.7,1,5,4,1.5
S02000649,S02000672,0,0,0,3,0,0,3,3,3,1,-1,1,-1.1,1,-0.7,2,1
S02000649,S02000684,4,0,0,0,-4,-4,-4,4,0,1,2.5,2,1.8,1,-0.9,2,-1.5
S02000649,S02001010,0,0,0,3,0,0,3,3,3,1,-1,1,-1.1,1,-0.7,2,1
S02000649,S02001013,3,4,0,10,-3,1,7,17,14,5,-1,7,-0.1,3,-1.8,10,0.1
S02000649,S02001015,0,4,0,0,0,4,0,4,4,1,-1.1,2,1.8,1,-0.9,2,-1.5
S02000650,S02000264,0,0,0,6,0,0,6,6,6,2,-1.4,3,-1.6,1,-1.1,3,1.4
S02000650,S02000270,0,0,7,0,7,0,0,7,7,2,-1.5,3,-1.7,1,5,4,1.5
S02000650,S02000277,3,0,0,0,-3,-3,-3,3,0,1,2.1,1,1.5,1,-0.7,2,-1.3
S02000650,S02000279,0,0,0,3,0,0,3,3,3,1,-1,1,-1.1,1,-0.7,2,1
S02000650,S02000312,0,0,0,3,0,0,3,3,3,1,-1,1,-1.1,1,-0.7,2,1
S02000650,S02000587,0,0,0,3,0,0,3,3,3,1,-1,1,-1.1,1,-0.7,2,1
S02000650,S02000603,0,0,0,3,0,0,3,3,3,1,-1,1,-1.1,1,-0.7,2,1
S02000650,S02000607,5,0,0,0,-5,-5,-5,5,0,2,2.8,2,2,1,-1,3,-1.7
S02000650,S02000610,0,0,0,4,0,0,4,4,4,1,-1.1,2,-1.3,1,-0.9,2,1.1
S02000650,S02000611,0,3,0,3,0,3,3,6,6,2,-1.4,3,0.3,1,-1.1,3,-0.2
S02000650,S02000616,0,0,0,5,0,0,5,5,5,2,-1.2,2,-1.5,1,-1,3,1.3
S02000650,S02000625,0,0,0,4,0,0,4,4,4,1,-1.1,2,-1.3,1,-0.9,2,1.1
S02000650,S02000628,6,0,0,0,-6,-6,-6,6,0,2,3,3,2.2,1,-1.1,3,-1.9
S02000650,S02000632,4,0,0,0,-4,-4,-4,4,0,1,2.5,2,1.8,1,-0.9,2,-1.5
S02000650,S02000633,15,4,9,21,-6,-11,6,49,34,15,-0.1,21,-0.4,9,0,28,0.3
S02000650,S02000634,15,0,0,8,-15,-15,-7,23,8,7,2.9,10,1.7,4,-2.1,13,-1.4
S02000650,S02000635,8,0,4,13,-4,-8,5,25,17,8,0.1,11,-0.8,5,-0.3,14,0.7
S02000650,S02000636,0,3,0,0,0,3,0,3,3,1,-1,1,1.5,1,-0.7,2,-1.3
S02000650,S02000643,4,0,0,0,-4,-4,-4,4,0,1,2.5,2,1.8,1,-0.9,2,-1.5
S02000650,S02000644,9,0,18,3,9,-9,-6,30,21,9,-0.1,13,-1.1,6,5.3,17,0.9
S02000650,S02000646,0,0,0,3,0,0,3,3,3,1,-1,1,-1.1,1,-0.7,2,1
S02000650,S02000647,6,0,0,7,-6,-6,1,13,7,4,1,6,0.2,2,-1.6,7,-0.2
S02000650,S02000649,0,0,3,3,3,0,3,6,6,2,-1.4,3,-1.6,1,1.8,3,1.4
S02000650,S02000650,4,3,0,10,-4,-1,6,17,13,5,-0.6,7,-0.1,3,-1.8,10,0.1
S02000650,S02000651,0,0,7,6,7,0,6,13,13,4,-2,6,-2.4,2,3,7,2
S02000650,S02000655,61,17,205,170,144,-44,109,453,392,141,-6.7,193,-8.3,84,13.2,260,7.1
S02000650,S02000656,0,4,0,0,0,4,0,4,4,1,-1.1,2,1.8,1,-0.9,2,-1.5
S02000650,S02000657,0,0,0,3,0,0,3,3,3,1,-1,1,-1.1,1,-0.7,2,1
S02000650,S02000658,103,19,53,185,-50,-84,82,360,257,112,-0.9,153,-2.5,67,-1.7,207,2.2
S02000650,S02000659,4,6,16,16,12,2,12,42,38,13,-2.5,18,-1.9,8,3,24,1.6
S02000650,S02000660,8,0,0,0,-8,-8,-8,8,0,2,3.5,3,2.5,1,-1.2,5,-2.1
S02000650,S02000661,5,0,18,11,13,-5,6,34,29,11,-1.7,14,-2.5,6,4.7,20,2.1
S02000650,S02000663,3,5,0,3,-3,2,0,11,8,3,-0.2,5,1.5,2,-1.4,6,-1.3
S02000650,S02000664,5,0,0,0,-5,-5,-5,5,0,2,2.8,2,2,1,-1,3,-1.7
S02000650,S02000665,3,4,10,3,7,1,0,20,17,6,-1.3,9,-0.5,4,3.3,11,0.4
S02000650,S02000666,3,0,0,4,-3,-3,1,7,4,2,0.6,3,0,1,-1.1,4,0
S02000650,S02000667,3,0,0,5,-3,-3,2,8,5,2,0.3,3,-0.2,1,-1.2,5,0.2
S02000650,S02000668,3,0,0,0,-3,-3,-3,3,0,1,2.1,1,1.5,1,-0.7,2,-1.3
S02000650,S02000669,0,0,3,10,3,0,10,13,13,4,-2,6,-2.4,2,0.4,7,2
S02000650,S02000670,9,4,0,4,-9,-5,-5,17,8,5,1.6,7,2.1,3,-1.8,10,-1.8
S02000650,S02000672,0,0,3,34,3,0,34,37,37,12,-3.4,16,-4,7,-1.5,21,3.4
S02000650,S02000674,0,0,3,12,3,0,12,15,15,5,-2.2,6,-2.5,3,0.1,9,2.2
S02000650,S02000675,0,0,0,4,0,0,4,4,4,1,-1.1,2,-1.3,1,-0.9,2,1.1
S02000650,S02000676,6,7,10,4,4,1,-2,27,21,8,-0.8,11,0.4,5,2.2,16,-0.4
S02000650,S02000680,0,0,0,3,0,0,3,3,3,1,-1,1,-1.1,1,-0.7,2,1
S02000650,S02000681,0,0,0,6,0,0,6,6,6,2,-1.4,3,-1.6,1,-1.1,3,1.4
S02000650,S02000688,0,0,0,6,0,0,6,6,6,2,-1.4,3,-1.6,1,-1.1,3,1.4
S02000650,S02000689,18,0,4,8,-14,-18,-10,30,12,9,2.8,13,1.5,6,-0.7,17,-1.3
S02000650,S02000690,3,0,0,0,-3,-3,-3,3,0,1,2.1,1,1.5,1,-0.7,2,-1.3
S02000650,S02000691,9,0,0,3,-9,-9,-6,12,3,4,2.7,5,1.7,2,-1.5,7,-1.5
S02000650,S02000999,0,0,0,3,0,0,3,3,3,1,-1,1,-1.1,1,-0.7,2,1
S02000650,S02001000,4,0,4,12,0,-4,8,20,16,6,-0.9,9,-1.5,4,0.2,11,1.3
S02000650,S02001010,7,0,0,0,-7,-7,-7,7,0,2,3.3,3,2.3,1,-1.1,4,-2
S02000650,S02001013,3,0,0,12,-3,-3,9,15,12,5,-0.8,6,-1.3,3,-1.7,9,1.2
S02000650,S02001015,0,3,4,0,4,3,0,7,7,2,-1.5,3,0,1,2.4,4,0
S02000650,S02001162,4,0,0,6,-4,-4,2,10,6,3,0.5,4,-0.1,2,-1.4,6,0.1
S02000650,S02001185,5,0,0,4,-5,-5,-1,9,4,3,1.3,4,0.6,2,-1.3,5,-0.5
S02000650,S02001190,0,0,0,3,0,0,3,3,3,1,-1,1,-1.1,1,-0.7,2,1
S02000650,S02001201,0,0,3,0,3,0,0,3,3,1,-1,1,-1.1,1,3.3,2,1
S02000651,S02000270,0,0,3,0,3,0,0,3,3,1,-1,1,-1.1,1,3.3,2,1
S02000651,S02000281,3,0,3,0,0,-3,-3,6,3,2,0.8,3,0.3,1,1.8,3,-0.2
S02000651,S02000588,4,0,0,0,-4,-4,-4,4,0,1,2.5,2,1.8,1,-0.9,2,-1.5
S02000651,S02000597,0,0,0,6,0,0,6,6,6,2,-1.4,3,-1.6,1,-1.1,3,1.4
S02000651,S02000610,0,0,0,4,0,0,4,4,4,1,-1.1,2,-1.3,1,-0.9,2,1.1
S02000651,S02000618,0,0,0,3,0,0,3,3,3,1,-1,1,-1.1,1,-0.7,2,1
S02000651,S02000622,0,3,0,3,0,3,3,6,6,2,-1.4,3,0.3,1,-1.1,3,-0.2
S02000651,S02000628,4,0,0,0,-4,-4,-4,4,0,1,2.5,2,1.8,1,-0.9,2,-1.5
S02000651,S02000629,3,0,0,0,-3,-3,-3,3,0,1,2.1,1,1.5,1,-0.7,2,-1.3
S02000651,S02000631,0,0,3,0,3,0,0,3,3,1,-1,1,-1.1,1,3.3,2,1
S02000651,S02000633,5,0,0,7,-5,-5,2,12,7,4,0.7,5,0,2,-1.5,7,0
S02000651,S02000634,10,0,3,3,-7,-10,-7,16,6,5,2.2,7,1.2,3,0,9,-1.1
S02000651,S02000635,0,0,3,4,3,0,4,7,7,2,-1.5,3,-1.7,1,1.5,4,1.5
S02000651,S02000638,0,5,0,0,0,5,0,5,5,2,-1.2,2,2,1,-1,3,-1.7
S02000651,S02000644,5,0,14,3,9,-5,-2,22,17,7,-0.7,9,-1.4,4,4.9,13,1.2
S02000651,S02000651,0,0,18,9,18,0,9,27,27,8,-2.9,11,-3.4,5,5.8,16,2.9
S02000651,S02000655,47,13,262,131,215,-34,84,453,406,141,-7.9,193,-9.6,84,19.5,260,8.2
S02000651,S02000656,3,3,0,0,-3,0,-3,6,3,2,0.8,3,2.2,1,-1.1,3,-1.9
S02000651,S02000658,36,8,29,114,-7,-28,78,187,151,58,-2.9,80,-4,35,-1,107,3.4
S02000651,S02000659,4,0,4,0,0,-4,-4,8,4,2,1,3,0.3,1,2.1,5,-0.3
S02000651,S02000660,16,0,0,0,-16,-16,-16,16,0,5,4.9,7,3.5,3,-1.7,9,-3
S02000651,S02000661,22,7,41,29,19,-15,7,99,77,31,-1.6,42,-2,18,5.3,57,1.7
S02000651,S02000664,11,4,0,10,-11,-7,-1,25,14,8,1.2,11,1.3,5,-2.2,14,-1.2
S02000651,S02000665,5,6,20,9,15,1,4,40,35,12,-2.1,17,-1.5,7,4.6,23,1.3
S02000651,S02000669,0,0,5,4,5,0,4,9,9,3,-1.7,4,-2,2,2.6,5,1.7
S02000651,S02000670,0,3,0,0,0,3,0,3,3,1,-1,1,1.5,1,-0.7,2,-1.3
S02000651,S02000671,0,0,0,5,0,0,5,5,5,2,-1.2,2,-1.5,1,-1,3,1.3
S02000651,S02000672,3,5,11,71,8,2,68,90,87,28,-4.7,38,-4.9,17,-1.4,52,4.2
S02000651,S02000674,0,0,0,4,0,0,4,4,4,1,-1.1,2,-1.3,1,-0.9,2,1.1
S02000651,S02000675,5,0,0,0,-5,-5,-5,5,0,2,2.8,2,2,1,-1,3,-1.7
S02000651,S02000676,3,3,5,4,2,0,1,15,12,5,-0.8,6,-0.2,3,1.3,9,0.1
S02000651,S02000677,0,0,0,4,0,0,4,4,4,1,-1.1,2,-1.3,1,-0.9,2,1.1
S02000651,S02000681,4,0,0,4,-4,-4,0,8,4,2,1,3,0.3,1,-1.2,5,-0.3
S02000651,S02000683,0,0,0,4,0,0,4,4,4,1,-1.1,2,-1.3,1,-0.9,2,1.1
S02000651,S02000684,4,7,0,4,-4,3,0,15,11,5,-0.3,6,1.8,3,-1.7,9,-1.6
S02000651,S02000688,9,0,0,0,-9,-9,-9,9,0,3,3.7,4,2.6,2,-1.3,5,-2.3
S02000651,S02000689,13,0,3,11,-10,-13,-2,27,14,8,1.6,11,0.4,5,-0.9,16,-0.4
S02000651,S02000691,4,0,0,0,-4,-4,-4,4,0,1,2.5,2,1.8,1,-0.9,2,-1.5
S02000651,S02000712,0,0,0,3,0,0,3,3,3,1,-1,1,-1.1,1,-0.7,2,1
S02000651,S02000781,0,0,3,0,3,0,0,3,3,1,-1,1,-1.1,1,3.3,2,1
S02000651,S02000993,5,0,0,0,-5,-5,-5,5,0,2,2.8,2,2,1,-1,3,-1.7
S02000651,S02000998,0,0,0,4,0,0,4,4,4,1,-1.1,2,-1.3,1,-0.9,2,1.1
S02000651,S02001000,5,0,5,4,0,-5,-1,14,9,4,0.3,6,-0.4,3,1.5,8,0.3
S02000651,S02001010,8,0,3,0,-5,-8,-8,11,3,3,2.5,5,1.5,2,0.7,6,-1.3
S02000651,S02001013,0,4,3,7,3,4,7,14,14,4,-2.1,6,-0.8,3,0.3,8,0.7
S02000651,S02001015,0,4,9,0,9,4,0,13,13,4,-2,6,-0.7,2,4.3,7,0.6
S02000651,S02001016,0,0,0,4,0,0,4,4,4,1,-1.1,2,-1.3,1,-0.9,2,1.1
S02000651,S02001156,0,0,0,3,0,0,3,3,3,1,-1,1,-1.1,1,-0.7,2,1
S02000651,S02001159,0,0,0,3,0,0,3,3,3,1,-1,1,-1.1,1,-0.7,2,1
S02000651,S02001185,3,0,5,5,2,-3,2,13,10,4,-0.5,6,-1.1,2,1.7,7,0.9
S02000652,S02000597,0,0,0,5,0,0,5,5,5,2,-1.2,2,-1.5,1,-1,3,1.3
S02000652,S02000607,4,0,0,0,-4,-4,-4,4,0,1,2.5,2,1.8,1,-0.9,2,-1.5
S02000652,S02000611,0,5,0,6,0,5,6,11,11,3,-1.9,5,0.1,2,-1.4,6,-0.1
S02000652,S02000613,0,0,0,3,0,0,3,3,3,1,-1,1,-1.1,1,-0.7,2,1
S02000652,S02000618,3,0,0,5,-3,-3,2,8,5,2,0.3,3,-0.2,1,-1.2,5,0.2
S02000652,S02000620,0,0,0,3,0,0,3,3,3,1,-1,1,-1.1,1,-0.7,2,1
S02000652,S02000628,3,0,0,0,-3,-3,-3,3,0,1,2.1,1,1.5,1,-0.7,2,-1.3
S02000652,S02000629,3,17,0,3,-3,14,0,23,20,7,-1.6,10,3.3,4,-2.1,13,-2.8
S02000652,S02000630,4,0,0,0,-4,-4,-4,4,0,1,2.5,2,1.8,1,-0.9,2,-1.5
S02000652,S02000632,7,0,0,11,-7,-7,4,18,11,6,0.6,8,-0.2,3,-1.8,10,0.2
S02000652,S02000633,6,9,0,20,-6,3,14,35,29,11,-1.5,15,0,6,-2.5,20,0
S02000652,S02000634,0,0,0,3,0,0,3,3,3,1,-1,1,-1.1,1,-0.7,2,1
S02000652,S02000635,3,0,0,0,-3,-3,-3,3,0,1,2.1,1,1.5,1,-0.7,2,-1.3
S02000652,S02000636,0,0,3,8,3,0,8,11,11,3,-1.9,5,-2.2,2,0.7,6,1.9
S02000652,S02000640,3,0,0,3,-3,-3,0,6,3,2,0.8,3,0.3,1,-1.1,3,-0.2
S02000652,S02000643,0,0,0,3,0,0,3,3,3,1,-1,1,-1.1,1,-0.7,2,1
S02000652,S02000645,0,3,8,0,8,3,0,11,11,3,-1.9,5,-0.8,2,4.2,6,0.7
S02000652,S02000646,0,0,0,11,0,0,11,11,11,3,-1.9,5,-2.2,2,-1.4,6,1.9
S02000652,S02000652,7,6,7,28,0,-1,21,48,41,15,-2.1,20,-1.6,9,-0.6,28,1.4
S02000652,S02000653,9,0,0,0,-9,-9,-9,9,0,3,3.7,4,2.6,2,-1.3,5,-2.3
S02000652,S02000654,10,0,6,4,-4,-10,-6,20,10,6,1.5,9,0.5,4,1.2,11,-0.4
S02000652,S02000655,14,7,31,25,17,-7,11,77,63,24,-2,33,-2.1,14,4.4,44,1.8
S02000652,S02000656,0,10,3,0,3,10,0,13,13,4,-2,6,1.9,2,0.4,7,-1.6
S02000652,S02000657,5,0,0,6,-5,-5,1,11,6,3,0.9,5,0.1,2,-1.4,6,-0.1
S02000652,S02000658,24,0,10,25,-14,-24,1,59,35,18,1.3,25,-0.2,11,-0.3,34,0.2
S02000652,S02000662,4,0,0,4,-4,-4,0,8,4,2,1,3,0.3,1,-1.2,5,-0.3
S02000652,S02000663,16,15,3,25,-13,-1,9,59,43,18,-0.6,25,1.2,11,-2.4,34,-1
S02000652,S02000664,3,0,0,0,-3,-3,-3,3,0,1,2.1,1,1.5,1,-0.7,2,-1.3
S02000652,S02000666,0,0,0,4,0,0,4,4,4,1,-1.1,2,-1.3,1,-0.9,2,1.1
S02000652,S02000667,3,0,0,0,-3,-3,-3,3,0,1,2.1,1,1.5,1,-0.7,2,-1.3
S02000652,S02000670,6,8,0,0,-6,2,-6,14,8,4,0.8,6,3.3,3,-1.6,8,-2.8
S02000652,S02000674,7,0,4,42,-3,-7,35,53,46,17,-2.3,23,-3.3,10,-1.9,30,2.8
S02000652,S02000684,0,0,0,3,0,0,3,3,3,1,-1,1,-1.1,1,-0.7,2,1
S02000652,S02000689,3,0,0,0,-3,-3,-3,3,0,1,2.1,1,1.5,1,-0.7,2,-1.3
S02000652,S02000691,4,0,0,0,-4,-4,-4,4,0,1,2.5,2,1.8,1,-0.9,2,-1.5
S02000652,S02000694,0,0,3,0,3,0,0,3,3,1,-1,1,-1.1,1,3.3,2,1
S02000652,S02000695,3,0,0,0,-3,-3,-3,3,0,1,2.1,1,1.5,1,-0.7,2,-1.3
S02000652,S02001013,0,3,0,4,0,3,4,7,7,2,-1.5,3,0,1,-1.1,4,0
S02000652,S02001162,0,0,0,3,0,0,3,3,3,1,-1,1,-1.1,1,-0.7,2,1
S02000653,S02000264,3,0,0,0,-3,-3,-3,3,0,1,2.1,1,1.5,1,-0.7,2,-1.3
S02000653,S02000584,3,0,0,0,-3,-3,-3,3,0,1,2.1,1,1.5,1,-0.7,2,-1.3
S02000653,S02000610,4,0,0,0,-4,-4,-4,4,0,1,2.5,2,1.8,1,-0.9,2,-1.5
S02000653,S02000611,0,5,0,3,0,5,3,8,8,2,-1.6,3,0.9,1,-1.2,5,-0.7
S02000653,S02000613,0,3,0,4,0,3,4,7,7,2,-1.5,3,0,1,-1.1,4,0
S02000653,S02000618,0,6,3,9,3,6,9,18,18,6,-2.4,8,-0.6,3,-0.2,10,0.5
S02000653,S02000626,3,0,3,3,0,-3,0,9,6,3,0.1,4,-0.4,2,1,5,0.4
S02000653,S02000629,6,9,0,0,-6,3,-6,15,9,5,0.6,6,3.4,3,-1.7,9,-2.9
S02000653,S02000630,0,0,0,3,0,0,3,3,3,1,-1,1,-1.1,1,-0.7,2,1
S02000653,S02000631,3,0,0,0,-3,-3,-3,3,0,1,2.1,1,1.5,1,-0.7,2,-1.3
S02000653,S02000632,0,0,0,4,0,0,4,4,4,1,-1.1,2,-1.3,1,-0.9,2,1.1
S02000653,S02000633,8,6,0,11,-8,-2,3,25,17,8,0.1,11,1,5,-2.2,14,-0.9
S02000653,S02000634,3,0,0,0,-3,-3,-3,3,0,1,2.1,1,1.5,1,-0.7,2,-1.3
S02000653,S02000640,5,0,0,0,-5,-5,-5,5,0,2,2.8,2,2,1,-1,3,-1.7
S02000653,S02000643,3,0,0,0,-3,-3,-3,3,0,1,2.1,1,1.5,1,-0.7,2,-1.3
S02000653,S02000644,0,0,3,0,3,0,0,3,3,1,-1,1,-1.1,1,3.3,2,1
S02000653,S02000645,3,0,0,7,-3,-3,4,10,7,3,-0.1,4,-0.6,2,-1.4,6,0.5
S02000653,S02000646,0,0,3,0,3,0,0,3,3,1,-1,1,-1.1,1,3.3,2,1
S02000653,S02000647,3,0,0,4,-3,-3,1,7,4,2,0.6,3,0,1,-1.1,4,0
S02000653,S02000650,0,0,0,3,0,0,3,3,3,1,-1,1,-1.1,1,-0.7,2,1
S02000653,S02000651,0,0,4,0,4,0,0,4,4,1,-1.1,2,-1.3,1,3.8,2,1.1
S02000653,S02000652,0,0,0,19,0,0,19,19,19,6,-2.4,8,-2.8,4,-1.9,11,2.4
S02000653,S02000653,16,5,0,9,-16,-11,-7,30,14,9,2.2,13,2.3,6,-2.4,17,-2
S02000653,S02000654,7,0,0,0,-7,-7,-7,7,0,2,3.3,3,2.3,1,-1.1,4,-2
S02000653,S02000655,14,5,29,34,15,-9,20,82,68,26,-2.3,35,-2.7,15,3.6,47,2.3
S02000653,S02000656,0,0,0,3,0,0,3,3,3,1,-1,1,-1.1,1,-0.7,2,1
S02000653,S02000657,5,0,0,0,-5,-5,-5,5,0,2,2.8,2,2,1,-1,3,-1.7
S02000653,S02000658,30,6,15,30,-15,-24,0,81,51,25,1,34,0.3,15,0,47,-0.2
S02000653,S02000659,0,0,3,3,3,0,3,6,6,2,-1.4,3,-1.6,1,1.8,3,1.4
S02000653,S02000660,0,0,0,3,0,0,3,3,3,1,-1,1,-1.1,1,-0.7,2,1
S02000653,S02000661,3,0,0,0,-3,-3,-3,3,0,1,2.1,1,1.5,1,-0.7,2,-1.3
S02000653,S02000662,8,4,9,12,1,-4,4,33,25,10,-0.7,14,-0.5,6,1.2,19,0.5
S02000653,S02000663,4,17,0,13,-4,13,9,34,30,11,-2,14,1.7,6,-2.5,20,-1.5
S02000653,S02000664,3,0,0,0,-3,-3,-3,3,0,1,2.1,1,1.5,1,-0.7,2,-1.3
S02000653,S02000665,0,0,0,3,0,0,3,3,3,1,-1,1,-1.1,1,-0.7,2,1
S02000653,S02000666,0,0,0,5,0,0,5,5,5,2,-1.2,2,-1.5,1,-1,3,1.3
S02000653,S02000667,0,0,0,3,0,0,3,3,3,1,-1,1,-1.1,1,-0.7,2,1
S02000653,S02000670,9,3,0,3,-9,-6,-6,15,6,5,2,6,2.2,3,-1.7,9,-1.9
S02000653,S02000672,0,0,0,5,0,0,5,5,5,2,-1.2,2,-1.5,1,-1,3,1.3
S02000653,S02000674,9,0,4,28,-5,-9,19,41,32,13,-1.1,17,-2,8,-1.3,24,1.7
S02000653,S02000676,4,3,0,0,-4,-1,-4,7,3,2,1.2,3,2.3,1,-1.1,4,-2
S02000653,S02000680,0,0,0,3,0,0,3,3,3,1,-1,1,-1.1,1,-0.7,2,1
S02000653,S02000684,0,0,0,3,0,0,3,3,3,1,-1,1,-1.1,1,-0.7,2,1
S02000653,S02000689,3,0,0,0,-3,-3,-3,3,0,1,2.1,1,1.5,1,-0.7,2,-1.3
S02000653,S02001153,3,0,0,0,-3,-3,-3,3,0,1,2.1,1,1.5,1,-0.7,2,-1.3
S02000653,S02001162,0,3,0,0,0,3,0,3,3,1,-1,1,1.5,1,-0.7,2,-1.3
S02000654,S02000264,0,4,0,0,0,4,0,4,4,1,-1.1,2,1.8,1,-0.9,2,-1.5
S02000654,S02000270,0,0,5,0,5,0,0,5,5,2,-1.2,2,-1.5,1,4.2,3,1.3
S02000654,S02000588,4,0,0,0,-4,-4,-4,4,0,1,2.5,2,1.8,1,-0.9,2,-1.5
S02000654,S02000597,0,0,3,3,3,0,3,6,6,2,-1.4,3,-1.6,1,1.8,3,1.4
S02000654,S02000608,4,0,0,0,-4,-4,-4,4,0,1,2.5,2,1.8,1,-0.9,2,-1.5
S02000654,S02000610,0,0,0,5,0,0,5,5,5,2,-1.2,2,-1.5,1,-1,3,1.3
S02000654,S02000611,0,15,6,3,6,15,3,24,24,7,-2.7,10,1.5,4,0.7,14,-1.3
S02000654,S02000613,3,0,0,3,-3,-3,0,6,3,2,0.8,3,0.3,1,-1.1,3,-0.2
S02000654,S02000616,0,5,0,3,0,5,3,8,8,2,-1.6,3,0.9,1,-1.2,5,-0.7
S02000654,S02000618,5,0,0,0,-5,-5,-5,5,0,2,2.8,2,2,1,-1,3,-1.7
S02000654,S02000620,0,0,3,9,3,0,9,12,12,4,-1.9,5,-2.3,2,0.5,7,1.9
S02000654,S02000622,0,0,0,3,0,0,3,3,3,1,-1,1,-1.1,1,-0.7,2,1
S02000654,S02000623,6,0,0,0,-6,-6,-6,6,0,2,3,3,2.2,1,-1.1,3,-1.9
S02000654,S02000625,3,0,0,0,-3,-3,-3,3,0,1,2.1,1,1.5,1,-0.7,2,-1.3
S02000654,S02000628,5,0,0,6,-5,-5,1,11,6,3,0.9,5,0.1,2,-1.4,6,-0.1
S02000654,S02000629,11,3,0,3,-11,-8,-8,17,6,5,2.5,7,2.5,3,-1.8,10,-2.2
S02000654,S02000630,7,0,0,4,-7,-7,-3,11,4,3,1.9,5,1.1,2,-1.4,6,-0.9
S02000654,S02000632,5,0,4,11,-1,-5,6,20,15,6,-0.5,9,-1.2,4,0.2,11,1
S02000654,S02000633,13,19,12,40,-1,6,27,84,71,26,-2.6,36,-0.6,16,-0.9,48,0.5
S02000654,S02000634,9,0,7,8,-2,-9,-1,24,15,7,0.6,10,-0.4,4,1.2,14,0.3
S02000654,S02000635,10,4,3,5,-7,-6,-5,22,12,7,1.2,9,1.5,4,-0.5,13,-1.3
S02000654,S02000636,3,0,0,5,-3,-3,2,8,5,2,0.3,3,-0.2,1,-1.2,5,0.2
S02000654,S02000640,4,0,0,12,-4,-4,8,16,12,5,-0.4,7,-1.1,3,-1.7,9,0.9
S02000654,S02000643,14,5,0,7,-14,-9,-7,26,12,8,2.1,11,2.4,5,-2.2,15,-2.1
S02000654,S02000646,0,0,0,3,0,0,3,3,3,1,-1,1,-1.1,1,-0.7,2,1
S02000654,S02000647,4,4,0,0,-4,0,-4,8,4,2,1,3,2.5,1,-1.2,5,-2.1
S02000654,S02000648,5,7,0,10,-5,2,5,22,17,7,-0.7,9,0.9,4,-2,13,-0.7
S02000654,S02000650,0,0,0,8,0,0,8,8,8,2,-1.6,3,-1.8,1,-1.2,5,1.6
S02000654,S02000651,0,3,0,3,0,3,3,6,6,2,-1.4,3,0.3,1,-1.1,3,-0.2
S02000654,S02000652,0,0,0,5,0,0,5,5,5,2,-1.2,2,-1.5,1,-1,3,1.3
S02000654,S02000653,6,0,0,0,-6,-6,-6,6,0,2,3,3,2.2,1,-1.1,3,-1.9
S02000654,S02000654,52,8,12,26,-40,-44,-26,98,46,31,3.9,42,2.8,18,-1.4,56,-2.4
S02000654,S02000655,39,9,66,83,27,-30,44,197,158,61,-2.9,84,-3.9,36,4.9,113,3.4
S02000654,S02000656,4,0,0,3,-4,-4,-1,7,3,2,1.2,3,0.6,1,-1.1,4,-0.5
S02000654,S02000657,13,0,0,4,-13,-13,-9,17,4,5,3.3,7,2.1,3,-1.8,10,-1.8
S02000654,S02000658,76,7,25,59,-51,-69,-17,167,91,52,3.3,71,1.4,31,-1.1,96,-1.2
S02000654,S02000659,9,4,5,16,-4,-5,7,34,25,11,-0.5,14,-0.4,6,-0.5,20,0.3
S02000654,S02000660,6,0,0,0,-6,-6,-6,6,0,2,3,3,2.2,1,-1.1,3,-1.9
S02000654,S02000661,0,0,0,6,0,0,6,6,6,2,-1.4,3,-1.6,1,-1.1,3,1.4
S02000654,S02000662,0,0,0,3,0,0,3,3,3,1,-1,1,-1.1,1,-0.7,2,1
S02000654,S02000663,22,26,12,38,-10,4,16,98,76,31,-1.5,42,1,18,-1.4,56,-0.8
S02000654,S02000664,9,0,0,0,-9,-9,-9,9,0,3,3.7,4,2.6,2,-1.3,5,-2.3
S02000654,S02000665,0,0,7,4,7,0,4,11,11,3,-1.9,5,-2.2,2,3.5,6,1.9
S02000654,S02000666,4,0,0,3,-4,-4,-1,7,3,2,1.2,3,0.6,1,-1.1,4,-0.5
S02000654,S02000667,8,3,0,11,-8,-5,3,22,14,7,0.4,9,0.5,4,-2,13,-0.5
S02000654,S02000668,3,0,0,0,-3,-3,-3,3,0,1,2.1,1,1.5,1,-0.7,2,-1.3
S02000654,S02000669,4,0,0,0,-4,-4,-4,4,0,1,2.5,2,1.8,1,-0.9,2,-1.5
S02000654,S02000670,11,13,0,7,-11,2,-4,31,20,10,0.4,13,3,6,-2.4,18,-2.6
S02000654,S02000672,0,0,0,8,0,0,8,8,8,2,-1.6,3,-1.8,1,-1.2,5,1.6
S02000654,S02000674,9,0,0,22,-9,-9,13,31,22,10,-0.2,13,-1.2,6,-2.4,18,1
S02000654,S02000676,6,4,5,7,-1,-2,1,22,16,7,-0.3,9,0.2,4,0.5,13,-0.2
S02000654,S02000680,0,0,0,6,0,0,6,6,6,2,-1.4,3,-1.6,1,-1.1,3,1.4
S02000654,S02000689,4,0,0,3,-4,-4,-1,7,3,2,1.2,3,0.6,1,-1.1,4,-0.5
S02000654,S02000695,0,0,0,3,0,0,3,3,3,1,-1,1,-1.1,1,-0.7,2,1
S02000654,S02000701,0,4,0,0,0,4,0,4,4,1,-1.1,2,1.8,1,-0.9,2,-1.5
S02000654,S02000702,0,3,0,0,0,3,0,3,3,1,-1,1,1.5,1,-0.7,2,-1.3
S02000654,S02000772,0,4,0,0,0,4,0,4,4,1,-1.1,2,1.8,1,-0.9,2,-1.5
S02000654,S02000776,0,3,0,0,0,3,0,3,3,1,-1,1,1.5,1,-0.7,2,-1.3
S02000654,S02000923,6,0,0,0,-6,-6,-6,6,0,2,3,3,2.2,1,-1.1,3,-1.9
S02000654,S02001000,4,0,0,0,-4,-4,-4,4,0,1,2.5,2,1.8,1,-0.9,2,-1.5
S02000654,S02001007,0,0,0,4,0,0,4,4,4,1,-1.1,2,-1.3,1,-0.9,2,1.1
S02000654,S02001010,0,0,0,5,0,0,5,5,5,2,-1.2,2,-1.5,1,-1,3,1.3
S02000654,S02001013,6,3,0,3,-6,-3,-3,12,6,4,1.2,5,1.7,2,-1.5,7,-1.5
S02000654,S02001014,0,3,0,0,0,3,0,3,3,1,-1,1,1.5,1,-0.7,2,-1.3
S02000654,S02001157,0,3,0,0,0,3,0,3,3,1,-1,1,1.5,1,-0.7,2,-1.3
S02000654,S02001162,0,0,0,6,0,0,6,6,6,2,-1.4,3,-1.6,1,-1.1,3,1.4
S02000654,S02001185,0,0,0,4,0,0,4,4,4,1,-1.1,2,-1.3,1,-0.9,2,1.1
S02000654,S02001192,3,0,0,0,-3,-3,-3,3,0,1,2.1,1,1.5,1,-0.7,2,-1.3
S02000655,S02000270,0,0,4,0,4,0,0,4,4,1,-1.1,2,-1.3,1,3.8,2,1.1
S02000655,S02000279,0,0,0,3,0,0,3,3,3,1,-1,1,-1.1,1,-0.7,2,1
S02000655,S02000281,0,0,0,4,0,0,4,4,4,1,-1.1,2,-1.3,1,-0.9,2,1.1
S02000655,S02000328,3,0,0,0,-3,-3,-3,3,0,1,2.1,1,1.5,1,-0.7,2,-1.3
S02000655,S02000585,3,0,0,0,-3,-3,-3,3,0,1,2.1,1,1.5,1,-0.7,2,-1.3
S02000655,S02000594,0,3,0,0,0,3,0,3,3,1,-1,1,1.5,1,-0.7,2,-1.3
S02000655,S02000597,0,0,0,5,0,0,5,5,5,2,-1.2,2,-1.5,1,-1,3,1.3
S02000655,S02000599,3,3,0,0,-3,0,-3,6,3,2,0.8,3,2.2,1,-1.1,3,-1.9
S02000655,S02000602,0,0,0,3,0,0,3,3,3,1,-1,1,-1.1,1,-0.7,2,1
S02000655,S02000607,10,0,0,0,-10,-10,-10,10,0,3,3.9,4,2.8,2,-1.4,6,-2.4
S02000655,S02000610,0,3,0,0,0,3,0,3,3,1,-1,1,1.5,1,-0.7,2,-1.3
S02000655,S02000614,0,0,0,5,0,0,5,5,5,2,-1.2,2,-1.5,1,-1,3,1.3
S02000655,S02000618,0,0,0,3,0,0,3,3,3,1,-1,1,-1.1,1,-0.7,2,1
S02000655,S02000622,0,0,0,10,0,0,10,10,10,3,-1.8,4,-2.1,2,-1.4,6,1.8
S02000655,S02000624,0,0,0,4,0,0,4,4,4,1,-1.1,2,-1.3,1,-0.9,2,1.1
S02000655,S02000625,0,0,0,12,0,0,12,12,12,4,-1.9,5,-2.3,2,-1.5,7,1.9
S02000655,S02000628,6,0,0,0,-6,-6,-6,6,0,2,3,3,2.2,1,-1.1,3,-1.9
S02000655,S02000631,0,0,0,3,0,0,3,3,3,1,-1,1,-1.1,1,-0.7,2,1
S02000655,S02000633,0,0,0,10,0,0,10,10,10,3,-1.8,4,-2.1,2,-1.4,6,1.8
S02000655,S02000634,10,0,3,7,-7,-10,-3,20,10,6,1.5,9,0.5,4,-0.4,11,-0.4
S02000655,S02000635,0,0,0,8,0,0,8,8,8,2,-1.6,3,-1.8,1,-1.2,5,1.6
S02000655,S02000642,5,0,0,0,-5,-5,-5,5,0,2,2.8,2,2,1,-1,3,-1.7
S02000655,S02000644,0,0,21,3,21,0,3,24,24,7,-2.7,10,-3.2,4,7.9,14,2.7
S02000655,S02000647,0,3,0,6,0,3,6,9,9,3,-1.7,4,-0.4,2,-1.3,5,0.4
S02000655,S02000651,5,4,16,9,11,-1,4,34,29,11,-1.7,14,-1.4,6,3.9,20,1.2
S02000655,S02000655,93,34,414,336,321,-59,243,877,784,273,-10.9,373,-12.7,162,19.8,504,11
S02000655,S02000656,8,0,3,4,-5,-8,-4,15,7,5,1.5,6,0.6,3,0.1,9,-0.6
S02000655,S02000658,57,11,64,342,7,-46,285,474,417,148,-7.5,202,-9.4,88,-2.5,272,8.1
S02000655,S02000659,0,0,10,4,10,0,4,14,14,4,-2.1,6,-2.4,3,4.6,8,2.1
S02000655,S02000660,9,0,0,0,-9,-9,-9,9,0,3,3.7,4,2.6,2,-1.3,5,-2.3
S02000655,S02000661,4,0,17,18,13,-4,14,39,35,12,-2.3,17,-3.1,7,3.6,22,2.7
S02000655,S02000664,9,0,0,14,-9,-9,5,23,14,7,0.7,10,-0.3,4,-2.1,13,0.2
S02000655,S02000665,4,6,15,18,11,2,14,43,39,13,-2.6,18,-1.9,8,2.5,25,1.7
S02000655,S02000668,3,0,0,0,-3,-3,-3,3,0,1,2.1,1,1.5,1,-0.7,2,-1.3
S02000655,S02000669,0,0,9,12,9,0,12,21,21,7,-2.6,9,-3,4,2.6,12,2.6
S02000655,S02000670,3,0,0,0,-3,-3,-3,3,0,1,2.1,1,1.5,1,-0.7,2,-1.3
S02000655,S02000671,0,0,0,4,0,0,4,4,4,1,-1.1,2,-1.3,1,-0.9,2,1.1
S02000655,S02000672,4,4,10,94,6,0,90,112,108,35,-5.2,48,-5.7,21,-2.4,64,4.9
S02000655,S02000674,0,0,0,5,0,0,5,5,5,2,-1.2,2,-1.5,1,-1,3,1.3
S02000655,S02000675,0,0,0,3,0,0,3,3,3,1,-1,1,-1.1,1,-0.7,2,1
S02000655,S02000676,4,0,4,8,0,-4,4,16,12,5,-0.4,7,-1.1,3,0.6,9,0.9
S02000655,S02000681,0,0,3,3,3,0,3,6,6,2,-1.4,3,-1.6,1,1.8,3,1.4
S02000655,S02000684,0,4,0,0,0,4,0,4,4,1,-1.1,2,1.8,1,-0.9,2,-1.5
S02000655,S02000685,0,0,3,0,3,0,0,3,3,1,-1,1,-1.1,1,3.3,2,1
S02000655,S02000687,0,0,0,3,0,0,3,3,3,1,-1,1,-1.1,1,-0.7,2,1
S02000655,S02000688,0,0,0,7,0,0,7,7,7,2,-1.5,3,-1.7,1,-1.1,4,1.5
S02000655,S02000689,10,0,3,11,-7,-10,1,24,14,7,0.9,10,-0.1,4,-0.7,14,0.1
S02000655,S02000691,4,0,0,0,-4,-4,-4,4,0,1,2.5,2,1.8,1,-0.9,2,-1.5
S02000655,S02000695,0,3,0,0,0,3,0,3,3,1,-1,1,1.5,1,-0.7,2,-1.3
S02000655,S02000701,5,0,0,0,-5,-5,-5,5,0,2,2.8,2,2,1,-1,3,-1.7
S02000655,S02000702,0,0,0,4,0,0,4,4,4,1,-1.1,2,-1.3,1,-0.9,2,1.1
S02000655,S02000705,0,4,0,0,0,4,0,4,4,1,-1.1,2,1.8,1,-0.9,2,-1.5
S02000655,S02000777,0,0,4,0,4,0,0,4,4,1,-1.1,2,-1.3,1,3.8,2,1.1
S02000655,S02000781,0,0,0,4,0,0,4,4,4,1,-1.1,2,-1.3,1,-0.9,2,1.1
S02000655,S02001000,5,0,6,7,1,-5,2,18,13,6,-0.3,8,-1,3,1.5,10,0.8
S02000655,S02001007,0,0,0,3,0,0,3,3,3,1,-1,1,-1.1,1,-0.7,2,1
S02000655,S02001010,15,3,3,3,-12,-12,-12,24,9,7,2.8,10,2.4,4,-0.7,14,-2.1
S02000655,S02001013,0,6,0,5,0,6,5,11,11,3,-1.9,5,0.6,2,-1.4,6,-0.5
S02000655,S02001014,0,3,0,0,0,3,0,3,3,1,-1,1,1.5,1,-0.7,2,-1.3
S02000655,S02001015,0,3,12,0,12,3,0,15,15,5,-2.2,6,-1.3,3,5.5,9,1.2
S02000655,S02001016,0,0,0,4,0,0,4,4,4,1,-1.1,2,-1.3,1,-0.9,2,1.1
S02000655,S02001185,5,0,0,0,-5,-5,-5,5,0,2,2.8,2,2,1,-1,3,-1.7
S02000655,S02001188,4,0,0,0,-4,-4,-4,4,0,1,2.5,2,1.8,1,-0.9,2,-1.5
S02000655,S02001192,3,0,0,0,-3,-3,-3,3,0,1,2.1,1,1.5,1,-0.7,2,-1.3
S02000655,S02001197,0,3,3,0,3,3,0,6,6,2,-1.4,3,0.3,1,1.8,3,-0.2
S02000656,S02000270,0,0,3,0,3,0,0,3,3,1,-1,1,-1.1,1,3.3,2,1
S02000656,S02000281,0,0,0,4,0,0,4,4,4,1,-1.1,2,-1.3,1,-0.9,2,1.1
S02000656,S02000287,0,0,0,5,0,0,5,5,5,2,-1.2,2,-1.5,1,-1,3,1.3
S02000656,S02000318,0,0,0,4,0,0,4,4,4,1,-1.1,2,-1.3,1,-0.9,2,1.1
S02000656,S02000586,3,0,0,0,-3,-3,-3,3,0,1,2.1,1,1.5,1,-0.7,2,-1.3
S02000656,S02000587,0,3,0,4,0,3,4,7,7,2,-1.5,3,0,1,-1.1,4,0
S02000656,S02000588,8,0,0,0,-8,-8,-8,8,0,2,3.5,3,2.5,1,-1.2,5,-2.1
S02000656,S02000590,3,0,0,4,-3,-3,1,7,4,2,0.6,3,0,1,-1.1,4,0
S02000656,S02000597,4,0,5,16,1,-4,12,25,21,8,-1.4,11,-2,5,0.2,14,1.7
S02000656,S02000601,0,0,3,0,3,0,0,3,3,1,-1,1,-1.1,1,3.3,2,1
S02000656,S02000602,0,0,0,6,0,0,6,6,6,2,-1.4,3,-1.6,1,-1.1,3,1.4
S02000656,S02000607,3,0,0,0,-3,-3,-3,3,0,1,2.1,1,1.5,1,-0.7,2,-1.3
S02000656,S02000608,3,0,0,0,-3,-3,-3,3,0,1,2.1,1,1.5,1,-0.7,2,-1.3
S02000656,S02000611,0,5,0,0,0,5,0,5,5,2,-1.2,2,2,1,-1,3,-1.7
S02000656,S02000612,4,0,0,0,-4,-4,-4,4,0,1,2.5,2,1.8,1,-0.9,2,-1.5
S02000656,S02000614,0,0,4,0,4,0,0,4,4,1,-1.1,2,-1.3,1,3.8,2,1.1
S02000656,S02000620,0,0,0,3,0,0,3,3,3,1,-1,1,-1.1,1,-0.7,2,1
S02000656,S02000622,0,0,0,3,0,0,3,3,3,1,-1,1,-1.1,1,-0.7,2,1
S02000656,S02000625,7,0,0,7,-7,-7,0,14,7,4,1.3,6,0.4,3,-1.6,8,-0.4
S02000656,S02000627,0,0,0,3,0,0,3,3,3,1,-1,1,-1.1,1,-0.7,2,1
S02000656,S02000628,0,0,0,9,0,0,9,9,9,3,-1.7,4,-2,2,-1.3,5,1.7
S02000656,S02000631,0,0,3,13,3,0,13,16,16,5,-2.2,7,-2.6,3,0,9,2.2
S02000656,S02000633,0,0,0,4,0,0,4,4,4,1,-1.1,2,-1.3,1,-0.9,2,1.1
S02000656,S02000634,12,7,0,18,-12,-5,6,37,25,12,0.1,16,0.8,7,-2.6,21,-0.7
S02000656,S02000635,4,0,0,3,-4,-4,-1,7,3,2,1.2,3,0.6,1,-1.1,4,-0.5
S02000656,S02000636,0,0,3,0,3,0,0,3,3,1,-1,1,-1.1,1,3.3,2,1
S02000656,S02000638,0,0,3,3,3,0,3,6,6,2,-1.4,3,-1.6,1,1.8,3,1.4
S02000656,S02000640,0,0,0,3,0,0,3,3,3,1,-1,1,-1.1,1,-0.7,2,1
S02000656,S02000642,0,8,3,7,3,8,7,18,18,6,-2.4,8,0.1,3,-0.2,10,-0.1
S02000656,S02000644,25,10,8,13,-17,-15,-12,56,31,17,1.8,24,2.3,10,-0.7,32,-2
S02000656,S02000649,13,6,6,7,-7,-7,-6,32,19,10,1,14,1.5,6,0,18,-1.3
S02000656,S02000651,6,0,5,3,-1,-6,-3,14,8,4,0.8,6,0,3,1.5,8,0
S02000656,S02000655,31,9,80,97,49,-22,66,217,186,68,-4.5,92,-5.4,40,6.3,125,4.7
S02000656,S02000656,31,64,27,86,-4,33,55,208,177,65,-4.2,88,0.7,38,-1.9,120,-0.6
S02000656,S02000658,18,4,14,51,-4,-14,33,87,69,27,-1.7,37,-2.5,16,-0.5,50,2.1
S02000656,S02000660,110,16,20,28,-90,-94,-82,174,64,54,7.6,74,6,32,-2.1,100,-5.2
S02000656,S02000661,3,0,10,19,7,-3,16,32,29,10,-2.2,14,-2.9,6,1.7,18,2.5
S02000656,S02000664,9,0,3,7,-6,-9,-2,19,10,6,1.3,8,0.3,4,-0.3,11,-0.3
S02000656,S02000665,0,0,0,7,0,0,7,7,7,2,-1.5,3,-1.7,1,-1.1,4,1.5
S02000656,S02000668,0,0,0,4,0,0,4,4,4,1,-1.1,2,-1.3,1,-0.9,2,1.1
S02000656,S02000669,0,0,7,3,7,0,3,10,10,3,-1.8,4,-2.1,2,3.8,6,1.8
S02000656,S02000670,5,3,0,0,-5,-2,-5,8,3,2,1.6,3,2.5,1,-1.2,5,-2.1
S02000656,S02000671,0,0,0,3,0,0,3,3,3,1,-1,1,-1.1,1,-0.7,2,1
S02000656,S02000672,6,0,11,31,5,-6,25,48,42,15,-2.3,20,-3.2,9,0.7,28,2.7
S02000656,S02000676,3,0,4,7,1,-3,4,14,11,4,-0.7,6,-1.2,3,0.9,8,1
S02000656,S02000681,0,0,0,4,0,0,4,4,4,1,-1.1,2,-1.3,1,-0.9,2,1.1
S02000656,S02000684,3,16,3,0,0,13,-3,22,19,7,-1.5,9,3.2,4,-0.5,13,-2.7
S02000656,S02000685,4,0,0,5,-4,-4,1,9,5,3,0.7,4,0.1,2,-1.3,5,-0.1
S02000656,S02000688,0,0,0,4,0,0,4,4,4,1,-1.1,2,-1.3,1,-0.9,2,1.1
S02000656,S02000689,10,0,0,5,-10,-10,-5,15,5,5,2.5,6,1.4,3,-1.7,9,-1.2
S02000656,S02000690,7,0,0,0,-7,-7,-7,7,0,2,3.3,3,2.3,1,-1.1,4,-2
S02000656,S02000691,0,0,0,3,0,0,3,3,3,1,-1,1,-1.1,1,-0.7,2,1
S02000656,S02000696,0,3,0,0,0,3,0,3,3,1,-1,1,1.5,1,-0.7,2,-1.3
S02000656,S02000710,0,5,0,0,0,5,0,5,5,2,-1.2,2,2,1,-1,3,-1.7
S02000656,S02000711,0,0,0,4,0,0,4,4,4,1,-1.1,2,-1.3,1,-0.9,2,1.1
S02000656,S02000712,3,3,0,0,-3,0,-3,6,3,2,0.8,3,2.2,1,-1.1,3,-1.9
S02000656,S02000998,3,3,0,0,-3,0,-3,6,3,2,0.8,3,2.2,1,-1.1,3,-1.9
S02000656,S02001000,6,0,5,10,-1,-6,4,21,15,7,-0.2,9,-1,4,0.6,12,0.8
S02000656,S02001010,8,3,0,4,-8,-5,-4,15,7,5,1.5,6,1.8,3,-1.7,9,-1.6
S02000656,S02001013,8,15,8,36,0,7,28,67,59,21,-2.8,28,-1,12,-1.2,39,0.9
S02000656,S02001014,0,3,0,8,0,3,8,11,11,3,-1.9,5,-0.8,2,-1.4,6,0.7
S02000656,S02001015,4,9,6,0,2,5,-4,19,15,6,-0.8,8,1.7,4,1.3,11,-1.5
S02000656,S02001016,0,3,0,7,0,3,7,10,10,3,-1.8,4,-0.6,2,-1.4,6,0.5
S02000656,S02001161,0,3,0,3,0,3,3,6,6,2,-1.4,3,0.3,1,-1.1,3,-0.2
S02000656,S02001162,3,0,0,0,-3,-3,-3,3,0,1,2.1,1,1.5,1,-0.7,2,-1.3
S02000656,S02001185,5,0,3,0,-2,-5,-5,8,3,2,1.6,3,0.9,1,1.2,5,-0.7
S02000657,S02000260,0,3,0,0,0,3,0,3,3,1,-1,1,1.5,1,-0.7,2,-1.3
S02000657,S02000264,0,0,0,3,0,0,3,3,3,1,-1,1,-1.1,1,-0.7,2,1
S02000657,S02000270,0,0,4,0,4,0,0,4,4,1,-1.1,2,-1.3,1,3.8,2,1.1
S02000657,S02000611,7,5,0,9,-7,-2,2,21,14,7,0.2,9,1,4,-2,12,-0.9
S02000657,S02000620,6,0,0,0,-6,-6,-6,6,0,2,3,3,2.2,1,-1.1,3,-1.9
S02000657,S02000621,3,0,0,0,-3,-3,-3,3,0,1,2.1,1,1.5,1,-0.7,2,-1.3
S02000657,S02000622,0,0,0,3,0,0,3,3,3,1,-1,1,-1.1,1,-0.7,2,1
S02000657,S02000629,0,5,0,0,0,5,0,5,5,2,-1.2,2,2,1,-1,3,-1.7
S02000657,S02000632,3,0,0,0,-3,-3,-3,3,0,1,2.1,1,1.5,1,-0.7,2,-1.3
S02000657,S02000633,15,8,3,21,-12,-7,6,47,32,15,0.1,20,0.7,9,-1.9,27,-0.6
S02000657,S02000634,10,0,4,6,-6,-10,-4,20,10,6,1.5,9,0.5,4,0.2,11,-0.4
S02000657,S02000635,8,0,0,3,-8,-8,-5,11,3,3,2.5,5,1.5,2,-1.4,6,-1.3
S02000657,S02000640,0,0,0,3,0,0,3,3,3,1,-1,1,-1.1,1,-0.7,2,1
S02000657,S02000643,14,0,0,0,-14,-14,-14,14,0,4,4.6,6,3.3,3,-1.6,8,-2.8
S02000657,S02000646,0,0,0,3,0,0,3,3,3,1,-1,1,-1.1,1,-0.7,2,1
S02000657,S02000648,3,6,0,8,-3,3,5,17,14,5,-1,7,0.7,3,-1.8,10,-0.6
S02000657,S02000652,4,0,0,0,-4,-4,-4,4,0,1,2.5,2,1.8,1,-0.9,2,-1.5
S02000657,S02000654,5,0,0,0,-5,-5,-5,5,0,2,2.8,2,2,1,-1,3,-1.7
S02000657,S02000655,37,0,41,40,4,-37,3,118,81,37,0,50,-1.9,22,4.1,68,1.6
S02000657,S02000656,0,4,0,0,0,4,0,4,4,1,-1.1,2,1.8,1,-0.9,2,-1.5
S02000657,S02000657,4,0,3,19,-1,-4,15,26,22,8,-1.4,11,-2.1,5,-0.8,15,1.8
S02000657,S02000658,61,4,7,46,-54,-57,-15,118,57,37,4,50,2.1,22,-3.2,68,-1.8
S02000657,S02000659,9,3,9,9,0,-6,0,30,21,9,-0.1,13,-0.2,6,1.5,17,0.2
S02000657,S02000661,0,0,0,3,0,0,3,3,3,1,-1,1,-1.1,1,-0.7,2,1
S02000657,S02000662,3,0,0,3,-3,-3,0,6,3,2,0.8,3,0.3,1,-1.1,3,-0.2
S02000657,S02000663,12,9,6,5,-6,-3,-7,32,20,10,0.6,14,2,6,0,18,-1.7
S02000657,S02000664,4,0,0,0,-4,-4,-4,4,0,1,2.5,2,1.8,1,-0.9,2,-1.5
S02000657,S02000667,15,4,3,7,-12,-11,-8,29,14,9,2,12,1.9,5,-1,17,-1.6
S02000657,S02000668,0,3,0,0,0,3,0,3,3,1,-1,1,1.5,1,-0.7,2,-1.3
S02000657,S02000669,0,0,0,5,0,0,5,5,5,2,-1.2,2,-1.5,1,-1,3,1.3
S02000657,S02000670,10,11,0,4,-10,1,-6,25,15,8,0.8,11,3.2,5,-2.2,14,-2.7
S02000657,S02000672,0,0,0,5,0,0,5,5,5,2,-1.2,2,-1.5,1,-1,3,1.3
S02000657,S02000674,5,0,3,10,-2,-5,5,18,13,6,-0.3,8,-1,3,-0.2,10,0.8
S02000657,S02000676,9,7,0,3,-9,-2,-6,19,10,6,1.3,8,2.8,4,-1.9,11,-2.4
S02000657,S02000678,3,0,0,0,-3,-3,-3,3,0,1,2.1,1,1.5,1,-0.7,2,-1.3
S02000657,S02000684,3,5,0,0,-3,2,-3,8,5,2,0.3,3,2.5,1,-1.2,5,-2.1
S02000657,S02000689,10,0,0,0,-10,-10,-10,10,0,3,3.9,4,2.8,2,-1.4,6,-2.4
S02000657,S02000691,4,0,0,3,-4,-4,-1,7,3,2,1.2,3,0.6,1,-1.1,4,-0.5
S02000657,S02000695,0,0,0,3,0,0,3,3,3,1,-1,1,-1.1,1,-0.7,2,1
S02000657,S02000697,3,0,0,0,-3,-3,-3,3,0,1,2.1,1,1.5,1,-0.7,2,-1.3
S02000657,S02000923,5,0,3,0,-2,-5,-5,8,3,2,1.6,3,0.9,1,1.2,5,-0.7
S02000657,S02001000,0,0,0,3,0,0,3,3,3,1,-1,1,-1.1,1,-0.7,2,1
S02000657,S02001010,5,0,0,0,-5,-5,-5,5,0,2,2.8,2,2,1,-1,3,-1.7
S02000657,S02001013,0,4,3,3,3,4,3,10,10,3,-1.8,4,-0.1,2,0.8,6,0.1
S02000657,S02001161,0,4,0,0,0,4,0,4,4,1,-1.1,2,1.8,1,-0.9,2,-1.5
S02000657,S02001185,4,0,0,0,-4,-4,-4,4,0,1,2.5,2,1.8,1,-0.9,2,-1.5
S02000658,S02000263,0,0,4,0,4,0,0,4,4,1,-1.1,2,-1.3,1,3.8,2,1.1
S02000658,S02000264,4,3,0,7,-4,-1,3,14,10,4,-0.2,6,0.4,3,-1.6,8,-0.4
S02000658,S02000269,0,0,0,3,0,0,3,3,3,1,-1,1,-1.1,1,-0.7,2,1
S02000658,S02000270,0,4,0,0,0,4,0,4,4,1,-1.1,2,1.8,1,-0.9,2,-1.5
S02000658,S02000328,3,0,0,0,-3,-3,-3,3,0,1,2.1,1,1.5,1,-0.7,2,-1.3
S02000658,S02000587,0,3,0,0,0,3,0,3,3,1,-1,1,1.5,1,-0.7,2,-1.3
S02000658,S02000588,0,4,0,3,0,4,3,7,7,2,-1.5,3,0.6,1,-1.1,4,-0.5
S02000658,S02000599,11,0,0,0,-11,-11,-11,11,0,3,4.1,5,2.9,2,-1.4,6,-2.5
S02000658,S02000607,8,0,0,0,-8,-8,-8,8,0,2,3.5,3,2.5,1,-1.2,5,-2.1
S02000658,S02000611,0,4,0,0,0,4,0,4,4,1,-1.1,2,1.8,1,-0.9,2,-1.5
S02000658,S02000622,0,0,0,10,0,0,10,10,10,3,-1.8,4,-2.1,2,-1.4,6,1.8
S02000658,S02000625,0,0,0,7,0,0,7,7,7,2,-1.5,3,-1.7,1,-1.1,4,1.5
S02000658,S02000628,5,0,5,6,0,-5,1,16,11,5,0,7,-0.7,3,1.2,9,0.6
S02000658,S02000631,0,3,0,0,0,3,0,3,3,1,-1,1,1.5,1,-0.7,2,-1.3
S02000658,S02000632,3,0,0,3,-3,-3,0,6,3,2,0.8,3,0.3,1,-1.1,3,-0.2
S02000658,S02000633,0,3,3,4,3,3,4,10,10,3,-1.8,4,-0.6,2,0.8,6,0.5
S02000658,S02000634,17,3,6,16,-11,-14,-1,42,25,13,1.1,18,0.5,8,-0.6,24,-0.4
S02000658,S02000635,8,0,9,9,1,-8,1,26,18,8,0,11,-0.9,5,1.9,15,0.8
S02000658,S02000643,3,0,0,3,-3,-3,0,6,3,2,0.8,3,0.3,1,-1.1,3,-0.2
S02000658,S02000644,4,0,17,5,13,-4,1,26,22,8,-1.4,11,-2.1,5,5.6,15,1.8
S02000658,S02000647,3,0,0,0,-3,-3,-3,3,0,1,2.1,1,1.5,1,-0.7,2,-1.3
S02000658,S02000648,0,0,0,3,0,0,3,3,3,1,-1,1,-1.1,1,-0.7,2,1
S02000658,S02000650,0,0,0,3,0,0,3,3,3,1,-1,1,-1.1,1,-0.7,2,1
S02000658,S02000651,3,3,15,3,12,0,0,24,21,7,-1.6,10,-1.3,4,5,14,1.1
S02000658,S02000655,61,28,338,230,277,-33,169,657,596,205,-10,279,-11.4,122,19.6,378,9.8
S02000658,S02000656,0,9,0,0,0,9,0,9,9,3,-1.7,4,2.6,2,-1.3,5,-2.3
S02000658,S02000658,110,29,147,692,37,-81,582,978,868,305,-11.1,416,-13.6,181,-2.5,562,11.7
S02000658,S02000659,0,0,6,9,6,0,9,15,15,5,-2.2,6,-2.5,3,1.9,9,2.2
S02000658,S02000660,6,0,0,0,-6,-6,-6,6,0,2,3,3,2.2,1,-1.1,3,-1.9
S02000658,S02000661,11,0,25,25,14,-11,14,61,50,19,-1.8,26,-2.9,11,4.1,35,2.5
S02000658,S02000664,12,0,0,5,-12,-12,-7,17,5,5,2.9,7,1.8,3,-1.8,10,-1.5
S02000658,S02000665,0,0,7,8,7,0,8,15,15,5,-2.2,6,-2.5,3,2.5,9,2.2
S02000658,S02000666,0,0,0,6,0,0,6,6,6,2,-1.4,3,-1.6,1,-1.1,3,1.4
S02000658,S02000667,3,0,0,0,-3,-3,-3,3,0,1,2.1,1,1.5,1,-0.7,2,-1.3
S02000658,S02000668,0,0,0,3,0,0,3,3,3,1,-1,1,-1.1,1,-0.7,2,1
S02000658,S02000669,6,0,10,16,4,-6,10,32,26,10,-1.3,14,-2.1,6,1.7,18,1.8
S02000658,S02000670,8,5,0,0,-8,-3,-8,13,5,4,2,6,3.2,2,-1.6,7,-2.7
S02000658,S02000672,7,3,14,79,7,-4,72,103,96,32,-4.4,44,-5.1,19,-1.2,59,4.4
S02000658,S02000676,0,0,7,4,7,0,4,11,11,3,-1.9,5,-2.2,2,3.5,6,1.9
S02000658,S02000680,0,0,0,6,0,0,6,6,6,2,-1.4,3,-1.6,1,-1.1,3,1.4
S02000658,S02000683,4,0,0,0,-4,-4,-4,4,0,1,2.5,2,1.8,1,-0.9,2,-1.5
S02000658,S02000684,0,9,0,0,0,9,0,9,9,3,-1.7,4,2.6,2,-1.3,5,-2.3
S02000658,S02000689,10,0,3,27,-7,-10,17,40,30,12,-0.7,17,-1.7,7,-1.6,23,1.5
S02000658,S02000691,3,0,0,3,-3,-3,0,6,3,2,0.8,3,0.3,1,-1.1,3,-0.2
S02000658,S02000692,0,0,0,3,0,0,3,3,3,1,-1,1,-1.1,1,-0.7,2,1
S02000658,S02000695,0,0,3,0,3,0,0,3,3,1,-1,1,-1.1,1,3.3,2,1
S02000658,S02000705,3,0,0,0,-3,-3,-3,3,0,1,2.1,1,1.5,1,-0.7,2,-1.3
S02000658,S02000712,3,0,0,0,-3,-3,-3,3,0,1,2.1,1,1.5,1,-0.7,2,-1.3
S02000658,S02000716,0,0,0,4,0,0,4,4,4,1,-1.1,2,-1.3,1,-0.9,2,1.1
S02000658,S02000784,0,0,0,3,0,0,3,3,3,1,-1,1,-1.1,1,-0.7,2,1
S02000658,S02000993,3,0,0,0,-3,-3,-3,3,0,1,2.1,1,1.5,1,-0.7,2,-1.3
S02000658,S02000998,0,0,3,0,3,0,0,3,3,1,-1,1,-1.1,1,3.3,2,1
S02000658,S02001000,0,0,4,15,4,0,15,19,19,6,-2.4,8,-2.8,4,0.3,11,2.4
S02000658,S02001010,6,0,0,0,-6,-6,-6,6,0,2,3,3,2.2,1,-1.1,3,-1.9
S02000658,S02001013,0,0,4,7,4,0,7,11,11,3,-1.9,5,-2.2,2,1.4,6,1.9
S02000658,S02001015,0,3,6,0,6,3,0,9,9,3,-1.7,4,-0.4,2,3.4,5,0.4
S02000658,S02001161,0,0,0,3,0,0,3,3,3,1,-1,1,-1.1,1,-0.7,2,1
S02000658,S02001185,9,6,6,7,-3,-3,-2,28,19,9,0.1,12,0.9,5,0.4,16,-0.8
S02000658,S02001189,0,0,0,3,0,0,3,3,3,1,-1,1,-1.1,1,-0.7,2,1
S02000659,S02000264,0,0,0,6,0,0,6,6,6,2,-1.4,3,-1.6,1,-1.1,3,1.4
S02000659,S02000270,0,0,16,3,16,0,3,19,19,6,-2.4,8,-2.8,4,6.7,11,2.4
S02000659,S02000275,3,0,0,0,-3,-3,-3,3,0,1,2.1,1,1.5,1,-0.7,2,-1.3
S02000659,S02000287,0,3,3,0,3,3,0,6,6,2,-1.4,3,0.3,1,1.8,3,-0.2
S02000659,S02000585,3,0,0,0,-3,-3,-3,3,0,1,2.1,1,1.5,1,-0.7,2,-1.3
S02000659,S02000587,0,4,0,0,0,4,0,4,4,1,-1.1,2,1.8,1,-0.9,2,-1.5
S02000659,S02000590,0,0,0,3,0,0,3,3,3,1,-1,1,-1.1,1,-0.7,2,1
S02000659,S02000597,0,0,0,5,0,0,5,5,5,2,-1.2,2,-1.5,1,-1,3,1.3
S02000659,S02000599,0,0,0,3,0,0,3,3,3,1,-1,1,-1.1,1,-0.7,2,1
S02000659,S02000603,0,0,0,5,0,0,5,5,5,2,-1.2,2,-1.5,1,-1,3,1.3
S02000659,S02000604,4,0,0,0,-4,-4,-4,4,0,1,2.5,2,1.8,1,-0.9,2,-1.5
S02000659,S02000607,10,0,0,0,-10,-10,-10,10,0,3,3.9,4,2.8,2,-1.4,6,-2.4
S02000659,S02000608,3,0,0,0,-3,-3,-3,3,0,1,2.1,1,1.5,1,-0.7,2,-1.3
S02000659,S02000611,9,9,0,5,-9,0,-4,23,14,7,0.7,10,2.6,4,-2.1,13,-2.3
S02000659,S02000612,0,0,0,6,0,0,6,6,6,2,-1.4,3,-1.6,1,-1.1,3,1.4
S02000659,S02000613,0,0,0,5,0,0,5,5,5,2,-1.2,2,-1.5,1,-1,3,1.3
S02000659,S02000615,4,0,0,0,-4,-4,-4,4,0,1,2.5,2,1.8,1,-0.9,2,-1.5
S02000659,S02000616,0,0,0,3,0,0,3,3,3,1,-1,1,-1.1,1,-0.7,2,1
S02000659,S02000618,4,0,0,0,-4,-4,-4,4,0,1,2.5,2,1.8,1,-0.9,2,-1.5
S02000659,S02000620,4,0,0,3,-4,-4,-1,7,3,2,1.2,3,0.6,1,-1.1,4,-0.5
S02000659,S02000622,0,0,0,5,0,0,5,5,5,2,-1.2,2,-1.5,1,-1,3,1.3
S02000659,S02000623,0,4,0,0,0,4,0,4,4,1,-1.1,2,1.8,1,-0.9,2,-1.5
S02000659,S02000625,0,0,0,3,0,0,3,3,3,1,-1,1,-1.1,1,-0.7,2,1
S02000659,S02000626,0,0,0,3,0,0,3,3,3,1,-1,1,-1.1,1,-0.7,2,1
S02000659,S02000628,11,0,0,3,-11,-11,-8,14,3,4,3.2,6,2.1,3,-1.6,8,-1.8
S02000659,S02000629,0,8,0,0,0,8,0,8,8,2,-1.6,3,2.5,1,-1.2,5,-2.1
S02000659,S02000630,3,0,0,0,-3,-3,-3,3,0,1,2.1,1,1.5,1,-0.7,2,-1.3
S02000659,S02000633,21,7,3,33,-18,-14,12,64,43,20,0.2,27,0.1,12,-2.6,37,-0.1
S02000659,S02000634,8,0,4,6,-4,-8,-2,18,10,6,1,8,0.1,3,0.4,10,-0.1
S02000659,S02000635,9,5,8,8,-1,-4,-1,30,21,9,-0.1,13,0.3,6,1,17,-0.3
S02000659,S02000638,0,0,0,5,0,0,5,5,5,2,-1.2,2,-1.5,1,-1,3,1.3
S02000659,S02000640,0,3,0,6,0,3,6,9,9,3,-1.7,4,-0.4,2,-1.3,5,0.4
S02000659,S02000643,7,0,0,0,-7,-7,-7,7,0,2,3.3,3,2.3,1,-1.1,4,-2
S02000659,S02000644,9,3,19,5,10,-6,-4,36,27,11,-0.7,15,-0.8,7,4.8,21,0.7
S02000659,S02000647,11,0,4,7,-7,-11,-4,22,11,7,1.6,9,0.5,4,0,13,-0.5
S02000659,S02000648,0,3,0,10,0,3,10,13,13,4,-2,6,-1.1,2,-1.6,7,0.9
S02000659,S02000650,3,0,0,14,-3,-3,11,17,14,5,-1,7,-1.6,3,-1.8,10,1.4
S02000659,S02000651,4,0,9,6,5,-4,2,19,15,6,-0.8,8,-1.4,4,2.9,11,1.2
S02000659,S02000652,3,0,0,0,-3,-3,-3,3,0,1,2.1,1,1.5,1,-0.7,2,-1.3
S02000659,S02000654,7,0,0,0,-7,-7,-7,7,0,2,3.3,3,2.3,1,-1.1,4,-2
S02000659,S02000655,78,32,241,194,163,-46,116,545,467,170,-7,232,-8,101,14,313,6.9
S02000659,S02000656,4,11,13,5,9,7,1,33,29,10,-2,14,0.3,6,2.8,19,-0.2
S02000659,S02000657,7,0,0,8,-7,-7,1,15,8,5,1.1,6,0.2,3,-1.7,9,-0.2
S02000659,S02000658,158,20,66,293,-92,-138,135,537,379,167,-0.7,228,-3.3,99,-3.3,309,2.9
S02000659,S02000659,17,7,35,56,18,-10,39,115,98,36,-3.1,49,-3.6,21,3,66,3.1
S02000659,S02000660,19,0,0,0,-19,-19,-19,19,0,6,5.4,8,3.8,4,-1.9,11,-3.3
S02000659,S02000661,6,3,17,25,11,-3,19,51,45,16,-2.5,22,-2.7,9,2.5,29,2.3
S02000659,S02000662,3,0,0,0,-3,-3,-3,3,0,1,2.1,1,1.5,1,-0.7,2,-1.3
S02000659,S02000663,3,4,0,7,-3,1,4,14,11,4,-0.7,6,0.4,3,-1.6,8,-0.4
S02000659,S02000664,15,3,6,10,-9,-12,-5,34,19,11,1.4,14,0.9,6,-0.1,20,-0.8
S02000659,S02000665,8,3,18,8,10,-5,0,37,29,12,-1,16,-1.2,7,4.3,21,1
S02000659,S02000666,14,0,0,12,-14,-14,-2,26,12,8,2.1,11,0.9,5,-2.2,15,-0.8
S02000659,S02000667,7,0,0,0,-7,-7,-7,7,0,2,3.3,3,2.3,1,-1.1,4,-2
S02000659,S02000669,0,0,13,4,13,0,4,17,17,5,-2.3,7,-2.7,3,5.6,10,2.3
S02000659,S02000670,15,17,0,5,-15,2,-10,37,22,12,1,16,4.1,7,-2.6,21,-3.5
S02000659,S02000672,0,0,3,37,3,0,37,40,40,12,-3.5,17,-4.1,7,-1.6,23,3.5
S02000659,S02000673,0,0,0,3,0,0,3,3,3,1,-1,1,-1.1,1,-0.7,2,1
S02000659,S02000674,4,0,0,0,-4,-4,-4,4,0,1,2.5,2,1.8,1,-0.9,2,-1.5
S02000659,S02000675,0,0,0,4,0,0,4,4,4,1,-1.1,2,-1.3,1,-0.9,2,1.1
S02000659,S02000676,5,11,6,3,1,6,-2,25,20,8,-1,11,1.6,5,0.6,14,-1.4
S02000659,S02000680,0,0,0,5,0,0,5,5,5,2,-1.2,2,-1.5,1,-1,3,1.3
S02000659,S02000681,0,0,0,5,0,0,5,5,5,2,-1.2,2,-1.5,1,-1,3,1.3
S02000659,S02000684,0,3,0,0,0,3,0,3,3,1,-1,1,1.5,1,-0.7,2,-1.3
S02000659,S02000685,3,0,0,0,-3,-3,-3,3,0,1,2.1,1,1.5,1,-0.7,2,-1.3
S02000659,S02000687,0,0,0,4,0,0,4,4,4,1,-1.1,2,-1.3,1,-0.9,2,1.1
S02000659,S02000688,0,0,0,6,0,0,6,6,6,2,-1.4,3,-1.6,1,-1.1,3,1.4
S02000659,S02000689,17,0,0,12,-17,-17,-5,29,12,9,2.7,12,1.3,5,-2.3,17,-1.1
S02000659,S02000690,3,0,0,0,-3,-3,-3,3,0,1,2.1,1,1.5,1,-0.7,2,-1.3
S02000659,S02000691,14,0,0,7,-14,-14,-7,21,7,7,2.9,9,1.7,4,-2,12,-1.5
S02000659,S02000692,3,0,0,3,-3,-3,0,6,3,2,0.8,3,0.3,1,-1.1,3,-0.2
S02000659,S02000693,4,0,0,0,-4,-4,-4,4,0,1,2.5,2,1.8,1,-0.9,2,-1.5
S02000659,S02000701,5,0,0,0,-5,-5,-5,5,0,2,2.8,2,2,1,-1,3,-1.7
S02000659,S02000702,0,0,3,3,3,0,3,6,6,2,-1.4,3,-1.6,1,1.8,3,1.4
S02000659,S02000705,0,0,0,3,0,0,3,3,3,1,-1,1,-1.1,1,-0.7,2,1
S02000659,S02000710,0,0,0,4,0,0,4,4,4,1,-1.1,2,-1.3,1,-0.9,2,1.1
S02000659,S02000923,0,0,0,6,0,0,6,6,6,2,-1.4,3,-1.6,1,-1.1,3,1.4
S02000659,S02000993,5,0,0,0,-5,-5,-5,5,0,2,2.8,2,2,1,-1,3,-1.7
S02000659,S02001000,0,0,5,3,5,0,3,8,8,2,-1.6,3,-1.8,1,2.9,5,1.6
S02000659,S02001010,5,0,0,0,-5,-5,-5,5,0,2,2.8,2,2,1,-1,3,-1.7
S02000659,S02001013,0,7,0,10,0,7,10,17,17,5,-2.3,7,-0.1,3,-1.8,10,0.1
S02000659,S02001014,0,4,0,0,0,4,0,4,4,1,-1.1,2,1.8,1,-0.9,2,-1.5
S02000659,S02001015,0,7,6,0,6,7,0,13,13,4,-2,6,0.6,2,2.3,7,-0.5
S02000659,S02001016,0,0,3,0,3,0,0,3,3,1,-1,1,-1.1,1,3.3,2,1
S02000659,S02001159,0,0,0,3,0,0,3,3,3,1,-1,1,-1.1,1,-0.7,2,1
S02000659,S02001162,0,4,0,7,0,4,7,11,11,3,-1.9,5,-0.3,2,-1.4,6,0.3
S02000659,S02001185,8,0,4,0,-4,-8,-8,12,4,4,2.2,5,1.3,2,1.2,7,-1.1
S02000660,S02000279,0,0,0,3,0,0,3,3,3,1,-1,1,-1.1,1,-0.7,2,1
S02000660,S02000323,3,0,0,0,-3,-3,-3,3,0,1,2.1,1,1.5,1,-0.7,2,-1.3
S02000660,S02000584,0,0,0,3,0,0,3,3,3,1,-1,1,-1.1,1,-0.7,2,1
S02000660,S02000587,0,3,0,0,0,3,0,3,3,1,-1,1,1.5,1,-0.7,2,-1.3
S02000660,S02000590,0,0,0,4,0,0,4,4,4,1,-1.1,2,-1.3,1,-0.9,2,1.1
S02000660,S02000597,13,0,5,7,-8,-13,-6,25,12,8,1.9,11,0.7,5,0.2,14,-0.6
S02000660,S02000599,5,3,0,0,-5,-2,-5,8,3,2,1.6,3,2.5,1,-1.2,5,-2.1
S02000660,S02000601,5,0,0,0,-5,-5,-5,5,0,2,2.8,2,2,1,-1,3,-1.7
S02000660,S02000603,6,0,0,5,-6,-6,-1,11,5,3,1.4,5,0.6,2,-1.4,6,-0.5
S02000660,S02000607,10,0,0,0,-10,-10,-10,10,0,3,3.9,4,2.8,2,-1.4,6,-2.4
S02000660,S02000608,13,0,0,0,-13,-13,-13,13,0,4,4.4,6,3.2,2,-1.6,7,-2.7
S02000660,S02000611,0,4,0,0,0,4,0,4,4,1,-1.1,2,1.8,1,-0.9,2,-1.5
S02000660,S02000617,4,0,0,3,-4,-4,-1,7,3,2,1.2,3,0.6,1,-1.1,4,-0.5
S02000660,S02000622,0,0,0,6,0,0,6,6,6,2,-1.4,3,-1.6,1,-1.1,3,1.4
S02000660,S02000624,0,0,0,3,0,0,3,3,3,1,-1,1,-1.1,1,-0.7,2,1
S02000660,S02000625,15,0,0,22,-15,-15,7,37,22,12,1,16,-0.2,7,-2.6,21,0.2
S02000660,S02000627,7,3,0,11,-7,-4,4,21,14,7,0.2,9,0.4,4,-2,12,-0.3
S02000660,S02000628,5,0,3,4,-2,-5,-1,12,7,4,0.7,5,0,2,0.5,7,0
S02000660,S02000631,4,5,4,11,0,1,7,24,20,7,-1.3,10,-0.4,4,-0.2,14,0.3
S02000660,S02000633,3,0,0,3,-3,-3,0,6,3,2,0.8,3,0.3,1,-1.1,3,-0.2
S02000660,S02000634,19,3,13,23,-6,-16,4,58,39,18,0.2,25,-0.5,11,0.7,33,0.5
S02000660,S02000635,6,0,3,4,-3,-6,-2,13,7,4,1,6,0.2,2,0.4,7,-0.2
S02000660,S02000637,5,0,0,4,-5,-5,-1,9,4,3,1.3,4,0.6,2,-1.3,5,-0.5
S02000660,S02000638,4,0,0,5,-4,-4,1,9,5,3,0.7,4,0.1,2,-1.3,5,-0.1
S02000660,S02000639,3,0,0,0,-3,-3,-3,3,0,1,2.1,1,1.5,1,-0.7,2,-1.3
S02000660,S02000641,5,0,0,0,-5,-5,-5,5,0,2,2.8,2,2,1,-1,3,-1.7
S02000660,S02000642,19,7,8,16,-11,-12,-3,50,31,16,0.9,21,1,9,-0.4,29,-0.9
S02000660,S02000644,27,7,16,8,-11,-20,-19,58,31,18,2.1,25,1.9,11,1.6,33,-1.6
S02000660,S02000649,15,5,8,8,-7,-10,-7,36,21,11,1.1,15,1.2,7,0.5,21,-1
S02000660,S02000651,3,0,3,0,0,-3,-3,6,3,2,0.8,3,0.3,1,1.8,3,-0.2
S02000660,S02000655,48,12,102,72,54,-36,24,234,186,73,-2.9,100,-4,43,8.9,134,3.4
S02000660,S02000656,34,45,11,92,-23,11,58,182,148,57,-3,77,0.2,34,-3.9,105,-0.2
S02000660,S02000658,31,7,15,50,-16,-24,19,103,72,32,-0.2,44,-0.9,19,-0.9,59,0.8
S02000660,S02000660,214,30,31,63,-183,-184,-151,338,124,105,10.6,144,8.4,63,-4,194,-7.2
S02000660,S02000661,14,3,12,14,-2,-11,0,43,29,13,0.2,18,-0.3,8,1.4,25,0.3
S02000660,S02000663,0,4,0,0,0,4,0,4,4,1,-1.1,2,1.8,1,-0.9,2,-1.5
S02000660,S02000664,9,4,4,7,-5,-5,-2,24,15,7,0.6,10,0.9,4,-0.2,14,-0.8
S02000660,S02000666,0,0,0,3,0,0,3,3,3,1,-1,1,-1.1,1,-0.7,2,1
S02000660,S02000667,0,3,0,0,0,3,0,3,3,1,-1,1,1.5,1,-0.7,2,-1.3
S02000660,S02000668,0,0,3,0,3,0,0,3,3,1,-1,1,-1.1,1,3.3,2,1
S02000660,S02000669,0,0,4,8,4,0,8,12,12,4,-1.9,5,-2.3,2,1.2,7,1.9
S02000660,S02000670,4,3,3,0,-1,-1,-4,10,6,3,0.5,4,1.3,2,0.8,6,-1.1
S02000660,S02000671,0,0,0,7,0,0,7,7,7,2,-1.5,3,-1.7,1,-1.1,4,1.5
S02000660,S02000672,0,0,3,27,3,0,27,30,30,9,-3.1,13,-3.6,6,-1.1,17,3.1
S02000660,S02000676,9,6,0,4,-9,-3,-5,19,10,6,1.3,8,2.4,4,-1.9,11,-2.1
S02000660,S02000677,0,0,3,0,3,0,0,3,3,1,-1,1,-1.1,1,3.3,2,1
S02000660,S02000679,0,0,0,3,0,0,3,3,3,1,-1,1,-1.1,1,-0.7,2,1
S02000660,S02000684,0,17,0,0,0,17,0,17,17,5,-2.3,7,3.6,3,-1.8,10,-3.1
S02000660,S02000688,3,0,0,0,-3,-3,-3,3,0,1,2.1,1,1.5,1,-0.7,2,-1.3
S02000660,S02000689,15,0,4,4,-11,-15,-11,23,8,7,2.9,10,1.7,4,-0.1,13,-1.4
S02000660,S02000702,4,0,0,0,-4,-4,-4,4,0,1,2.5,2,1.8,1,-0.9,2,-1.5
S02000660,S02000705,0,4,0,0,0,4,0,4,4,1,-1.1,2,1.8,1,-0.9,2,-1.5
S02000660,S02000710,3,0,0,0,-3,-3,-3,3,0,1,2.1,1,1.5,1,-0.7,2,-1.3
S02000660,S02000711,0,3,0,0,0,3,0,3,3,1,-1,1,1.5,1,-0.7,2,-1.3
S02000660,S02000712,0,3,0,0,0,3,0,3,3,1,-1,1,1.5,1,-0.7,2,-1.3
S02000660,S02000716,3,0,0,0,-3,-3,-3,3,0,1,2.1,1,1.5,1,-0.7,2,-1.3
S02000660,S02000781,0,0,0,5,0,0,5,5,5,2,-1.2,2,-1.5,1,-1,3,1.3
S02000660,S02000923,0,0,0,3,0,0,3,3,3,1,-1,1,-1.1,1,-0.7,2,1
S02000660,S02001000,6,7,4,8,-2,1,2,25,19,8,-0.6,11,0.7,5,-0.3,14,-0.6
S02000660,S02001007,0,3,0,0,0,3,0,3,3,1,-1,1,1.5,1,-0.7,2,-1.3
S02000660,S02001010,8,8,0,11,-8,0,3,27,19,8,-0.1,11,1.3,5,-2.2,16,-1.1
S02000660,S02001011,3,0,0,0,-3,-3,-3,3,0,1,2.1,1,1.5,1,-0.7,2,-1.3
S02000660,S02001013,9,33,4,77,-5,24,68,123,114,38,-4.7,52,-1.4,23,-3.9,71,1.2
S02000660,S02001014,5,6,3,5,-2,1,0,19,14,6,-0.4,8,1,4,-0.3,11,-0.9
S02000660,S02001015,0,22,6,11,6,22,11,39,39,12,-3.5,17,1.3,7,-0.5,22,-1.1
S02000660,S02001016,0,0,0,13,0,0,13,13,13,4,-2,6,-2.4,2,-1.6,7,2
S02000660,S02001017,4,0,0,0,-4,-4,-4,4,0,1,2.5,2,1.8,1,-0.9,2,-1.5
S02000660,S02001018,0,0,0,3,0,0,3,3,3,1,-1,1,-1.1,1,-0.7,2,1
S02000660,S02001162,0,3,0,0,0,3,0,3,3,1,-1,1,1.5,1,-0.7,2,-1.3
S02000660,S02001185,11,4,0,7,-11,-7,-4,22,11,7,1.6,9,1.8,4,-2,13,-1.6
S02000661,S02000263,0,0,4,0,4,0,0,4,4,1,-1.1,2,-1.3,1,3.8,2,1.1
S02000661,S02000264,0,0,0,3,0,0,3,3,3,1,-1,1,-1.1,1,-0.7,2,1
S02000661,S02000269,0,0,0,3,0,0,3,3,3,1,-1,1,-1.1,1,-0.7,2,1
S02000661,S02000271,3,0,0,0,-3,-3,-3,3,0,1,2.1,1,1.5,1,-0.7,2,-1.3
S02000661,S02000281,5,0,0,0,-5,-5,-5,5,0,2,2.8,2,2,1,-1,3,-1.7
S02000661,S02000327,4,0,0,0,-4,-4,-4,4,0,1,2.5,2,1.8,1,-0.9,2,-1.5
S02000661,S02000328,3,0,0,0,-3,-3,-3,3,0,1,2.1,1,1.5,1,-0.7,2,-1.3
S02000661,S02000597,4,0,0,4,-4,-4,0,8,4,2,1,3,0.3,1,-1.2,5,-0.3
S02000661,S02000599,8,0,0,0,-8,-8,-8,8,0,2,3.5,3,2.5,1,-1.2,5,-2.1
S02000661,S02000601,4,0,0,0,-4,-4,-4,4,0,1,2.5,2,1.8,1,-0.9,2,-1.5
S02000661,S02000602,0,0,0,4,0,0,4,4,4,1,-1.1,2,-1.3,1,-0.9,2,1.1
S02000661,S02000614,0,0,0,4,0,0,4,4,4,1,-1.1,2,-1.3,1,-0.9,2,1.1
S02000661,S02000620,0,0,0,3,0,0,3,3,3,1,-1,1,-1.1,1,-0.7,2,1
S02000661,S02000622,3,0,0,0,-3,-3,-3,3,0,1,2.1,1,1.5,1,-0.7,2,-1.3
S02000661,S02000625,0,0,0,6,0,0,6,6,6,2,-1.4,3,-1.6,1,-1.1,3,1.4
S02000661,S02000628,6,3,0,8,-6,-3,2,17,11,5,0.3,7,0.7,3,-1.8,10,-0.6
S02000661,S02000631,5,0,3,3,-2,-5,-2,11,6,3,0.9,5,0.1,2,0.7,6,-0.1
S02000661,S02000632,0,3,0,0,0,3,0,3,3,1,-1,1,1.5,1,-0.7,2,-1.3
S02000661,S02000633,5,3,0,11,-5,-2,6,19,14,6,-0.4,8,0,4,-1.9,11,0
S02000661,S02000634,12,0,4,9,-8,-12,-3,25,13,8,1.5,11,0.4,5,-0.3,14,-0.4
S02000661,S02000635,0,0,5,7,5,0,7,12,12,4,-1.9,5,-2.3,2,1.9,7,1.9
S02000661,S02000640,0,0,0,4,0,0,4,4,4,1,-1.1,2,-1.3,1,-0.9,2,1.1
S02000661,S02000642,5,0,0,0,-5,-5,-5,5,0,2,2.8,2,2,1,-1,3,-1.7
S02000661,S02000644,7,0,40,5,33,-7,-2,52,45,16,-2.3,22,-3.2,10,9.8,30,2.8
S02000661,S02000647,0,0,0,4,0,0,4,4,4,1,-1.1,2,-1.3,1,-0.9,2,1.1
S02000661,S02000649,0,0,0,3,0,0,3,3,3,1,-1,1,-1.1,1,-0.7,2,1
S02000661,S02000651,4,0,31,18,27,-4,14,53,49,17,-3.1,23,-3.9,10,6.8,30,3.4
S02000661,S02000652,0,0,0,3,0,0,3,3,3,1,-1,1,-1.1,1,-0.7,2,1
S02000661,S02000655,70,24,270,191,200,-46,121,555,485,173,-7.8,236,-9.2,103,16.5,319,8
S02000661,S02000656,9,6,0,5,-9,-3,-4,20,11,6,1.1,9,2.2,4,-1.9,11,-1.9
S02000661,S02000657,3,0,0,0,-3,-3,-3,3,0,1,2.1,1,1.5,1,-0.7,2,-1.3
S02000661,S02000658,68,10,28,160,-40,-58,92,266,198,83,-1.6,113,-3.3,49,-3,153,2.8
S02000661,S02000659,4,0,5,6,1,-4,2,15,11,5,-0.3,6,-0.9,3,1.3,9,0.8
S02000661,S02000660,21,0,0,5,-21,-21,-16,26,5,8,4.5,11,3,5,-2.2,15,-2.6
S02000661,S02000661,57,3,55,76,-2,-54,19,191,134,59,-0.3,81,-2.4,35,3.3,110,2
S02000661,S02000664,35,3,3,21,-32,-32,-14,62,27,19,3.6,26,2.3,11,-2.5,36,-1.9
S02000661,S02000665,8,10,20,17,12,2,9,55,47,17,-2.2,23,-1.1,10,3.1,32,1
S02000661,S02000667,0,0,0,4,0,0,4,4,4,1,-1.1,2,-1.3,1,-0.9,2,1.1
S02000661,S02000669,0,3,8,18,8,3,18,29,29,9,-3,12,-2.7,5,1.1,17,2.3
S02000661,S02000671,3,0,0,5,-3,-3,2,8,5,2,0.3,3,-0.2,1,-1.2,5,0.2
S02000661,S02000672,27,13,49,343,22,-14,316,432,405,135,-9.3,184,-10.6,80,-3.5,248,9.1
S02000661,S02000675,6,0,3,0,-3,-6,-6,9,3,3,1.9,4,1.1,2,1,5,-1
S02000661,S02000676,3,3,0,4,-3,0,1,10,7,3,-0.1,4,0.8,2,-1.4,6,-0.7
S02000661,S02000677,3,0,0,4,-3,-3,1,7,4,2,0.6,3,0,1,-1.1,4,0
S02000661,S02000679,0,0,0,3,0,0,3,3,3,1,-1,1,-1.1,1,-0.7,2,1
S02000661,S02000680,4,0,0,0,-4,-4,-4,4,0,1,2.5,2,1.8,1,-0.9,2,-1.5
S02000661,S02000681,4,0,0,8,-4,-4,4,12,8,4,0.1,5,-0.5,2,-1.5,7,0.4
S02000661,S02000683,0,0,0,5,0,0,5,5,5,2,-1.2,2,-1.5,1,-1,3,1.3
S02000661,S02000684,4,0,0,0,-4,-4,-4,4,0,1,2.5,2,1.8,1,-0.9,2,-1.5
S02000661,S02000685,4,0,0,5,-4,-4,1,9,5,3,0.7,4,0.1,2,-1.3,5,-0.1
S02000661,S02000688,7,0,0,0,-7,-7,-7,7,0,2,3.3,3,2.3,1,-1.1,4,-2
S02000661,S02000689,35,0,3,17,-32,-35,-18,55,20,17,4.3,23,2.4,10,-2.2,32,-2.1
S02000661,S02000690,0,0,0,6,0,0,6,6,6,2,-1.4,3,-1.6,1,-1.1,3,1.4
S02000661,S02000691,10,0,0,0,-10,-10,-10,10,0,3,3.9,4,2.8,2,-1.4,6,-2.4
S02000661,S02000692,3,0,0,0,-3,-3,-3,3,0,1,2.1,1,1.5,1,-0.7,2,-1.3
S02000661,S02000701,5,5,0,4,-5,0,-1,14,9,4,0.3,6,1.7,3,-1.6,8,-1.4
S02000661,S02000702,0,0,0,9,0,0,9,9,9,3,-1.7,4,-2,2,-1.3,5,1.7
S02000661,S02000705,4,0,0,0,-4,-4,-4,4,0,1,2.5,2,1.8,1,-0.9,2,-1.5
S02000661,S02000709,0,0,0,3,0,0,3,3,3,1,-1,1,-1.1,1,-0.7,2,1
S02000661,S02000710,0,3,6,3,6,3,3,12,12,4,-1.9,5,-0.9,2,2.5,7,0.8
S02000661,S02000712,3,4,0,0,-3,1,-3,7,4,2,0.6,3,2.3,1,-1.1,4,-2
S02000661,S02000716,7,0,0,0,-7,-7,-7,7,0,2,3.3,3,2.3,1,-1.1,4,-2
S02000661,S02000781,0,0,0,4,0,0,4,4,4,1,-1.1,2,-1.3,1,-0.9,2,1.1
S02000661,S02000783,7,0,0,0,-7,-7,-7,7,0,2,3.3,3,2.3,1,-1.1,4,-2
S02000661,S02000784,3,0,0,0,-3,-3,-3,3,0,1,2.1,1,1.5,1,-0.7,2,-1.3
S02000661,S02000925,0,0,0,4,0,0,4,4,4,1,-1.1,2,-1.3,1,-0.9,2,1.1
S02000661,S02000984,0,0,0,3,0,0,3,3,3,1,-1,1,-1.1,1,-0.7,2,1
S02000661,S02000993,14,0,0,0,-14,-14,-14,14,0,4,4.6,6,3.3,3,-1.6,8,-2.8
S02000661,S02000999,0,0,3,6,3,0,6,9,9,3,-1.7,4,-2,2,1,5,1.7
S02000661,S02001000,9,0,3,9,-6,-9,0,21,12,7,1,9,0,4,-0.4,12,0
S02000661,S02001010,7,0,3,3,-4,-7,-4,13,6,4,1.5,6,0.6,2,0.4,7,-0.5
S02000661,S02001013,0,6,3,14,3,6,14,23,23,7,-2.7,10,-1.2,4,-0.6,13,1
S02000661,S02001014,0,6,0,0,0,6,0,6,6,2,-1.4,3,2.2,1,-1.1,3,-1.9
S02000661,S02001015,0,3,4,4,4,3,4,11,11,3,-1.9,5,-0.8,2,1.4,6,0.7
S02000661,S02001184,0,4,0,0,0,4,0,4,4,1,-1.1,2,1.8,1,-0.9,2,-1.5
S02000661,S02001185,11,0,10,8,-1,-11,-3,29,18,9,0.7,12,-0.4,5,2,17,0.3
S02000661,S02001188,0,0,0,3,0,0,3,3,3,1,-1,1,-1.1,1,-0.7,2,1
S02000661,S02001192,4,0,5,3,1,-4,-1,12,8,4,0.1,5,-0.5,2,1.9,7,0.4
S02000662,S02000611,0,0,0,3,0,0,3,3,3,1,-1,1,-1.1,1,-0.7,2,1
S02000662,S02000618,0,0,0,9,0,0,9,9,9,3,-1.7,4,-2,2,-1.3,5,1.7
S02000662,S02000629,0,6,0,0,0,6,0,6,6,2,-1.4,3,2.2,1,-1.1,3,-1.9
S02000662,S02000632,3,0,0,0,-3,-3,-3,3,0,1,2.1,1,1.5,1,-0.7,2,-1.3
S02000662,S02000633,10,5,6,10,-4,-5,0,31,21,10,0.1,13,0.5,6,0.1,18,-0.4
S02000662,S02000634,3,0,0,3,-3,-3,0,6,3,2,0.8,3,0.3,1,-1.1,3,-0.2
S02000662,S02000635,3,0,0,0,-3,-3,-3,3,0,1,2.1,1,1.5,1,-0.7,2,-1.3
S02000662,S02000636,0,3,0,0,0,3,0,3,3,1,-1,1,1.5,1,-0.7,2,-1.3
S02000662,S02000642,0,3,0,0,0,3,0,3,3,1,-1,1,1.5,1,-0.7,2,-1.3
S02000662,S02000643,0,0,0,3,0,0,3,3,3,1,-1,1,-1.1,1,-0.7,2,1
S02000662,S02000645,3,0,0,6,-3,-3,3,9,6,3,0.1,4,-0.4,2,-1.3,5,0.4
S02000662,S02000647,0,0,3,0,3,0,0,3,3,1,-1,1,-1.1,1,3.3,2,1
S02000662,S02000648,0,3,0,7,0,3,7,10,10,3,-1.8,4,-0.6,2,-1.4,6,0.5
S02000662,S02000650,3,0,0,0,-3,-3,-3,3,0,1,2.1,1,1.5,1,-0.7,2,-1.3
S02000662,S02000651,0,0,3,0,3,0,0,3,3,1,-1,1,-1.1,1,3.3,2,1
S02000662,S02000652,7,0,4,21,-3,-7,14,32,25,10,-0.9,14,-1.8,6,-0.8,18,1.5
S02000662,S02000653,16,0,0,5,-16,-16,-11,21,5,7,3.7,9,2.4,4,-2,12,-2
S02000662,S02000655,11,0,16,37,5,-11,26,64,53,20,-2,27,-3.1,12,1.2,37,2.7
S02000662,S02000657,5,0,0,0,-5,-5,-5,5,0,2,2.8,2,2,1,-1,3,-1.7
S02000662,S02000658,21,0,6,39,-15,-21,18,66,45,21,0.1,28,-1.3,12,-1.8,38,1.1
S02000662,S02000659,0,0,0,3,0,0,3,3,3,1,-1,1,-1.1,1,-0.7,2,1
S02000662,S02000661,0,0,4,0,4,0,0,4,4,1,-1.1,2,-1.3,1,3.8,2,1.1
S02000662,S02000662,4,0,9,17,5,-4,13,30,26,9,-1.7,13,-2.5,6,1.5,17,2.1
S02000662,S02000663,7,9,3,11,-4,2,4,30,23,9,-0.8,13,0.9,6,-1.1,17,-0.8
S02000662,S02000664,5,0,0,0,-5,-5,-5,5,0,2,2.8,2,2,1,-1,3,-1.7
S02000662,S02000670,5,7,0,3,-5,2,-2,15,10,5,0.2,6,2.2,3,-1.7,9,-1.9
S02000662,S02000672,0,0,0,5,0,0,5,5,5,2,-1.2,2,-1.5,1,-1,3,1.3
S02000662,S02000674,6,7,4,41,-2,1,35,58,52,18,-2.8,25,-2.3,11,-2.1,33,2
S02000662,S02000688,5,0,0,0,-5,-5,-5,5,0,2,2.8,2,2,1,-1,3,-1.7
S02000662,S02000691,5,0,4,0,-1,-5,-5,9,4,3,1.3,4,0.6,2,1.8,5,-0.5
S02000662,S02000712,3,0,0,0,-3,-3,-3,3,0,1,2.1,1,1.5,1,-0.7,2,-1.3
S02000662,S02000923,0,0,0,3,0,0,3,3,3,1,-1,1,-1.1,1,-0.7,2,1
S02000663,S02000264,0,0,0,6,0,0,6,6,6,2,-1.4,3,-1.6,1,-1.1,3,1.4
S02000663,S02000279,0,0,0,3,0,0,3,3,3,1,-1,1,-1.1,1,-0.7,2,1
S02000663,S02000280,0,3,0,0,0,3,0,3,3,1,-1,1,1.5,1,-0.7,2,-1.3
S02000663,S02000589,0,0,0,5,0,0,5,5,5,2,-1.2,2,-1.5,1,-1,3,1.3
S02000663,S02000605,0,0,0,3,0,0,3,3,3,1,-1,1,-1.1,1,-0.7,2,1
S02000663,S02000610,0,0,0,3,0,0,3,3,3,1,-1,1,-1.1,1,-0.7,2,1
S02000663,S02000611,0,6,0,4,0,6,4,10,10,3,-1.8,4,0.8,2,-1.4,6,-0.7
S02000663,S02000618,0,4,0,4,0,4,4,8,8,2,-1.6,3,0.3,1,-1.2,5,-0.3
S02000663,S02000620,3,0,0,0,-3,-3,-3,3,0,1,2.1,1,1.5,1,-0.7,2,-1.3
S02000663,S02000629,0,3,0,0,0,3,0,3,3,1,-1,1,1.5,1,-0.7,2,-1.3
S02000663,S02000632,0,0,0,4,0,0,4,4,4,1,-1.1,2,-1.3,1,-0.9,2,1.1
S02000663,S02000633,19,16,0,20,-19,-3,1,55,36,17,0.5,23,2.4,10,-3.2,32,-2.1
S02000663,S02000634,8,0,0,6,-8,-8,-2,14,6,4,1.7,6,0.8,3,-1.6,8,-0.7
S02000663,S02000635,0,0,3,0,3,0,0,3,3,1,-1,1,-1.1,1,3.3,2,1
S02000663,S02000636,0,0,0,4,0,0,4,4,4,1,-1.1,2,-1.3,1,-0.9,2,1.1
S02000663,S02000640,0,3,0,4,0,3,4,7,7,2,-1.5,3,0,1,-1.1,4,0
S02000663,S02000643,12,0,0,10,-12,-12,-2,22,10,7,2,9,0.9,4,-2,13,-0.7
S02000663,S02000645,0,0,0,4,0,0,4,4,4,1,-1.1,2,-1.3,1,-0.9,2,1.1
S02000663,S02000646,0,0,0,4,0,0,4,4,4,1,-1.1,2,-1.3,1,-0.9,2,1.1
S02000663,S02000647,0,0,0,3,0,0,3,3,3,1,-1,1,-1.1,1,-0.7,2,1
S02000663,S02000648,0,0,0,3,0,0,3,3,3,1,-1,1,-1.1,1,-0.7,2,1
S02000663,S02000652,6,0,0,10,-6,-6,4,16,10,5,0.5,7,-0.3,3,-1.7,9,0.3
S02000663,S02000653,3,0,0,0,-3,-3,-3,3,0,1,2.1,1,1.5,1,-0.7,2,-1.3
S02000663,S02000654,18,0,5,6,-13,-18,-12,29,11,9,3,12,1.6,5,-0.2,17,-1.4
S02000663,S02000655,44,5,65,59,21,-39,15,173,129,54,-1.3,74,-2.9,32,5.8,99,2.5
S02000663,S02000656,4,3,0,0,-4,-1,-4,7,3,2,1.2,3,2.3,1,-1.1,4,-2
S02000663,S02000657,6,0,0,3,-6,-6,-3,9,3,3,1.9,4,1.1,2,-1.3,5,-1
S02000663,S02000658,55,4,11,72,-44,-51,17,142,87,44,1.6,60,-0.2,26,-3,82,0.2
S02000663,S02000659,3,0,4,0,1,-3,-3,7,4,2,0.6,3,0,1,2.4,4,0
S02000663,S02000660,5,0,0,0,-5,-5,-5,5,0,2,2.8,2,2,1,-1,3,-1.7
S02000663,S02000661,0,0,4,10,4,0,10,14,14,4,-2.1,6,-2.4,3,0.9,8,2.1
S02000663,S02000663,38,32,13,47,-25,-6,9,130,92,40,-0.4,55,2,24,-2.3,75,-1.7
S02000663,S02000664,12,0,0,0,-12,-12,-12,12,0,4,4.3,5,3.1,2,-1.5,7,-2.6
S02000663,S02000666,0,0,4,11,4,0,11,15,15,5,-2.2,6,-2.5,3,0.7,9,2.2
S02000663,S02000667,10,6,0,12,-10,-4,2,28,18,9,0.4,12,1.2,5,-2.3,16,-1
S02000663,S02000669,0,0,5,4,5,0,4,9,9,3,-1.7,4,-2,2,2.6,5,1.7
S02000663,S02000670,5,8,0,0,-5,3,-5,13,8,4,0.5,6,3.2,2,-1.6,7,-2.7
S02000663,S02000672,0,0,0,5,0,0,5,5,5,2,-1.2,2,-1.5,1,-1,3,1.3
S02000663,S02000674,7,3,3,65,-4,-4,58,78,71,24,-3.5,33,-4,14,-3,45,3.5
S02000663,S02000675,0,0,0,3,0,0,3,3,3,1,-1,1,-1.1,1,-0.7,2,1
S02000663,S02000676,10,3,4,6,-6,-7,-4,23,13,7,1.1,10,1,4,-0.1,13,-0.9
S02000663,S02000678,0,0,0,3,0,0,3,3,3,1,-1,1,-1.1,1,-0.7,2,1
S02000663,S02000680,3,0,0,0,-3,-3,-3,3,0,1,2.1,1,1.5,1,-0.7,2,-1.3
S02000663,S02000684,0,3,0,0,0,3,0,3,3,1,-1,1,1.5,1,-0.7,2,-1.3
S02000663,S02000688,0,0,0,3,0,0,3,3,3,1,-1,1,-1.1,1,-0.7,2,1
S02000663,S02000691,12,0,0,0,-12,-12,-12,12,0,4,4.3,5,3.1,2,-1.5,7,-2.6
S02000663,S02000692,0,0,0,3,0,0,3,3,3,1,-1,1,-1.1,1,-0.7,2,1
S02000663,S02000695,8,0,0,13,-8,-8,5,21,13,7,0.6,9,-0.3,4,-2,12,0.3
S02000663,S02000701,0,0,0,3,0,0,3,3,3,1,-1,1,-1.1,1,-0.7,2,1
S02000663,S02000781,0,0,4,0,4,0,0,4,4,1,-1.1,2,-1.3,1,3.8,2,1.1
S02000663,S02000923,0,5,0,3,0,5,3,8,8,2,-1.6,3,0.9,1,-1.2,5,-0.7
S02000663,S02001010,8,0,0,0,-8,-8,-8,8,0,2,3.5,3,2.5,1,-1.2,5,-2.1
S02000663,S02001013,0,5,0,3,0,5,3,8,8,2,-1.6,3,0.9,1,-1.2,5,-0.7
S02000663,S02001153,0,3,0,0,0,3,0,3,3,1,-1,1,1.5,1,-0.7,2,-1.3
S02000663,S02001161,0,0,0,3,0,0,3,3,3,1,-1,1,-1.1,1,-0.7,2,1
S02000663,S02001162,0,3,0,0,0,3,0,3,3,1,-1,1,1.5,1,-0.7,2,-1.3
S02000664,S02000263,0,0,10,0,10,0,0,10,10,3,-1.8,4,-2.1,2,6,6,1.8
S02000664,S02000264,4,0,0,0,-4,-4,-4,4,0,1,2.5,2,1.8,1,-0.9,2,-1.5
S02000664,S02000274,0,0,0,3,0,0,3,3,3,1,-1,1,-1.1,1,-0.7,2,1
S02000664,S02000279,0,0,0,4,0,0,4,4,4,1,-1.1,2,-1.3,1,-0.9,2,1.1
S02000664,S02000310,0,3,0,0,0,3,0,3,3,1,-1,1,1.5,1,-0.7,2,-1.3
S02000664,S02000586,0,0,0,3,0,0,3,3,3,1,-1,1,-1.1,1,-0.7,2,1
S02000664,S02000587,0,4,0,0,0,4,0,4,4,1,-1.1,2,1.8,1,-0.9,2,-1.5
S02000664,S02000599,4,0,0,0,-4,-4,-4,4,0,1,2.5,2,1.8,1,-0.9,2,-1.5
S02000664,S02000603,0,0,0,3,0,0,3,3,3,1,-1,1,-1.1,1,-0.7,2,1
S02000664,S02000607,5,0,0,0,-5,-5,-5,5,0,2,2.8,2,2,1,-1,3,-1.7
S02000664,S02000609,0,0,0,5,0,0,5,5,5,2,-1.2,2,-1.5,1,-1,3,1.3
S02000664,S02000611,0,4,0,0,0,4,0,4,4,1,-1.1,2,1.8,1,-0.9,2,-1.5
S02000664,S02000612,0,0,0,5,0,0,5,5,5,2,-1.2,2,-1.5,1,-1,3,1.3
S02000664,S02000615,0,0,0,4,0,0,4,4,4,1,-1.1,2,-1.3,1,-0.9,2,1.1
S02000664,S02000619,0,0,0,3,0,0,3,3,3,1,-1,1,-1.1,1,-0.7,2,1
S02000664,S02000622,0,0,0,3,0,0,3,3,3,1,-1,1,-1.1,1,-0.7,2,1
S02000664,S02000625,0,0,0,7,0,0,7,7,7,2,-1.5,3,-1.7,1,-1.1,4,1.5
S02000664,S02000628,3,3,0,8,-3,0,5,14,11,4,-0.7,6,0,3,-1.6,8,0
S02000664,S02000631,0,5,0,3,0,5,3,8,8,2,-1.6,3,0.9,1,-1.2,5,-0.7
S02000664,S02000633,7,0,0,8,-7,-7,1,15,8,5,1.1,6,0.2,3,-1.7,9,-0.2
S02000664,S02000634,15,0,0,10,-15,-15,-5,25,10,8,2.6,11,1.3,5,-2.2,14,-1.2
S02000664,S02000635,7,0,4,6,-3,-7,-1,17,10,5,0.7,7,-0.1,3,0.5,10,0.1
S02000664,S02000642,3,0,0,0,-3,-3,-3,3,0,1,2.1,1,1.5,1,-0.7,2,-1.3
S02000664,S02000644,12,3,31,7,19,-9,-5,53,41,17,-1.1,23,-1.6,10,6.8,30,1.4
S02000664,S02000649,3,0,0,5,-3,-3,2,8,5,2,0.3,3,-0.2,1,-1.2,5,0.2
S02000664,S02000651,5,0,16,19,11,-5,14,40,35,12,-2.1,17,-2.9,7,3.2,23,2.5
S02000664,S02000655,84,15,256,135,172,-69,51,490,406,153,-5.6,208,-7.6,91,17.4,282,6.5
S02000664,S02000656,6,13,3,5,-3,7,-1,27,21,8,-0.8,11,2.2,5,-0.9,16,-1.9
S02000664,S02000658,76,15,30,122,-46,-61,46,243,167,76,0,103,-1.2,45,-2.2,140,1
S02000664,S02000659,5,0,5,7,0,-5,2,17,12,5,-0.1,7,-0.8,3,1,10,0.7
S02000664,S02000660,37,4,3,3,-34,-33,-34,47,10,15,5.8,20,4.7,9,-1.9,27,-4
S02000664,S02000661,45,9,30,35,-15,-36,-10,119,74,37,1.3,51,0.5,22,1.7,68,-0.4
S02000664,S02000663,0,3,0,0,0,3,0,3,3,1,-1,1,1.5,1,-0.7,2,-1.3
S02000664,S02000664,45,8,8,51,-37,-37,6,112,67,35,1.7,48,0.8,21,-2.8,64,-0.7
S02000664,S02000665,11,6,25,15,14,-5,4,57,46,18,-1.6,24,-1.5,11,4.5,33,1.3
S02000664,S02000667,0,0,0,3,0,0,3,3,3,1,-1,1,-1.1,1,-0.7,2,1
S02000664,S02000669,3,0,15,13,12,-3,10,31,28,10,-2.1,13,-2.8,6,3.9,18,2.4
S02000664,S02000670,8,3,0,0,-8,-5,-8,11,3,3,2.5,5,2.9,2,-1.4,6,-2.5
S02000664,S02000671,0,3,0,14,0,3,14,17,17,5,-2.3,7,-1.6,3,-1.8,10,1.4
S02000664,S02000672,16,10,45,288,29,-6,272,359,343,112,-9.1,153,-10.3,66,-2.6,206,8.8
S02000664,S02000673,0,3,0,0,0,3,0,3,3,1,-1,1,1.5,1,-0.7,2,-1.3
S02000664,S02000674,4,0,0,0,-4,-4,-4,4,0,1,2.5,2,1.8,1,-0.9,2,-1.5
S02000664,S02000675,0,0,5,3,5,0,3,8,8,2,-1.6,3,-1.8,1,2.9,5,1.6
S02000664,S02000676,13,4,3,5,-10,-9,-8,25,12,8,1.9,11,2,5,-0.8,14,-1.7
S02000664,S02000677,5,3,4,8,-1,-2,3,20,15,6,-0.5,9,-0.2,4,0.2,11,0.1
S02000664,S02000679,0,0,0,3,0,0,3,3,3,1,-1,1,-1.1,1,-0.7,2,1
S02000664,S02000680,0,0,0,4,0,0,4,4,4,1,-1.1,2,-1.3,1,-0.9,2,1.1
S02000664,S02000681,4,0,0,17,-4,-4,13,21,17,7,-1,9,-1.7,4,-2,12,1.4
S02000664,S02000682,0,0,0,4,0,0,4,4,4,1,-1.1,2,-1.3,1,-0.9,2,1.1
S02000664,S02000683,3,0,0,7,-3,-3,4,10,7,3,-0.1,4,-0.6,2,-1.4,6,0.5
S02000664,S02000684,0,5,3,4,3,5,4,12,12,4,-1.9,5,0,2,0.5,7,0
S02000664,S02000685,0,0,3,4,3,0,4,7,7,2,-1.5,3,-1.7,1,1.5,4,1.5
S02000664,S02000688,7,0,0,6,-7,-7,-1,13,6,4,1.5,6,0.6,2,-1.6,7,-0.5
S02000664,S02000689,39,3,0,18,-39,-36,-21,60,21,19,4.7,26,3.3,11,-3.3,34,-2.8
S02000664,S02000691,6,0,0,5,-6,-6,-1,11,5,3,1.4,5,0.6,2,-1.4,6,-0.5
S02000664,S02000692,5,0,0,0,-5,-5,-5,5,0,2,2.8,2,2,1,-1,3,-1.7
S02000664,S02000693,3,0,0,0,-3,-3,-3,3,0,1,2.1,1,1.5,1,-0.7,2,-1.3
S02000664,S02000698,4,0,0,0,-4,-4,-4,4,0,1,2.5,2,1.8,1,-0.9,2,-1.5
S02000664,S02000701,3,0,0,0,-3,-3,-3,3,0,1,2.1,1,1.5,1,-0.7,2,-1.3
S02000664,S02000702,0,3,0,11,0,3,11,14,14,4,-2.1,6,-1.2,3,-1.6,8,1
S02000664,S02000710,0,3,8,0,8,3,0,11,11,3,-1.9,5,-0.8,2,4.2,6,0.7
S02000664,S02000712,0,0,0,5,0,0,5,5,5,2,-1.2,2,-1.5,1,-1,3,1.3
S02000664,S02000716,4,0,0,0,-4,-4,-4,4,0,1,2.5,2,1.8,1,-0.9,2,-1.5
S02000664,S02000781,4,0,0,0,-4,-4,-4,4,0,1,2.5,2,1.8,1,-0.9,2,-1.5
S02000664,S02000783,5,0,0,0,-5,-5,-5,5,0,2,2.8,2,2,1,-1,3,-1.7
S02000664,S02000993,8,0,0,0,-8,-8,-8,8,0,2,3.5,3,2.5,1,-1.2,5,-2.1
S02000664,S02000998,3,0,0,0,-3,-3,-3,3,0,1,2.1,1,1.5,1,-0.7,2,-1.3
S02000664,S02000999,0,0,0,3,0,0,3,3,3,1,-1,1,-1.1,1,-0.7,2,1
S02000664,S02001000,4,0,4,9,0,-4,5,17,13,5,-0.6,7,-1.2,3,0.5,10,1
S02000664,S02001010,8,0,3,7,-5,-8,-1,18,10,6,1,8,0.1,3,-0.2,10,-0.1
S02000664,S02001013,7,4,0,18,-7,-3,11,29,22,9,-0.7,12,-0.4,5,-2.3,17,0.3
S02000664,S02001014,0,4,0,0,0,4,0,4,4,1,-1.1,2,1.8,1,-0.9,2,-1.5
S02000664,S02001015,0,0,4,4,4,0,4,8,8,2,-1.6,3,-1.8,1,2.1,5,1.6
S02000664,S02001016,0,0,0,4,0,0,4,4,4,1,-1.1,2,-1.3,1,-0.9,2,1.1
S02000664,S02001185,18,3,9,9,-9,-15,-9,39,21,12,1.7,17,1.1,7,0.7,22,-0.9
S02000664,S02001192,3,0,0,0,-3,-3,-3,3,0,1,2.1,1,1.5,1,-0.7,2,-1.3
S02000664,S02001200,3,0,0,0,-3,-3,-3,3,0,1,2.1,1,1.5,1,-0.7,2,-1.3
S02000665,S02000281,4,0,0,4,-4,-4,0,8,4,2,1,3,0.3,1,-1.2,5,-0.3
S02000665,S02000287,0,0,0,7,0,0,7,7,7,2,-1.5,3,-1.7,1,-1.1,4,1.5
S02000665,S02000597,0,0,0,5,0,0,5,5,5,2,-1.2,2,-1.5,1,-1,3,1.3
S02000665,S02000604,3,0,0,0,-3,-3,-3,3,0,1,2.1,1,1.5,1,-0.7,2,-1.3
S02000665,S02000607,7,0,0,0,-7,-7,-7,7,0,2,3.3,3,2.3,1,-1.1,4,-2
S02000665,S02000622,0,0,0,4,0,0,4,4,4,1,-1.1,2,-1.3,1,-0.9,2,1.1
S02000665,S02000625,0,0,0,5,0,0,5,5,5,2,-1.2,2,-1.5,1,-1,3,1.3
S02000665,S02000627,3,0,0,0,-3,-3,-3,3,0,1,2.1,1,1.5,1,-0.7,2,-1.3
S02000665,S02000628,0,0,0,4,0,0,4,4,4,1,-1.1,2,-1.3,1,-0.9,2,1.1
S02000665,S02000631,0,0,4,0,4,0,0,4,4,1,-1.1,2,-1.3,1,3.8,2,1.1
S02000665,S02000633,5,0,0,8,-5,-5,3,13,8,4,0.5,6,-0.2,2,-1.6,7,0.2
S02000665,S02000634,10,0,7,10,-3,-10,0,27,17,8,0.5,11,-0.4,5,0.9,16,0.4
S02000665,S02000635,8,0,0,0,-8,-8,-8,8,0,2,3.5,3,2.5,1,-1.2,5,-2.1
S02000665,S02000644,10,0,33,0,23,-10,-10,43,33,13,-0.9,18,-1.9,8,8.9,25,1.7
S02000665,S02000651,0,3,10,11,10,3,11,24,24,7,-2.7,10,-2.3,4,2.6,14,1.9
S02000665,S02000655,60,14,227,255,167,-46,195,556,496,173,-8.6,236,-10.6,103,12.2,320,9.1
S02000665,S02000656,4,0,0,0,-4,-4,-4,4,0,1,2.5,2,1.8,1,-0.9,2,-1.5
S02000665,S02000658,70,3,50,174,-20,-67,104,297,227,93,-2.3,126,-4.7,55,-0.7,171,4.1
S02000665,S02000659,0,0,0,4,0,0,4,4,4,1,-1.1,2,-1.3,1,-0.9,2,1.1
S02000665,S02000660,20,4,3,0,-17,-16,-20,27,7,8,4,11,3.7,5,-0.9,16,-3.2
S02000665,S02000661,15,10,35,28,20,-5,13,88,73,27,-2.4,37,-2,16,4.6,51,1.7
S02000665,S02000663,0,0,0,3,0,0,3,3,3,1,-1,1,-1.1,1,-0.7,2,1
S02000665,S02000664,20,0,7,18,-13,-20,-2,45,25,14,1.6,19,0.2,8,-0.5,26,-0.2
S02000665,S02000665,5,14,23,43,18,9,38,85,80,26,-4.2,36,-2.9,16,1.8,49,2.5
S02000665,S02000666,3,0,0,5,-3,-3,2,8,5,2,0.3,3,-0.2,1,-1.2,5,0.2
S02000665,S02000669,0,0,6,14,6,0,14,20,20,6,-2.5,9,-2.9,4,1.2,11,2.5
S02000665,S02000670,4,0,0,0,-4,-4,-4,4,0,1,2.5,2,1.8,1,-0.9,2,-1.5
S02000665,S02000671,0,0,0,3,0,0,3,3,3,1,-1,1,-1.1,1,-0.7,2,1
S02000665,S02000672,25,16,34,333,9,-9,308,408,383,127,-9.1,174,-10.1,75,-4.8,234,8.7
S02000665,S02000673,0,0,0,3,0,0,3,3,3,1,-1,1,-1.1,1,-0.7,2,1
S02000665,S02000675,0,0,0,6,0,0,6,6,6,2,-1.4,3,-1.6,1,-1.1,3,1.4
S02000665,S02000676,7,0,4,0,-3,-7,-7,11,4,3,1.9,5,1.1,2,1.4,6,-0.9
S02000665,S02000680,0,0,0,5,0,0,5,5,5,2,-1.2,2,-1.5,1,-1,3,1.3
S02000665,S02000681,0,0,0,11,0,0,11,11,11,3,-1.9,5,-2.2,2,-1.4,6,1.9
S02000665,S02000683,0,0,3,0,3,0,0,3,3,1,-1,1,-1.1,1,3.3,2,1
S02000665,S02000684,3,4,0,0,-3,1,-3,7,4,2,0.6,3,2.3,1,-1.1,4,-2
S02000665,S02000685,3,0,0,0,-3,-3,-3,3,0,1,2.1,1,1.5,1,-0.7,2,-1.3
S02000665,S02000686,0,0,0,6,0,0,6,6,6,2,-1.4,3,-1.6,1,-1.1,3,1.4
S02000665,S02000688,0,0,0,13,0,0,13,13,13,4,-2,6,-2.4,2,-1.6,7,2
S02000665,S02000689,30,0,0,12,-30,-30,-18,42,12,13,4.7,18,2.9,8,-2.8,24,-2.5
S02000665,S02000691,12,0,0,0,-12,-12,-12,12,0,4,4.3,5,3.1,2,-1.5,7,-2.6
S02000665,S02000701,0,3,0,0,0,3,0,3,3,1,-1,1,1.5,1,-0.7,2,-1.3
S02000665,S02000702,0,0,0,8,0,0,8,8,8,2,-1.6,3,-1.8,1,-1.2,5,1.6
S02000665,S02000705,0,0,0,4,0,0,4,4,4,1,-1.1,2,-1.3,1,-0.9,2,1.1
S02000665,S02000710,0,0,3,0,3,0,0,3,3,1,-1,1,-1.1,1,3.3,2,1
S02000665,S02000712,0,0,0,5,0,0,5,5,5,2,-1.2,2,-1.5,1,-1,3,1.3
S02000665,S02000714,0,0,0,3,0,0,3,3,3,1,-1,1,-1.1,1,-0.7,2,1
S02000665,S02000716,5,0,0,5,-5,-5,0,10,5,3,1.1,4,0.4,2,-1.4,6,-0.3
S02000665,S02000783,4,0,0,0,-4,-4,-4,4,0,1,2.5,2,1.8,1,-0.9,2,-1.5
S02000665,S02000784,0,0,0,4,0,0,4,4,4,1,-1.1,2,-1.3,1,-0.9,2,1.1
S02000665,S02000999,0,0,3,0,3,0,0,3,3,1,-1,1,-1.1,1,3.3,2,1
S02000665,S02001000,6,0,7,18,1,-6,12,31,25,10,-1.2,13,-2,6,0.5,18,1.7
S02000665,S02001010,4,0,5,3,1,-4,-1,12,8,4,0.1,5,-0.5,2,1.9,7,0.4
S02000665,S02001013,0,4,4,6,4,4,6,14,14,4,-2.1,6,-0.8,3,0.9,8,0.7
S02000665,S02001015,0,4,3,0,3,4,0,7,7,2,-1.5,3,0.6,1,1.5,4,-0.5
S02000665,S02001016,0,3,0,3,0,3,3,6,6,2,-1.4,3,0.3,1,-1.1,3,-0.2
S02000665,S02001162,0,0,0,3,0,0,3,3,3,1,-1,1,-1.1,1,-0.7,2,1
S02000665,S02001185,7,0,3,0,-4,-7,-7,10,3,3,2.2,4,1.3,2,0.8,6,-1.1
S02000665,S02001187,4,0,0,0,-4,-4,-4,4,0,1,2.5,2,1.8,1,-0.9,2,-1.5
S02000666,S02000262,0,3,0,0,0,3,0,3,3,1,-1,1,1.5,1,-0.7,2,-1.3
S02000666,S02000264,3,0,0,10,-3,-3,7,13,10,4,-0.5,6,-1.1,2,-1.6,7,0.9
S02000666,S02000270,0,0,7,3,7,0,3,10,10,3,-1.8,4,-2.1,2,3.8,6,1.8
S02000666,S02000287,0,4,0,0,0,4,0,4,4,1,-1.1,2,1.8,1,-0.9,2,-1.5
S02000666,S02000325,0,0,0,3,0,0,3,3,3,1,-1,1,-1.1,1,-0.7,2,1
S02000666,S02000588,3,0,0,0,-3,-3,-3,3,0,1,2.1,1,1.5,1,-0.7,2,-1.3
S02000666,S02000602,0,0,0,4,0,0,4,4,4,1,-1.1,2,-1.3,1,-0.9,2,1.1
S02000666,S02000604,3,0,0,0,-3,-3,-3,3,0,1,2.1,1,1.5,1,-0.7,2,-1.3
S02000666,S02000607,4,0,0,0,-4,-4,-4,4,0,1,2.5,2,1.8,1,-0.9,2,-1.5
S02000666,S02000622,0,0,0,3,0,0,3,3,3,1,-1,1,-1.1,1,-0.7,2,1
S02000666,S02000625,0,0,0,4,0,0,4,4,4,1,-1.1,2,-1.3,1,-0.9,2,1.1
S02000666,S02000628,7,3,3,3,-4,-4,-4,16,9,5,0.9,7,1.2,3,0,9,-1.1
S02000666,S02000629,4,0,0,0,-4,-4,-4,4,0,1,2.5,2,1.8,1,-0.9,2,-1.5
S02000666,S02000632,4,0,0,4,-4,-4,0,8,4,2,1,3,0.3,1,-1.2,5,-0.3
S02000666,S02000633,6,4,3,16,-3,-2,10,29,23,9,-1,12,-0.7,5,-1,17,0.6
S02000666,S02000634,8,4,0,7,-8,-4,-1,19,11,6,0.9,8,1.4,4,-1.9,11,-1.2
S02000666,S02000640,0,0,0,3,0,0,3,3,3,1,-1,1,-1.1,1,-0.7,2,1
S02000666,S02000643,0,6,0,0,0,6,0,6,6,2,-1.4,3,2.2,1,-1.1,3,-1.9
S02000666,S02000648,0,3,3,5,3,3,5,11,11,3,-1.9,5,-0.8,2,0.7,6,0.7
S02000666,S02000650,0,0,0,4,0,0,4,4,4,1,-1.1,2,-1.3,1,-0.9,2,1.1
S02000666,S02000652,0,0,0,3,0,0,3,3,3,1,-1,1,-1.1,1,-0.7,2,1
S02000666,S02000655,33,10,68,87,35,-23,54,198,165,62,-3.7,84,-4.5,37,5.2,114,3.9
S02000666,S02000656,6,8,0,7,-6,2,1,21,15,7,-0.2,9,1.7,4,-2,12,-1.5
S02000666,S02000658,67,6,35,99,-32,-61,32,207,140,64,0.3,88,-1.6,38,-0.5,119,1.4
S02000666,S02000659,11,0,6,6,-5,-11,-5,23,12,7,1.4,10,0.4,4,0.8,13,-0.3
S02000666,S02000660,6,0,0,6,-6,-6,0,12,6,4,1.2,5,0.4,2,-1.5,7,-0.3
S02000666,S02000661,4,0,8,3,4,-4,-1,15,11,5,-0.3,6,-0.9,3,3.1,9,0.8
S02000666,S02000663,3,11,0,5,-3,8,2,19,16,6,-1.2,8,2.1,4,-1.9,11,-1.8
S02000666,S02000664,3,0,0,6,-3,-3,3,9,6,3,0.1,4,-0.4,2,-1.3,5,0.4
S02000666,S02000666,24,8,15,60,-9,-16,36,107,83,33,-1.6,46,-2,20,-1.1,61,1.7
S02000666,S02000669,3,0,7,0,4,-3,-3,10,7,3,-0.1,4,-0.6,2,3.8,6,0.5
S02000666,S02000670,34,18,10,22,-24,-16,-12,84,50,26,1.5,36,2.7,16,-1.4,48,-2.3
S02000666,S02000672,0,6,5,14,5,6,14,25,25,8,-2.8,11,-1.4,5,0.2,14,1.2
S02000666,S02000674,0,0,0,6,0,0,6,6,6,2,-1.4,3,-1.6,1,-1.1,3,1.4
S02000666,S02000675,0,0,0,3,0,0,3,3,3,1,-1,1,-1.1,1,-0.7,2,1
S02000666,S02000676,14,5,7,37,-7,-9,23,63,49,20,-1.3,27,-1.5,12,-1.4,36,1.3
S02000666,S02000680,7,3,6,5,-1,-4,-2,21,14,7,0.2,9,0.4,4,1.1,12,-0.3
S02000666,S02000688,6,0,0,0,-6,-6,-6,6,0,2,3,3,2.2,1,-1.1,3,-1.9
S02000666,S02000689,3,0,0,3,-3,-3,0,6,3,2,0.8,3,0.3,1,-1.1,3,-0.2
S02000666,S02000691,19,0,3,7,-16,-19,-12,29,10,9,3.3,12,1.9,5,-1,17,-1.6
S02000666,S02000692,11,0,0,5,-11,-11,-6,16,5,5,2.7,7,1.6,3,-1.7,9,-1.4
S02000666,S02000695,7,0,0,16,-7,-7,9,23,16,7,-0.1,10,-0.9,4,-2.1,13,0.8
S02000666,S02000701,0,4,0,0,0,4,0,4,4,1,-1.1,2,1.8,1,-0.9,2,-1.5
S02000666,S02000702,0,3,0,0,0,3,0,3,3,1,-1,1,1.5,1,-0.7,2,-1.3
S02000666,S02000710,3,0,0,0,-3,-3,-3,3,0,1,2.1,1,1.5,1,-0.7,2,-1.3
S02000666,S02000923,3,0,0,0,-3,-3,-3,3,0,1,2.1,1,1.5,1,-0.7,2,-1.3
S02000666,S02001013,0,6,0,0,0,6,0,6,6,2,-1.4,3,2.2,1,-1.1,3,-1.9
S02000666,S02001149,6,0,0,0,-6,-6,-6,6,0,2,3,3,2.2,1,-1.1,3,-1.9
S02000666,S02001185,7,3,0,0,-7,-4,-7,10,3,3,2.2,4,2.8,2,-1.4,6,-2.4
S02000667,S02000260,0,5,0,0,0,5,0,5,5,2,-1.2,2,2,1,-1,3,-1.7
S02000667,S02000275,3,0,0,0,-3,-3,-3,3,0,1,2.1,1,1.5,1,-0.7,2,-1.3
S02000667,S02000610,0,0,0,3,0,0,3,3,3,1,-1,1,-1.1,1,-0.7,2,1
S02000667,S02000611,0,0,0,8,0,0,8,8,8,2,-1.6,3,-1.8,1,-1.2,5,1.6
S02000667,S02000618,0,0,0,6,0,0,6,6,6,2,-1.4,3,-1.6,1,-1.1,3,1.4
S02000667,S02000619,0,3,0,0,0,3,0,3,3,1,-1,1,1.5,1,-0.7,2,-1.3
S02000667,S02000622,0,0,0,8,0,0,8,8,8,2,-1.6,3,-1.8,1,-1.2,5,1.6
S02000667,S02000626,3,0,0,0,-3,-3,-3,3,0,1,2.1,1,1.5,1,-0.7,2,-1.3
S02000667,S02000629,6,9,0,0,-6,3,-6,15,9,5,0.6,6,3.4,3,-1.7,9,-2.9
S02000667,S02000631,0,0,0,3,0,0,3,3,3,1,-1,1,-1.1,1,-0.7,2,1
S02000667,S02000632,3,6,0,4,-3,3,1,13,10,4,-0.5,6,1.5,2,-1.6,7,-1.3
S02000667,S02000633,9,7,0,30,-9,-2,21,46,37,14,-1.4,20,-0.8,9,-2.9,26,0.7
S02000667,S02000634,10,0,0,10,-10,-10,0,20,10,6,1.5,9,0.5,4,-1.9,11,-0.4
S02000667,S02000635,11,0,0,0,-11,-11,-11,11,0,3,4.1,5,2.9,2,-1.4,6,-2.5
S02000667,S02000636,4,0,0,0,-4,-4,-4,4,0,1,2.5,2,1.8,1,-0.9,2,-1.5
S02000667,S02000640,0,0,0,5,0,0,5,5,5,2,-1.2,2,-1.5,1,-1,3,1.3
S02000667,S02000642,0,0,0,3,0,0,3,3,3,1,-1,1,-1.1,1,-0.7,2,1
S02000667,S02000643,10,5,0,8,-10,-5,-2,23,13,7,1.1,10,1.7,4,-2.1,13,-1.4
S02000667,S02000644,5,0,0,0,-5,-5,-5,5,0,2,2.8,2,2,1,-1,3,-1.7
S02000667,S02000645,5,0,0,0,-5,-5,-5,5,0,2,2.8,2,2,1,-1,3,-1.7
S02000667,S02000646,4,0,0,4,-4,-4,0,8,4,2,1,3,0.3,1,-1.2,5,-0.3
S02000667,S02000647,8,0,0,9,-8,-8,1,17,9,5,1.2,7,0.3,3,-1.8,10,-0.2
S02000667,S02000648,0,3,0,10,0,3,10,13,13,4,-2,6,-1.1,2,-1.6,7,0.9
S02000667,S02000649,0,0,4,0,4,0,0,4,4,1,-1.1,2,-1.3,1,3.8,2,1.1
S02000667,S02000650,3,0,0,10,-3,-3,7,13,10,4,-0.5,6,-1.1,2,-1.6,7,0.9
S02000667,S02000651,0,0,4,8,4,0,8,12,12,4,-1.9,5,-2.3,2,1.2,7,1.9
S02000667,S02000652,5,0,0,5,-5,-5,0,10,5,3,1.1,4,0.4,2,-1.4,6,-0.3
S02000667,S02000654,11,0,0,3,-11,-11,-8,14,3,4,3.2,6,2.1,3,-1.6,8,-1.8
S02000667,S02000655,34,10,78,56,44,-24,22,178,144,55,-2.9,76,-3.6,33,7.9,102,3.1
S02000667,S02000656,4,6,0,4,-4,2,0,14,10,4,-0.2,6,1.7,3,-1.6,8,-1.4
S02000667,S02000657,11,0,0,4,-11,-11,-7,15,4,5,2.9,6,1.8,3,-1.7,9,-1.6
S02000667,S02000658,68,6,12,63,-56,-62,-5,149,81,46,3.2,63,1.3,28,-3,86,-1.1
S02000667,S02000659,5,0,9,15,4,-5,10,29,24,9,-1.3,12,-2.1,5,1.6,17,1.8
S02000667,S02000660,6,0,3,0,-3,-6,-6,9,3,3,1.9,4,1.1,2,1,5,-1
S02000667,S02000661,3,3,8,7,5,0,4,21,18,7,-1.4,9,-1,4,2.1,12,0.8
S02000667,S02000662,0,0,0,9,0,0,9,9,9,3,-1.7,4,-2,2,-1.3,5,1.7
S02000667,S02000663,20,10,9,15,-11,-10,-5,54,34,17,0.8,23,1.5,10,-0.3,31,-1.3
S02000667,S02000664,9,5,0,0,-9,-4,-9,14,5,4,2.2,6,3.3,3,-1.6,8,-2.8
S02000667,S02000665,0,0,0,4,0,0,4,4,4,1,-1.1,2,-1.3,1,-0.9,2,1.1
S02000667,S02000666,9,0,0,8,-9,-9,-1,17,8,5,1.6,7,0.7,3,-1.8,10,-0.6
S02000667,S02000667,34,5,4,17,-30,-29,-17,60,26,19,3.5,26,2.7,11,-2.1,34,-2.3
S02000667,S02000668,0,0,0,3,0,0,3,3,3,1,-1,1,-1.1,1,-0.7,2,1
S02000667,S02000669,0,0,4,6,4,0,6,10,10,3,-1.8,4,-2.1,2,1.6,6,1.8
S02000667,S02000670,11,10,0,6,-11,-1,-5,27,16,8,0.9,11,2.8,5,-2.2,16,-2.4
S02000667,S02000672,0,0,0,7,0,0,7,7,7,2,-1.5,3,-1.7,1,-1.1,4,1.5
S02000667,S02000674,3,0,3,34,0,-3,31,40,37,12,-2.7,17,-3.4,7,-1.6,23,2.9
S02000667,S02000676,7,7,0,3,-7,0,-4,17,10,5,0.7,7,2.5,3,-1.8,10,-2.2
S02000667,S02000678,0,0,0,4,0,0,4,4,4,1,-1.1,2,-1.3,1,-0.9,2,1.1
S02000667,S02000680,0,0,0,7,0,0,7,7,7,2,-1.5,3,-1.7,1,-1.1,4,1.5
S02000667,S02000684,0,3,0,0,0,3,0,3,3,1,-1,1,1.5,1,-0.7,2,-1.3
S02000667,S02000685,4,0,0,8,-4,-4,4,12,8,4,0.1,5,-0.5,2,-1.5,7,0.4
S02000667,S02000689,8,0,0,0,-8,-8,-8,8,0,2,3.5,3,2.5,1,-1.2,5,-2.1
S02000667,S02000691,5,0,0,0,-5,-5,-5,5,0,2,2.8,2,2,1,-1,3,-1.7
S02000667,S02000692,8,0,0,0,-8,-8,-8,8,0,2,3.5,3,2.5,1,-1.2,5,-2.1
S02000667,S02000695,0,0,0,9,0,0,9,9,9,3,-1.7,4,-2,2,-1.3,5,1.7
S02000667,S02000697,3,0,0,0,-3,-3,-3,3,0,1,2.1,1,1.5,1,-0.7,2,-1.3
S02000667,S02000701,0,3,0,0,0,3,0,3,3,1,-1,1,1.5,1,-0.7,2,-1.3
S02000667,S02000923,0,3,0,0,0,3,0,3,3,1,-1,1,1.5,1,-0.7,2,-1.3
S02000667,S02001010,6,0,0,0,-6,-6,-6,6,0,2,3,3,2.2,1,-1.1,3,-1.9
S02000667,S02001013,0,0,4,0,4,0,0,4,4,1,-1.1,2,-1.3,1,3.8,2,1.1
S02000667,S02001014,0,4,0,0,0,4,0,4,4,1,-1.1,2,1.8,1,-0.9,2,-1.5
S02000667,S02001015,0,4,3,0,3,4,0,7,7,2,-1.5,3,0.6,1,1.5,4,-0.5
S02000667,S02001162,0,3,0,4,0,3,4,7,7,2,-1.5,3,0,1,-1.1,4,0
S02000667,S02001185,6,0,0,3,-6,-6,-3,9,3,3,1.9,4,1.1,2,-1.3,5,-1
S02000667,S02001192,0,0,0,3,0,0,3,3,3,1,-1,1,-1.1,1,-0.7,2,1
S02000668,S02000263,0,0,3,0,3,0,0,3,3,1,-1,1,-1.1,1,3.3,2,1
S02000668,S02000270,0,0,7,0,7,0,0,7,7,2,-1.5,3,-1.7,1,5,4,1.5
S02000668,S02000597,0,0,0,3,0,0,3,3,3,1,-1,1,-1.1,1,-0.7,2,1
S02000668,S02000603,0,0,0,4,0,0,4,4,4,1,-1.1,2,-1.3,1,-0.9,2,1.1
S02000668,S02000607,3,0,0,0,-3,-3,-3,3,0,1,2.1,1,1.5,1,-0.7,2,-1.3
S02000668,S02000609,0,0,0,3,0,0,3,3,3,1,-1,1,-1.1,1,-0.7,2,1
S02000668,S02000615,3,0,0,0,-3,-3,-3,3,0,1,2.1,1,1.5,1,-0.7,2,-1.3
S02000668,S02000622,0,0,0,3,0,0,3,3,3,1,-1,1,-1.1,1,-0.7,2,1
S02000668,S02000628,8,0,0,6,-8,-8,-2,14,6,4,1.7,6,0.8,3,-1.6,8,-0.7
S02000668,S02000631,0,0,5,3,5,0,3,8,8,2,-1.6,3,-1.8,1,2.9,5,1.6
S02000668,S02000633,4,0,0,5,-4,-4,1,9,5,3,0.7,4,0.1,2,-1.3,5,-0.1
S02000668,S02000634,12,0,6,7,-6,-12,-5,25,13,8,1.5,11,0.4,5,0.6,14,-0.4
S02000668,S02000635,3,0,3,0,0,-3,-3,6,3,2,0.8,3,0.3,1,1.8,3,-0.2
S02000668,S02000644,7,0,40,9,33,-7,2,56,49,17,-2.5,24,-3.4,10,9.2,32,3
S02000668,S02000650,0,0,0,4,0,0,4,4,4,1,-1.1,2,-1.3,1,-0.9,2,1.1
S02000668,S02000651,0,0,19,4,19,0,4,23,23,7,-2.7,10,-3.1,4,7.1,13,2.7
S02000668,S02000655,72,10,190,92,118,-62,20,364,292,113,-3.9,155,-5.9,67,14.9,209,5
S02000668,S02000656,13,15,4,9,-9,2,-4,41,28,13,0.1,17,2.5,8,-1.3,24,-2.2
S02000668,S02000658,60,8,48,99,-12,-52,39,215,155,67,-0.9,91,-2.5,40,1.3,124,2.1
S02000668,S02000659,3,0,6,3,3,-3,0,12,9,4,-0.4,5,-0.9,2,2.5,7,0.8
S02000668,S02000660,38,0,0,6,-38,-38,-32,44,6,14,6.6,19,4.5,8,-2.9,25,-3.8
S02000668,S02000661,39,3,30,24,-9,-36,-15,96,57,30,1.7,41,0.2,18,2.9,55,-0.2
S02000668,S02000664,35,3,7,28,-28,-32,-7,73,38,23,2.6,31,1.2,14,-1.8,42,-1.1
S02000668,S02000665,0,0,12,12,12,0,12,24,24,7,-2.7,10,-3.2,4,3.6,14,2.7
S02000668,S02000666,3,0,0,5,-3,-3,2,8,5,2,0.3,3,-0.2,1,-1.2,5,0.2
S02000668,S02000667,4,0,0,0,-4,-4,-4,4,0,1,2.5,2,1.8,1,-0.9,2,-1.5
S02000668,S02000668,7,9,0,15,-7,2,8,31,24,10,-0.9,13,0.8,6,-2.4,18,-0.7
S02000668,S02000669,4,0,3,9,-1,-4,5,16,12,5,-0.4,7,-1.1,3,0,9,0.9
S02000668,S02000670,3,0,0,0,-3,-3,-3,3,0,1,2.1,1,1.5,1,-0.7,2,-1.3
S02000668,S02000671,3,0,0,10,-3,-3,7,13,10,4,-0.5,6,-1.1,2,-1.6,7,0.9
S02000668,S02000672,12,5,16,141,4,-7,129,174,162,54,-5.7,74,-6.6,32,-2.9,100,5.7
S02000668,S02000673,4,0,3,5,-1,-4,1,12,8,4,0.1,5,-0.5,2,0.5,7,0.4
S02000668,S02000675,5,0,3,4,-2,-5,-1,12,7,4,0.7,5,0,2,0.5,7,0
S02000668,S02000676,0,3,3,3,3,3,3,9,9,3,-1.7,4,-0.4,2,1,5,0.4
S02000668,S02000677,3,0,0,11,-3,-3,8,14,11,4,-0.7,6,-1.2,3,-1.6,8,1
S02000668,S02000679,0,0,0,15,0,0,15,15,15,5,-2.2,6,-2.5,3,-1.7,9,2.2
S02000668,S02000680,0,0,0,3,0,0,3,3,3,1,-1,1,-1.1,1,-0.7,2,1
S02000668,S02000681,0,3,0,17,0,3,17,20,20,6,-2.5,9,-1.9,4,-1.9,11,1.6
S02000668,S02000684,26,6,0,3,-26,-20,-23,35,9,11,4.6,15,4.4,6,-2.5,20,-3.8
S02000668,S02000688,10,0,0,3,-10,-10,-7,13,3,4,3,6,1.9,2,-1.6,7,-1.6
S02000668,S02000689,49,0,6,24,-43,-49,-25,79,30,25,4.9,34,2.7,15,-2.3,45,-2.3
S02000668,S02000690,3,0,0,0,-3,-3,-3,3,0,1,2.1,1,1.5,1,-0.7,2,-1.3
S02000668,S02000691,3,0,0,0,-3,-3,-3,3,0,1,2.1,1,1.5,1,-0.7,2,-1.3
S02000668,S02000694,0,0,0,6,0,0,6,6,6,2,-1.4,3,-1.6,1,-1.1,3,1.4
S02000668,S02000695,0,3,0,0,0,3,0,3,3,1,-1,1,1.5,1,-0.7,2,-1.3
S02000668,S02000701,6,0,0,0,-6,-6,-6,6,0,2,3,3,2.2,1,-1.1,3,-1.9
S02000668,S02000702,3,0,0,4,-3,-3,1,7,4,2,0.6,3,0,1,-1.1,4,0
S02000668,S02000705,0,0,5,8,5,0,8,13,13,4,-2,6,-2.4,2,1.7,7,2
S02000668,S02000710,3,3,6,0,3,0,-3,12,9,4,-0.4,5,0.4,2,2.5,7,-0.3
S02000668,S02000715,3,0,0,0,-3,-3,-3,3,0,1,2.1,1,1.5,1,-0.7,2,-1.3
S02000668,S02000781,4,0,0,0,-4,-4,-4,4,0,1,2.5,2,1.8,1,-0.9,2,-1.5
S02000668,S02000784,0,0,0,4,0,0,4,4,4,1,-1.1,2,-1.3,1,-0.9,2,1.1
S02000668,S02000993,15,0,0,0,-15,-15,-15,15,0,5,4.8,6,3.4,3,-1.7,9,-2.9
S02000668,S02001000,5,0,11,9,6,-5,4,25,20,8,-1,11,-1.7,5,3,14,1.5
S02000668,S02001003,0,0,0,3,0,0,3,3,3,1,-1,1,-1.1,1,-0.7,2,1
S02000668,S02001007,0,3,0,0,0,3,0,3,3,1,-1,1,1.5,1,-0.7,2,-1.3
S02000668,S02001010,19,0,5,3,-14,-19,-16,27,8,8,3.7,11,2.2,5,0,16,-1.9
S02000668,S02001013,3,0,0,8,-3,-3,5,11,8,3,-0.2,5,-0.8,2,-1.4,6,0.7
S02000668,S02001014,0,4,0,0,0,4,0,4,4,1,-1.1,2,1.8,1,-0.9,2,-1.5
S02000668,S02001015,0,9,6,3,6,9,3,18,18,6,-2.4,8,0.5,3,1.5,10,-0.4
S02000668,S02001020,3,0,0,0,-3,-3,-3,3,0,1,2.1,1,1.5,1,-0.7,2,-1.3
S02000668,S02001153,3,0,0,0,-3,-3,-3,3,0,1,2.1,1,1.5,1,-0.7,2,-1.3
S02000668,S02001185,20,0,9,9,-11,-20,-11,38,18,12,2.4,16,1,7,0.7,22,-0.8
S02000668,S02001186,0,0,0,4,0,0,4,4,4,1,-1.1,2,-1.3,1,-0.9,2,1.1
S02000668,S02001192,0,0,0,4,0,0,4,4,4,1,-1.1,2,-1.3,1,-0.9,2,1.1
S02000668,S02001194,4,0,0,0,-4,-4,-4,4,0,1,2.5,2,1.8,1,-0.9,2,-1.5
S02000668,S02001196,3,0,0,0,-3,-3,-3,3,0,1,2.1,1,1.5,1,-0.7,2,-1.3
S02000669,S02000272,0,0,0,4,0,0,4,4,4,1,-1.1,2,-1.3,1,-0.9,2,1.1
S02000669,S02000279,0,0,0,4,0,0,4,4,4,1,-1.1,2,-1.3,1,-0.9,2,1.1
S02000669,S02000318,3,0,0,0,-3,-3,-3,3,0,1,2.1,1,1.5,1,-0.7,2,-1.3
S02000669,S02000625,0,0,0,3,0,0,3,3,3,1,-1,1,-1.1,1,-0.7,2,1
S02000669,S02000628,3,0,0,3,-3,-3,0,6,3,2,0.8,3,0.3,1,-1.1,3,-0.2
S02000669,S02000633,4,0,3,0,-1,-4,-4,7,3,2,1.2,3,0.6,1,1.5,4,-0.5
S02000669,S02000634,5,0,3,6,-2,-5,1,14,9,4,0.3,6,-0.4,3,0.3,8,0.3
S02000669,S02000635,0,0,0,4,0,0,4,4,4,1,-1.1,2,-1.3,1,-0.9,2,1.1
S02000669,S02000644,3,0,9,0,6,-3,-3,12,9,4,-0.4,5,-0.9,2,4.6,7,0.8
S02000669,S02000651,0,0,12,6,12,0,6,18,18,6,-2.4,8,-2.8,3,4.8,10,2.4
S02000669,S02000655,30,4,113,97,83,-26,67,244,214,76,-5.3,104,-6.8,45,10.1,140,5.9
S02000669,S02000656,0,0,0,4,0,0,4,4,4,1,-1.1,2,-1.3,1,-0.9,2,1.1
S02000669,S02000658,31,4,14,75,-17,-27,44,124,93,39,-1.2,53,-2.4,23,-1.9,71,2.1
S02000669,S02000659,0,4,0,3,0,4,3,7,7,2,-1.5,3,0.6,1,-1.1,4,-0.5
S02000669,S02000660,6,0,0,0,-6,-6,-6,6,0,2,3,3,2.2,1,-1.1,3,-1.9
S02000669,S02000661,6,0,9,26,3,-6,20,41,35,13,-1.9,17,-2.7,8,0.5,24,2.4
S02000669,S02000663,0,0,0,3,0,0,3,3,3,1,-1,1,-1.1,1,-0.7,2,1
S02000669,S02000664,7,0,0,11,-7,-7,4,18,11,6,0.6,8,-0.2,3,-1.8,10,0.2
S02000669,S02000665,3,0,0,13,-3,-3,10,16,13,5,-0.9,7,-1.5,3,-1.7,9,1.3
S02000669,S02000666,0,0,0,3,0,0,3,3,3,1,-1,1,-1.1,1,-0.7,2,1
S02000669,S02000669,7,0,7,12,0,-7,5,26,19,8,-0.4,11,-1.2,5,1,15,1
S02000669,S02000670,0,6,0,0,0,6,0,6,6,2,-1.4,3,2.2,1,-1.1,3,-1.9
S02000669,S02000671,0,0,0,3,0,0,3,3,3,1,-1,1,-1.1,1,-0.7,2,1
S02000669,S02000672,5,4,5,56,0,-1,51,70,65,22,-3.6,30,-3.8,13,-2.2,40,3.3
S02000669,S02000673,0,0,0,3,0,0,3,3,3,1,-1,1,-1.1,1,-0.7,2,1
S02000669,S02000675,3,0,0,3,-3,-3,0,6,3,2,0.8,3,0.3,1,-1.1,3,-0.2
S02000669,S02000676,0,0,4,8,4,0,8,12,12,4,-1.9,5,-2.3,2,1.2,7,1.9
S02000669,S02000681,0,0,0,8,0,0,8,8,8,2,-1.6,3,-1.8,1,-1.2,5,1.6
S02000669,S02000683,0,0,0,5,0,0,5,5,5,2,-1.2,2,-1.5,1,-1,3,1.3
S02000669,S02000685,0,0,0,7,0,0,7,7,7,2,-1.5,3,-1.7,1,-1.1,4,1.5
S02000669,S02000688,6,0,0,5,-6,-6,-1,11,5,3,1.4,5,0.6,2,-1.4,6,-0.5
S02000669,S02000689,7,0,0,8,-7,-7,1,15,8,5,1.1,6,0.2,3,-1.7,9,-0.2
S02000669,S02000693,3,0,0,0,-3,-3,-3,3,0,1,2.1,1,1.5,1,-0.7,2,-1.3
S02000669,S02000710,0,0,0,4,0,0,4,4,4,1,-1.1,2,-1.3,1,-0.9,2,1.1
S02000669,S02001000,0,0,0,3,0,0,3,3,3,1,-1,1,-1.1,1,-0.7,2,1
S02000669,S02001006,0,0,0,3,0,0,3,3,3,1,-1,1,-1.1,1,-0.7,2,1
S02000669,S02001010,5,0,4,0,-1,-5,-5,9,4,3,1.3,4,0.6,2,1.8,5,-0.5
S02000669,S02001013,0,3,3,5,3,3,5,11,11,3,-1.9,5,-0.8,2,0.7,6,0.7
S02000669,S02001015,4,0,0,0,-4,-4,-4,4,0,1,2.5,2,1.8,1,-0.9,2,-1.5
S02000669,S02001016,0,0,0,4,0,0,4,4,4,1,-1.1,2,-1.3,1,-0.9,2,1.1
S02000669,S02001192,3,0,0,0,-3,-3,-3,3,0,1,2.1,1,1.5,1,-0.7,2,-1.3
S02000669,S02001197,0,0,0,3,0,0,3,3,3,1,-1,1,-1.1,1,-0.7,2,1
S02000670,S02000264,0,0,0,5,0,0,5,5,5,2,-1.2,2,-1.5,1,-1,3,1.3
S02000670,S02000270,0,0,4,0,4,0,0,4,4,1,-1.1,2,-1.3,1,3.8,2,1.1
S02000670,S02000279,0,0,0,4,0,0,4,4,4,1,-1.1,2,-1.3,1,-0.9,2,1.1
S02000670,S02000280,3,0,0,3,-3,-3,0,6,3,2,0.8,3,0.3,1,-1.1,3,-0.2
S02000670,S02000597,0,0,4,0,4,0,0,4,4,1,-1.1,2,-1.3,1,3.8,2,1.1
S02000670,S02000602,0,0,4,0,4,0,0,4,4,1,-1.1,2,-1.3,1,3.8,2,1.1
S02000670,S02000633,0,5,0,0,0,5,0,5,5,2,-1.2,2,2,1,-1,3,-1.7
S02000670,S02000634,0,0,0,6,0,0,6,6,6,2,-1.4,3,-1.6,1,-1.1,3,1.4
S02000670,S02000647,3,0,0,0,-3,-3,-3,3,0,1,2.1,1,1.5,1,-0.7,2,-1.3
S02000670,S02000655,13,4,29,28,16,-9,15,74,61,23,-2.1,31,-2.6,14,4.1,43,2.2
S02000670,S02000658,39,6,19,44,-20,-33,5,108,69,34,0.9,46,-0.1,20,-0.2,62,0.1
S02000670,S02000659,4,0,4,0,0,-4,-4,8,4,2,1,3,0.3,1,2.1,5,-0.3
S02000670,S02000660,3,0,0,0,-3,-3,-3,3,0,1,2.1,1,1.5,1,-0.7,2,-1.3
S02000670,S02000663,0,3,0,0,0,3,0,3,3,1,-1,1,1.5,1,-0.7,2,-1.3
S02000670,S02000666,10,0,0,9,-10,-10,-1,19,9,6,1.7,8,0.7,4,-1.9,11,-0.6
S02000670,S02000669,0,0,0,4,0,0,4,4,4,1,-1.1,2,-1.3,1,-0.9,2,1.1
S02000670,S02000670,14,7,4,10,-10,-7,-4,35,21,11,0.9,15,1.6,6,-1,20,-1.4
S02000670,S02000672,0,0,0,8,0,0,8,8,8,2,-1.6,3,-1.8,1,-1.2,5,1.6
S02000670,S02000674,0,0,0,3,0,0,3,3,3,1,-1,1,-1.1,1,-0.7,2,1
S02000670,S02000676,8,0,4,11,-4,-8,3,23,15,7,0.3,10,-0.6,4,-0.1,13,0.5
S02000670,S02000680,0,0,0,8,0,0,8,8,8,2,-1.6,3,-1.8,1,-1.2,5,1.6
S02000670,S02000684,0,3,0,0,0,3,0,3,3,1,-1,1,1.5,1,-0.7,2,-1.3
S02000670,S02000685,0,0,0,3,0,0,3,3,3,1,-1,1,-1.1,1,-0.7,2,1
S02000670,S02000689,9,0,0,0,-9,-9,-9,9,0,3,3.7,4,2.6,2,-1.3,5,-2.3
S02000670,S02000691,5,0,0,8,-5,-5,3,13,8,4,0.5,6,-0.2,2,-1.6,7,0.2
S02000670,S02000692,0,0,3,0,3,0,0,3,3,1,-1,1,-1.1,1,3.3,2,1
S02000670,S02000694,3,0,0,0,-3,-3,-3,3,0,1,2.1,1,1.5,1,-0.7,2,-1.3
S02000670,S02000695,3,0,0,3,-3,-3,0,6,3,2,0.8,3,0.3,1,-1.1,3,-0.2
S02000670,S02000697,5,0,0,0,-5,-5,-5,5,0,2,2.8,2,2,1,-1,3,-1.7
S02000670,S02000701,0,3,0,0,0,3,0,3,3,1,-1,1,1.5,1,-0.7,2,-1.3
S02000670,S02000777,0,0,6,0,6,0,0,6,6,2,-1.4,3,-1.6,1,4.6,3,1.4
S02000670,S02001000,0,0,0,3,0,0,3,3,3,1,-1,1,-1.1,1,-0.7,2,1
S02000670,S02001161,0,0,0,3,0,0,3,3,3,1,-1,1,-1.1,1,-0.7,2,1
S02000671,S02000263,0,0,4,0,4,0,0,4,4,1,-1.1,2,-1.3,1,3.8,2,1.1
S02000671,S02000264,0,0,0,6,0,0,6,6,6,2,-1.4,3,-1.6,1,-1.1,3,1.4
S02000671,S02000270,0,0,6,0,6,0,0,6,6,2,-1.4,3,-1.6,1,4.6,3,1.4
S02000671,S02000279,3,0,0,0,-3,-3,-3,3,0,1,2.1,1,1.5,1,-0.7,2,-1.3
S02000671,S02000287,3,0,0,0,-3,-3,-3,3,0,1,2.1,1,1.5,1,-0.7,2,-1.3
S02000671,S02000588,3,0,0,0,-3,-3,-3,3,0,1,2.1,1,1.5,1,-0.7,2,-1.3
S02000671,S02000597,0,0,0,4,0,0,4,4,4,1,-1.1,2,-1.3,1,-0.9,2,1.1
S02000671,S02000611,3,3,0,0,-3,0,-3,6,3,2,0.8,3,2.2,1,-1.1,3,-1.9
S02000671,S02000622,3,0,0,10,-3,-3,7,13,10,4,-0.5,6,-1.1,2,-1.6,7,0.9
S02000671,S02000624,3,0,0,0,-3,-3,-3,3,0,1,2.1,1,1.5,1,-0.7,2,-1.3
S02000671,S02000628,4,0,0,0,-4,-4,-4,4,0,1,2.5,2,1.8,1,-0.9,2,-1.5
S02000671,S02000631,4,0,3,6,-1,-4,2,13,9,4,0,6,-0.7,2,0.4,7,0.6
S02000671,S02000633,4,0,0,4,-4,-4,0,8,4,2,1,3,0.3,1,-1.2,5,-0.3
S02000671,S02000634,11,0,0,9,-11,-11,-2,20,9,6,1.9,9,0.9,4,-1.9,11,-0.7
S02000671,S02000635,3,0,0,9,-3,-3,6,12,9,4,-0.4,5,-0.9,2,-1.5,7,0.8
S02000671,S02000644,5,0,28,6,23,-5,1,39,34,12,-2.1,17,-2.8,7,7.7,22,2.4
S02000671,S02000649,3,4,0,0,-3,1,-3,7,4,2,0.6,3,2.3,1,-1.1,4,-2
S02000671,S02000651,3,0,15,5,12,-3,2,23,20,7,-1.6,10,-2.2,4,5.2,13,1.9
S02000671,S02000655,52,12,155,73,103,-40,21,292,240,91,-4.1,124,-5.4,54,13.7,168,4.6
S02000671,S02000656,0,10,0,7,0,10,7,17,17,5,-2.3,7,1,3,-1.8,10,-0.9
S02000671,S02000658,38,5,23,59,-15,-33,21,125,87,39,-0.1,53,-1.4,23,0,72,1.2
S02000671,S02000659,0,0,5,0,5,0,0,5,5,2,-1.2,2,-1.5,1,4.2,3,1.3
S02000671,S02000660,25,0,0,0,-25,-25,-25,25,0,8,6.2,11,4.4,5,-2.2,14,-3.8
S02000671,S02000661,18,5,17,20,-1,-13,2,60,42,19,-0.2,26,-0.5,11,1.8,34,0.4
S02000671,S02000663,0,3,0,3,0,3,3,6,6,2,-1.4,3,0.3,1,-1.1,3,-0.2
S02000671,S02000664,21,3,11,20,-10,-18,-1,55,34,17,0.9,23,0.1,10,0.3,32,-0.1
S02000671,S02000665,5,3,11,9,6,-2,4,28,23,9,-1.3,12,-1.1,5,2.6,16,1
S02000671,S02000668,3,0,0,5,-3,-3,2,8,5,2,0.3,3,-0.2,1,-1.2,5,0.2
S02000671,S02000669,5,0,4,10,-1,-5,5,19,14,6,-0.4,8,-1.1,4,0.3,11,0.9
S02000671,S02000670,4,0,0,0,-4,-4,-4,4,0,1,2.5,2,1.8,1,-0.9,2,-1.5
S02000671,S02000671,6,0,0,19,-6,-6,13,25,19,8,-0.6,11,-1.4,5,-2.2,14,1.2
S02000671,S02000672,11,0,17,123,6,-11,112,151,140,47,-5.3,64,-6.6,28,-2.1,87,5.7
S02000671,S02000675,0,0,3,6,3,0,6,9,9,3,-1.7,4,-2,2,1,5,1.7
S02000671,S02000676,4,0,7,3,3,-4,-1,14,10,4,-0.2,6,-0.8,3,2.7,8,0.7
S02000671,S02000677,5,0,0,8,-5,-5,3,13,8,4,0.5,6,-0.2,2,-1.6,7,0.2
S02000671,S02000680,0,0,0,3,0,0,3,3,3,1,-1,1,-1.1,1,-0.7,2,1
S02000671,S02000681,0,0,0,17,0,0,17,17,17,5,-2.3,7,-2.7,3,-1.8,10,2.3
S02000671,S02000682,0,0,0,3,0,0,3,3,3,1,-1,1,-1.1,1,-0.7,2,1
S02000671,S02000683,0,0,0,6,0,0,6,6,6,2,-1.4,3,-1.6,1,-1.1,3,1.4
S02000671,S02000684,3,7,4,7,1,4,4,21,18,7,-1.4,9,0.4,4,0.1,12,-0.3
S02000671,S02000686,0,0,0,3,0,0,3,3,3,1,-1,1,-1.1,1,-0.7,2,1
S02000671,S02000688,3,0,0,0,-3,-3,-3,3,0,1,2.1,1,1.5,1,-0.7,2,-1.3
S02000671,S02000689,31,0,0,14,-31,-31,-17,45,14,14,4.5,19,2.7,8,-2.9,26,-2.3
S02000671,S02000690,3,0,0,0,-3,-3,-3,3,0,1,2.1,1,1.5,1,-0.7,2,-1.3
S02000671,S02000691,3,0,3,0,0,-3,-3,6,3,2,0.8,3,0.3,1,1.8,3,-0.2
S02000671,S02000693,4,0,0,0,-4,-4,-4,4,0,1,2.5,2,1.8,1,-0.9,2,-1.5
S02000671,S02000702,0,3,4,3,4,3,3,10,10,3,-1.8,4,-0.6,2,1.6,6,0.5
S02000671,S02000711,0,0,0,3,0,0,3,3,3,1,-1,1,-1.1,1,-0.7,2,1
S02000671,S02000712,0,0,3,0,3,0,0,3,3,1,-1,1,-1.1,1,3.3,2,1
S02000671,S02000993,3,0,0,0,-3,-3,-3,3,0,1,2.1,1,1.5,1,-0.7,2,-1.3
S02000671,S02001000,5,0,0,3,-5,-5,-2,8,3,2,1.6,3,0.9,1,-1.2,5,-0.7
S02000671,S02001010,9,0,3,4,-6,-9,-5,16,7,5,1.8,7,0.8,3,0,9,-0.7
S02000671,S02001013,0,0,0,10,0,0,10,10,10,3,-1.8,4,-2.1,2,-1.4,6,1.8
S02000671,S02001014,0,3,0,3,0,3,3,6,6,2,-1.4,3,0.3,1,-1.1,3,-0.2
S02000671,S02001015,0,10,3,0,3,10,0,13,13,4,-2,6,1.9,2,0.4,7,-1.6
S02000671,S02001016,0,0,0,3,0,0,3,3,3,1,-1,1,-1.1,1,-0.7,2,1
S02000671,S02001185,10,0,5,4,-5,-10,-6,19,9,6,1.7,8,0.7,4,0.8,11,-0.6
S02000671,S02001186,0,0,0,4,0,0,4,4,4,1,-1.1,2,-1.3,1,-0.9,2,1.1
S02000671,S02001192,3,0,0,0,-3,-3,-3,3,0,1,2.1,1,1.5,1,-0.7,2,-1.3
S02000672,S02000270,0,0,3,0,3,0,0,3,3,1,-1,1,-1.1,1,3.3,2,1
S02000672,S02000272,0,0,3,0,3,0,0,3,3,1,-1,1,-1.1,1,3.3,2,1
S02000672,S02000321,0,0,0,4,0,0,4,4,4,1,-1.1,2,-1.3,1,-0.9,2,1.1
S02000672,S02000324,0,0,0,3,0,0,3,3,3,1,-1,1,-1.1,1,-0.7,2,1
S02000672,S02000607,11,0,0,0,-11,-11,-11,11,0,3,4.1,5,2.9,2,-1.4,6,-2.5
S02000672,S02000609,0,0,0,5,0,0,5,5,5,2,-1.2,2,-1.5,1,-1,3,1.3
S02000672,S02000610,0,0,0,3,0,0,3,3,3,1,-1,1,-1.1,1,-0.7,2,1
S02000672,S02000614,0,0,0,4,0,0,4,4,4,1,-1.1,2,-1.3,1,-0.9,2,1.1
S02000672,S02000622,0,0,0,7,0,0,7,7,7,2,-1.5,3,-1.7,1,-1.1,4,1.5
S02000672,S02000625,0,0,0,9,0,0,9,9,9,3,-1.7,4,-2,2,-1.3,5,1.7
S02000672,S02000628,8,0,0,0,-8,-8,-8,8,0,2,3.5,3,2.5,1,-1.2,5,-2.1
S02000672,S02000631,6,0,3,0,-3,-6,-6,9,3,3,1.9,4,1.1,2,1,5,-1
S02000672,S02000633,4,0,0,0,-4,-4,-4,4,0,1,2.5,2,1.8,1,-0.9,2,-1.5
S02000672,S02000634,10,0,4,8,-6,-10,-2,22,12,7,1.2,9,0.2,4,0,13,-0.2
S02000672,S02000635,6,0,4,3,-2,-6,-3,13,7,4,1,6,0.2,2,1,7,-0.2
S02000672,S02000644,8,0,29,0,21,-8,-8,37,29,12,-1,16,-2,7,8.5,21,1.7
S02000672,S02000651,4,0,13,8,9,-4,4,25,21,8,-1.4,11,-2,5,3.9,14,1.7
S02000672,S02000655,69,8,187,108,118,-61,39,372,303,116,-4.4,158,-6.5,69,14.2,214,5.6
S02000672,S02000656,6,3,0,3,-6,-3,-3,12,6,4,1.2,5,1.7,2,-1.5,7,-1.5
S02000672,S02000658,77,6,34,138,-43,-71,61,255,178,79,-0.3,108,-2.4,47,-1.9,147,2.1
S02000672,S02000659,0,0,5,5,5,0,5,10,10,3,-1.8,4,-2.1,2,2.3,6,1.8
S02000672,S02000660,20,0,5,0,-15,-20,-20,25,5,8,4.4,11,2.9,5,0.2,14,-2.5
S02000672,S02000661,23,0,14,29,-9,-23,6,66,43,21,0.5,28,-1,12,0.5,38,0.8
S02000672,S02000663,0,0,3,3,3,0,3,6,6,2,-1.4,3,-1.6,1,1.8,3,1.4
S02000672,S02000664,32,0,4,12,-28,-32,-20,48,16,15,4.4,20,2.6,9,-1.6,28,-2.2
S02000672,S02000665,4,4,12,16,8,0,12,36,32,11,-2.2,15,-1.9,7,2.1,21,1.6
S02000672,S02000666,0,0,0,3,0,0,3,3,3,1,-1,1,-1.1,1,-0.7,2,1
S02000672,S02000668,0,0,0,6,0,0,6,6,6,2,-1.4,3,-1.6,1,-1.1,3,1.4
S02000672,S02000669,0,0,11,8,11,0,8,19,19,6,-2.4,8,-2.8,4,4,11,2.4
S02000672,S02000670,4,0,0,0,-4,-4,-4,4,0,1,2.5,2,1.8,1,-0.9,2,-1.5
S02000672,S02000671,0,0,0,4,0,0,4,4,4,1,-1.1,2,-1.3,1,-0.9,2,1.1
S02000672,S02000672,27,14,27,388,0,-13,361,456,429,142,-9.7,194,-11,84,-6.2,262,9.4
S02000672,S02000675,0,0,0,4,0,0,4,4,4,1,-1.1,2,-1.3,1,-0.9,2,1.1
S02000672,S02000676,3,0,0,0,-3,-3,-3,3,0,1,2.1,1,1.5,1,-0.7,2,-1.3
S02000672,S02000677,0,0,0,9,0,0,9,9,9,3,-1.7,4,-2,2,-1.3,5,1.7
S02000672,S02000680,0,0,0,4,0,0,4,4,4,1,-1.1,2,-1.3,1,-0.9,2,1.1
S02000672,S02000681,0,0,0,14,0,0,14,14,14,4,-2.1,6,-2.4,3,-1.6,8,2.1
S02000672,S02000682,0,0,0,3,0,0,3,3,3,1,-1,1,-1.1,1,-0.7,2,1
S02000672,S02000683,0,0,0,3,0,0,3,3,3,1,-1,1,-1.1,1,-0.7,2,1
S02000672,S02000684,0,3,0,3,0,3,3,6,6,2,-1.4,3,0.3,1,-1.1,3,-0.2
S02000672,S02000685,3,0,0,0,-3,-3,-3,3,0,1,2.1,1,1.5,1,-0.7,2,-1.3
S02000672,S02000686,0,0,0,3,0,0,3,3,3,1,-1,1,-1.1,1,-0.7,2,1
S02000672,S02000687,0,0,0,3,0,0,3,3,3,1,-1,1,-1.1,1,-0.7,2,1
S02000672,S02000688,7,0,0,0,-7,-7,-7,7,0,2,3.3,3,2.3,1,-1.1,4,-2
S02000672,S02000689,31,4,0,12,-31,-27,-19,47,16,15,4.3,20,3.4,9,-2.9,27,-2.9
S02000672,S02000691,7,0,0,3,-7,-7,-4,10,3,3,2.2,4,1.3,2,-1.4,6,-1.1
S02000672,S02000702,0,0,0,8,0,0,8,8,8,2,-1.6,3,-1.8,1,-1.2,5,1.6
S02000672,S02000705,0,0,3,0,3,0,0,3,3,1,-1,1,-1.1,1,3.3,2,1
S02000672,S02000710,0,0,3,0,3,0,0,3,3,1,-1,1,-1.1,1,3.3,2,1
S02000672,S02000716,4,0,0,0,-4,-4,-4,4,0,1,2.5,2,1.8,1,-0.9,2,-1.5
S02000672,S02000777,0,0,3,0,3,0,0,3,3,1,-1,1,-1.1,1,3.3,2,1
S02000672,S02000781,0,0,0,3,0,0,3,3,3,1,-1,1,-1.1,1,-0.7,2,1
S02000672,S02000783,5,0,0,0,-5,-5,-5,5,0,2,2.8,2,2,1,-1,3,-1.7
S02000672,S02000993,16,0,0,0,-16,-16,-16,16,0,5,4.9,7,3.5,3,-1.7,9,-3
S02000672,S02000998,0,0,3,0,3,0,0,3,3,1,-1,1,-1.1,1,3.3,2,1
S02000672,S02001000,0,0,0,5,0,0,5,5,5,2,-1.2,2,-1.5,1,-1,3,1.3
S02000672,S02001010,3,0,0,5,-3,-3,2,8,5,2,0.3,3,-0.2,1,-1.2,5,0.2
S02000672,S02001013,0,0,0,4,0,0,4,4,4,1,-1.1,2,-1.3,1,-0.9,2,1.1
S02000672,S02001015,0,4,8,4,8,4,4,16,16,5,-2.2,7,-1.1,3,2.9,9,0.9
S02000672,S02001016,0,0,0,4,0,0,4,4,4,1,-1.1,2,-1.3,1,-0.9,2,1.1
S02000672,S02001185,14,4,6,0,-8,-10,-14,24,10,7,2.4,10,2.4,4,0.7,14,-2.1
S02000672,S02001199,0,0,0,3,0,0,3,3,3,1,-1,1,-1.1,1,-0.7,2,1
S02000672,S02001201,3,0,0,0,-3,-3,-3,3,0,1,2.1,1,1.5,1,-0.7,2,-1.3
S02000673,S02000264,0,0,0,3,0,0,3,3,3,1,-1,1,-1.1,1,-0.7,2,1
S02000673,S02000279,3,0,0,3,-3,-3,0,6,3,2,0.8,3,0.3,1,-1.1,3,-0.2
S02000673,S02000324,0,0,3,0,3,0,0,3,3,1,-1,1,-1.1,1,3.3,2,1
S02000673,S02000587,0,4,0,0,0,4,0,4,4,1,-1.1,2,1.8,1,-0.9,2,-1.5
S02000673,S02000597,0,0,0,4,0,0,4,4,4,1,-1.1,2,-1.3,1,-0.9,2,1.1
S02000673,S02000607,8,0,0,0,-8,-8,-8,8,0,2,3.5,3,2.5,1,-1.2,5,-2.1
S02000673,S02000611,0,3,0,0,0,3,0,3,3,1,-1,1,1.5,1,-0.7,2,-1.3
S02000673,S02000625,0,0,0,4,0,0,4,4,4,1,-1.1,2,-1.3,1,-0.9,2,1.1
S02000673,S02000628,5,0,0,4,-5,-5,-1,9,4,3,1.3,4,0.6,2,-1.3,5,-0.5
S02000673,S02000634,11,0,0,6,-11,-11,-5,17,6,5,2.5,7,1.4,3,-1.8,10,-1.2
S02000673,S02000635,4,0,0,0,-4,-4,-4,4,0,1,2.5,2,1.8,1,-0.9,2,-1.5
S02000673,S02000644,4,0,4,6,0,-4,2,14,10,4,-0.2,6,-0.8,3,0.9,8,0.7
S02000673,S02000651,0,4,4,9,4,4,9,17,17,5,-2.3,7,-1.2,3,0.5,10,1
S02000673,S02000655,28,8,85,38,57,-20,10,159,131,50,-3.1,68,-3.8,29,10.2,91,3.3
S02000673,S02000656,6,10,0,0,-6,4,-6,16,10,5,0.5,7,3.5,3,-1.7,9,-3
S02000673,S02000658,28,0,15,49,-13,-28,21,92,64,29,-0.1,39,-1.8,17,-0.5,53,1.5
S02000673,S02000660,16,3,0,0,-16,-13,-16,19,3,6,4.1,8,3.8,4,-1.9,11,-3.3
S02000673,S02000661,21,0,15,21,-6,-21,0,57,36,18,0.8,24,-0.7,11,1.4,33,0.6
S02000673,S02000663,3,7,0,0,-3,4,-3,10,7,3,-0.1,4,2.8,2,-1.4,6,-2.4
S02000673,S02000664,18,0,7,20,-11,-18,2,45,27,14,1.1,19,-0.3,8,-0.5,26,0.2
S02000673,S02000665,6,0,0,0,-6,-6,-6,6,0,2,3,3,2.2,1,-1.1,3,-1.9
S02000673,S02000668,4,0,0,14,-4,-4,10,18,14,6,-0.7,8,-1.3,3,-1.8,10,1.1
S02000673,S02000669,4,0,0,3,-4,-4,-1,7,3,2,1.2,3,0.6,1,-1.1,4,-0.5
S02000673,S02000670,0,3,0,0,0,3,0,3,3,1,-1,1,1.5,1,-0.7,2,-1.3
S02000673,S02000671,0,0,0,13,0,0,13,13,13,4,-2,6,-2.4,2,-1.6,7,2
S02000673,S02000672,0,0,4,25,4,0,25,29,29,9,-3,12,-3.5,5,-0.6,17,3
S02000673,S02000673,5,3,3,23,-2,-2,18,34,29,11,-1.7,14,-1.7,6,-1.3,20,1.5
S02000673,S02000675,5,0,0,3,-5,-5,-2,8,3,2,1.6,3,0.9,1,-1.2,5,-0.7
S02000673,S02000676,5,0,0,0,-5,-5,-5,5,0,2,2.8,2,2,1,-1,3,-1.7
S02000673,S02000677,6,0,0,0,-6,-6,-6,6,0,2,3,3,2.2,1,-1.1,3,-1.9
S02000673,S02000679,0,0,0,8,0,0,8,8,8,2,-1.6,3,-1.8,1,-1.2,5,1.6
S02000673,S02000681,0,0,0,8,0,0,8,8,8,2,-1.6,3,-1.8,1,-1.2,5,1.6
S02000673,S02000682,0,0,0,4,0,0,4,4,4,1,-1.1,2,-1.3,1,-0.9,2,1.1
S02000673,S02000684,6,10,0,7,-6,4,1,23,17,7,-0.4,10,2,4,-2.1,13,-1.7
S02000673,S02000685,4,0,0,4,-4,-4,0,8,4,2,1,3,0.3,1,-1.2,5,-0.3
S02000673,S02000686,0,0,0,3,0,0,3,3,3,1,-1,1,-1.1,1,-0.7,2,1
S02000673,S02000688,3,0,0,0,-3,-3,-3,3,0,1,2.1,1,1.5,1,-0.7,2,-1.3
S02000673,S02000689,23,0,4,13,-19,-23,-10,40,17,12,3,17,1.5,7,-1.2,23,-1.2
S02000673,S02000690,6,0,0,0,-6,-6,-6,6,0,2,3,3,2.2,1,-1.1,3,-1.9
S02000673,S02000699,4,0,0,0,-4,-4,-4,4,0,1,2.5,2,1.8,1,-0.9,2,-1.5
S02000673,S02000702,4,0,0,4,-4,-4,0,8,4,2,1,3,0.3,1,-1.2,5,-0.3
S02000673,S02000703,0,0,0,3,0,0,3,3,3,1,-1,1,-1.1,1,-0.7,2,1
S02000673,S02000705,3,0,0,8,-3,-3,5,11,8,3,-0.2,5,-0.8,2,-1.4,6,0.7
S02000673,S02000711,0,0,0,5,0,0,5,5,5,2,-1.2,2,-1.5,1,-1,3,1.3
S02000673,S02000712,0,3,0,0,0,3,0,3,3,1,-1,1,1.5,1,-0.7,2,-1.3
S02000673,S02000716,7,0,0,0,-7,-7,-7,7,0,2,3.3,3,2.3,1,-1.1,4,-2
S02000673,S02001000,3,0,0,7,-3,-3,4,10,7,3,-0.1,4,-0.6,2,-1.4,6,0.5
S02000673,S02001005,0,3,0,0,0,3,0,3,3,1,-1,1,1.5,1,-0.7,2,-1.3
S02000673,S02001010,6,0,0,0,-6,-6,-6,6,0,2,3,3,2.2,1,-1.1,3,-1.9
S02000673,S02001013,0,3,0,13,0,3,13,16,16,5,-2.2,7,-1.5,3,-1.7,9,1.3
S02000673,S02001015,0,0,3,0,3,0,0,3,3,1,-1,1,-1.1,1,3.3,2,1
S02000673,S02001161,0,0,0,3,0,0,3,3,3,1,-1,1,-1.1,1,-0.7,2,1
S02000673,S02001184,0,0,0,3,0,0,3,3,3,1,-1,1,-1.1,1,-0.7,2,1
S02000673,S02001185,16,5,0,12,-16,-11,-4,33,17,10,1.8,14,1.9,6,-2.5,19,-1.6
S02000673,S02001186,0,0,0,3,0,0,3,3,3,1,-1,1,-1.1,1,-0.7,2,1
S02000673,S02001192,0,0,0,3,0,0,3,3,3,1,-1,1,-1.1,1,-0.7,2,1
S02000673,S02001195,3,0,0,3,-3,-3,0,6,3,2,0.8,3,0.3,1,-1.1,3,-0.2
S02000673,S02001200,3,0,0,0,-3,-3,-3,3,0,1,2.1,1,1.5,1,-0.7,2,-1.3
S02000674,S02000264,0,0,0,4,0,0,4,4,4,1,-1.1,2,-1.3,1,-0.9,2,1.1
S02000674,S02000270,0,0,11,0,11,0,0,11,11,3,-1.9,5,-2.2,2,6.3,6,1.9
S02000674,S02000281,0,0,0,3,0,0,3,3,3,1,-1,1,-1.1,1,-0.7,2,1
S02000674,S02000603,0,0,0,3,0,0,3,3,3,1,-1,1,-1.1,1,-0.7,2,1
S02000674,S02000607,3,0,0,0,-3,-3,-3,3,0,1,2.1,1,1.5,1,-0.7,2,-1.3
S02000674,S02000611,11,6,0,4,-11,-5,-7,21,10,7,1.7,9,2.7,4,-2,12,-2.3
S02000674,S02000615,3,0,0,4,-3,-3,1,7,4,2,0.6,3,0,1,-1.1,4,0
S02000674,S02000618,0,0,0,7,0,0,7,7,7,2,-1.5,3,-1.7,1,-1.1,4,1.5
S02000674,S02000626,0,0,0,4,0,0,4,4,4,1,-1.1,2,-1.3,1,-0.9,2,1.1
S02000674,S02000628,3,0,0,0,-3,-3,-3,3,0,1,2.1,1,1.5,1,-0.7,2,-1.3
S02000674,S02000629,3,8,0,0,-3,5,-3,11,8,3,-0.2,5,2.9,2,-1.4,6,-2.5
S02000674,S02000630,3,0,0,0,-3,-3,-3,3,0,1,2.1,1,1.5,1,-0.7,2,-1.3
S02000674,S02000631,3,4,3,3,0,1,0,13,10,4,-0.5,6,0.6,2,0.4,7,-0.5
S02000674,S02000632,3,5,4,15,1,2,12,27,24,8,-1.9,11,-1,5,-0.4,16,0.9
S02000674,S02000633,20,8,0,26,-20,-12,6,54,34,17,0.8,23,1.1,10,-3.2,31,-0.9
S02000674,S02000634,10,5,0,8,-10,-5,-2,23,13,7,1.1,10,1.7,4,-2.1,13,-1.4
S02000674,S02000635,8,0,6,8,-2,-8,0,22,14,7,0.4,9,-0.4,4,1,13,0.4
S02000674,S02000636,0,0,0,4,0,0,4,4,4,1,-1.1,2,-1.3,1,-0.9,2,1.1
S02000674,S02000640,0,7,0,8,0,7,8,15,15,5,-2.2,6,0.2,3,-1.7,9,-0.2
S02000674,S02000643,6,0,0,6,-6,-6,0,12,6,4,1.2,5,0.4,2,-1.5,7,-0.3
S02000674,S02000644,3,0,5,0,2,-3,-3,8,5,2,0.3,3,-0.2,1,2.9,5,0.2
S02000674,S02000646,4,0,0,3,-4,-4,-1,7,3,2,1.2,3,0.6,1,-1.1,4,-0.5
S02000674,S02000648,0,5,0,5,0,5,5,10,10,3,-1.8,4,0.4,2,-1.4,6,-0.3
S02000674,S02000650,0,3,0,0,0,3,0,3,3,1,-1,1,1.5,1,-0.7,2,-1.3
S02000674,S02000651,0,0,3,4,3,0,4,7,7,2,-1.5,3,-1.7,1,1.5,4,1.5
S02000674,S02000652,8,0,4,17,-4,-8,9,29,21,9,-0.3,12,-1.2,5,-0.6,17,1.1
S02000674,S02000653,0,0,0,3,0,0,3,3,3,1,-1,1,-1.1,1,-0.7,2,1
S02000674,S02000654,13,0,0,5,-13,-13,-8,18,5,6,3.1,8,1.9,3,-1.8,10,-1.7
S02000674,S02000655,36,7,111,56,75,-29,20,210,174,65,-3.6,89,-4.9,39,11.6,121,4.2
S02000674,S02000656,7,3,0,0,-7,-4,-7,10,3,3,2.2,4,2.8,2,-1.4,6,-2.4
S02000674,S02000657,5,0,0,3,-5,-5,-2,8,3,2,1.6,3,0.9,1,-1.2,5,-0.7
S02000674,S02000658,59,12,24,58,-35,-47,-1,153,94,48,1.6,65,0.7,28,-0.8,88,-0.6
S02000674,S02000659,3,5,6,12,3,2,9,26,23,8,-1.8,11,-0.9,5,0.5,15,0.8
S02000674,S02000660,11,3,3,0,-8,-8,-11,17,6,5,2.5,7,2.5,3,-0.1,10,-2.2
S02000674,S02000661,6,0,8,9,2,-6,3,23,17,7,-0.4,10,-1.2,4,1.8,13,1
S02000674,S02000662,9,0,4,25,-5,-9,16,38,29,12,-0.8,16,-1.8,7,-1.1,22,1.5
S02000674,S02000663,24,37,5,32,-19,13,8,98,74,31,-1.2,42,3,18,-3.1,56,-2.6
S02000674,S02000664,8,0,0,5,-8,-8,-3,13,5,4,2,6,1.1,2,-1.6,7,-0.9
S02000674,S02000665,0,0,3,3,3,0,3,6,6,2,-1.4,3,-1.6,1,1.8,3,1.4
S02000674,S02000666,4,0,0,5,-4,-4,1,9,5,3,0.7,4,0.1,2,-1.3,5,-0.1
S02000674,S02000667,5,0,0,8,-5,-5,3,13,8,4,0.5,6,-0.2,2,-1.6,7,0.2
S02000674,S02000669,7,0,5,0,-2,-7,-7,12,5,4,1.7,5,0.8,2,1.9,7,-0.7
S02000674,S02000670,23,7,0,6,-23,-16,-17,36,13,11,3.5,15,3.8,7,-2.6,21,-3.2
S02000674,S02000671,0,0,0,3,0,0,3,3,3,1,-1,1,-1.1,1,-0.7,2,1
S02000674,S02000672,0,0,4,13,4,0,13,17,17,5,-2.3,7,-2.7,3,0.5,10,2.3
S02000674,S02000674,11,7,7,66,-4,-4,55,91,80,28,-3.3,39,-3.3,17,-2.4,52,2.9
S02000674,S02000675,0,0,0,3,0,0,3,3,3,1,-1,1,-1.1,1,-0.7,2,1
S02000674,S02000676,16,0,3,6,-13,-16,-10,25,9,8,2.9,11,1.6,5,-0.8,14,-1.4
S02000674,S02000678,0,0,0,3,0,0,3,3,3,1,-1,1,-1.1,1,-0.7,2,1
S02000674,S02000680,0,3,0,0,0,3,0,3,3,1,-1,1,1.5,1,-0.7,2,-1.3
S02000674,S02000681,0,0,0,3,0,0,3,3,3,1,-1,1,-1.1,1,-0.7,2,1
S02000674,S02000684,0,3,0,0,0,3,0,3,3,1,-1,1,1.5,1,-0.7,2,-1.3
S02000674,S02000685,0,0,0,3,0,0,3,3,3,1,-1,1,-1.1,1,-0.7,2,1
S02000674,S02000687,0,0,0,5,0,0,5,5,5,2,-1.2,2,-1.5,1,-1,3,1.3
S02000674,S02000689,5,0,3,0,-2,-5,-5,8,3,2,1.6,3,0.9,1,1.2,5,-0.7
S02000674,S02000691,11,0,0,0,-11,-11,-11,11,0,3,4.1,5,2.9,2,-1.4,6,-2.5
S02000674,S02000692,0,0,0,3,0,0,3,3,3,1,-1,1,-1.1,1,-0.7,2,1
S02000674,S02000693,3,0,0,0,-3,-3,-3,3,0,1,2.1,1,1.5,1,-0.7,2,-1.3
S02000674,S02000694,3,0,0,0,-3,-3,-3,3,0,1,2.1,1,1.5,1,-0.7,2,-1.3
S02000674,S02000695,0,3,0,7,0,3,7,10,10,3,-1.8,4,-0.6,2,-1.4,6,0.5
S02000674,S02000697,3,0,0,0,-3,-3,-3,3,0,1,2.1,1,1.5,1,-0.7,2,-1.3
S02000674,S02000701,3,0,0,0,-3,-3,-3,3,0,1,2.1,1,1.5,1,-0.7,2,-1.3
S02000674,S02000923,0,0,0,7,0,0,7,7,7,2,-1.5,3,-1.7,1,-1.1,4,1.5
S02000674,S02001010,5,0,0,0,-5,-5,-5,5,0,2,2.8,2,2,1,-1,3,-1.7
S02000674,S02001013,0,3,0,4,0,3,4,7,7,2,-1.5,3,0,1,-1.1,4,0
S02000674,S02001016,0,3,0,0,0,3,0,3,3,1,-1,1,1.5,1,-0.7,2,-1.3
S02000674,S02001156,4,0,0,0,-4,-4,-4,4,0,1,2.5,2,1.8,1,-0.9,2,-1.5
S02000674,S02001161,0,5,0,0,0,5,0,5,5,2,-1.2,2,2,1,-1,3,-1.7
S02000674,S02001162,4,0,0,5,-4,-4,1,9,5,3,0.7,4,0.1,2,-1.3,5,-0.1
S02000674,S02001185,0,3,0,0,0,3,0,3,3,1,-1,1,1.5,1,-0.7,2,-1.3
S02000675,S02000263,0,0,4,0,4,0,0,4,4,1,-1.1,2,-1.3,1,3.8,2,1.1
S02000675,S02000270,0,0,3,0,3,0,0,3,3,1,-1,1,-1.1,1,3.3,2,1
S02000675,S02000272,0,0,0,5,0,0,5,5,5,2,-1.2,2,-1.5,1,-1,3,1.3
S02000675,S02000279,0,0,0,7,0,0,7,7,7,2,-1.5,3,-1.7,1,-1.1,4,1.5
S02000675,S02000324,0,0,0,6,0,0,6,6,6,2,-1.4,3,-1.6,1,-1.1,3,1.4
S02000675,S02000596,0,0,0,5,0,0,5,5,5,2,-1.2,2,-1.5,1,-1,3,1.3
S02000675,S02000597,0,0,0,7,0,0,7,7,7,2,-1.5,3,-1.7,1,-1.1,4,1.5
S02000675,S02000599,7,0,0,0,-7,-7,-7,7,0,2,3.3,3,2.3,1,-1.1,4,-2
S02000675,S02000603,0,0,0,5,0,0,5,5,5,2,-1.2,2,-1.5,1,-1,3,1.3
S02000675,S02000607,10,0,0,0,-10,-10,-10,10,0,3,3.9,4,2.8,2,-1.4,6,-2.4
S02000675,S02000616,0,0,0,6,0,0,6,6,6,2,-1.4,3,-1.6,1,-1.1,3,1.4
S02000675,S02000620,0,3,0,0,0,3,0,3,3,1,-1,1,1.5,1,-0.7,2,-1.3
S02000675,S02000622,0,0,0,6,0,0,6,6,6,2,-1.4,3,-1.6,1,-1.1,3,1.4
S02000675,S02000627,0,0,0,5,0,0,5,5,5,2,-1.2,2,-1.5,1,-1,3,1.3
S02000675,S02000628,10,0,3,7,-7,-10,-3,20,10,6,1.5,9,0.5,4,-0.4,11,-0.4
S02000675,S02000631,0,0,4,0,4,0,0,4,4,1,-1.1,2,-1.3,1,3.8,2,1.1
S02000675,S02000632,3,0,0,0,-3,-3,-3,3,0,1,2.1,1,1.5,1,-0.7,2,-1.3
S02000675,S02000633,5,4,0,10,-5,-1,5,19,14,6,-0.4,8,0.3,4,-1.9,11,-0.3
S02000675,S02000634,9,0,4,7,-5,-9,-2,20,11,6,1.1,9,0.2,4,0.2,11,-0.1
S02000675,S02000635,0,0,0,4,0,0,4,4,4,1,-1.1,2,-1.3,1,-0.9,2,1.1
S02000675,S02000644,9,0,24,3,15,-9,-6,36,27,11,-0.7,15,-1.6,7,6.7,21,1.4
S02000675,S02000648,0,0,0,5,0,0,5,5,5,2,-1.2,2,-1.5,1,-1,3,1.3
S02000675,S02000651,0,0,11,11,11,0,11,22,22,7,-2.6,9,-3.1,4,3.4,13,2.6
S02000675,S02000655,66,16,167,144,101,-50,78,393,327,122,-5.1,167,-6.6,73,11.1,226,5.7
S02000675,S02000656,8,3,0,4,-8,-5,-4,15,7,5,1.5,6,1.8,3,-1.7,9,-1.6
S02000675,S02000658,69,9,35,139,-34,-60,70,252,183,78,-1.1,107,-2.8,47,-1.7,145,2.4
S02000675,S02000659,4,0,3,4,-1,-4,0,11,7,3,0.3,5,-0.3,2,0.7,6,0.3
S02000675,S02000660,20,0,0,3,-20,-20,-17,23,3,7,4.8,10,3.3,4,-2.1,13,-2.8
S02000675,S02000661,17,6,14,26,-3,-11,9,63,46,20,-0.6,27,-0.7,12,0.7,36,0.6
S02000675,S02000662,0,0,0,3,0,0,3,3,3,1,-1,1,-1.1,1,-0.7,2,1
S02000675,S02000663,0,3,0,0,0,3,0,3,3,1,-1,1,1.5,1,-0.7,2,-1.3
S02000675,S02000664,22,0,0,11,-22,-22,-11,33,11,10,3.7,14,2.1,6,-2.5,19,-1.8
S02000675,S02000665,12,3,13,28,1,-9,16,56,44,17,-1.3,24,-1.8,10,0.8,32,1.6
S02000675,S02000667,3,0,0,0,-3,-3,-3,3,0,1,2.1,1,1.5,1,-0.7,2,-1.3
S02000675,S02000668,0,0,0,4,0,0,4,4,4,1,-1.1,2,-1.3,1,-0.9,2,1.1
S02000675,S02000669,6,11,15,22,9,5,16,54,48,17,-2.6,23,-1.2,10,1.6,31,1.1
S02000675,S02000670,3,8,0,0,-3,5,-3,11,8,3,-0.2,5,2.9,2,-1.4,6,-2.5
S02000675,S02000672,15,9,27,180,12,-6,165,231,216,72,-6.7,98,-7.5,43,-2.4,133,6.4
S02000675,S02000673,4,0,0,0,-4,-4,-4,4,0,1,2.5,2,1.8,1,-0.9,2,-1.5
S02000675,S02000674,0,0,0,3,0,0,3,3,3,1,-1,1,-1.1,1,-0.7,2,1
S02000675,S02000675,10,4,5,15,-5,-6,5,34,24,11,-0.2,14,-0.1,6,-0.5,20,0.1
S02000675,S02000676,6,0,3,0,-3,-6,-6,9,3,3,1.9,4,1.1,2,1,5,-1
S02000675,S02000680,0,0,0,5,0,0,5,5,5,2,-1.2,2,-1.5,1,-1,3,1.3
S02000675,S02000681,0,0,0,11,0,0,11,11,11,3,-1.9,5,-2.2,2,-1.4,6,1.9
S02000675,S02000682,0,0,0,3,0,0,3,3,3,1,-1,1,-1.1,1,-0.7,2,1
S02000675,S02000683,0,0,0,5,0,0,5,5,5,2,-1.2,2,-1.5,1,-1,3,1.3
S02000675,S02000684,0,0,0,4,0,0,4,4,4,1,-1.1,2,-1.3,1,-0.9,2,1.1
S02000675,S02000685,0,0,0,8,0,0,8,8,8,2,-1.6,3,-1.8,1,-1.2,5,1.6
S02000675,S02000686,0,0,0,3,0,0,3,3,3,1,-1,1,-1.1,1,-0.7,2,1
S02000675,S02000688,6,0,0,17,-6,-6,11,23,17,7,-0.4,10,-1.2,4,-2.1,13,1
S02000675,S02000689,32,0,0,17,-32,-32,-15,49,17,15,4.3,21,2.4,9,-3,28,-2.1
S02000675,S02000691,8,0,0,3,-8,-8,-5,11,3,3,2.5,5,1.5,2,-1.4,6,-1.3
S02000675,S02000692,0,0,0,4,0,0,4,4,4,1,-1.1,2,-1.3,1,-0.9,2,1.1
S02000675,S02000693,0,0,0,3,0,0,3,3,3,1,-1,1,-1.1,1,-0.7,2,1
S02000675,S02000702,3,0,0,4,-3,-3,1,7,4,2,0.6,3,0,1,-1.1,4,0
S02000675,S02000710,3,7,7,9,4,4,6,26,23,8,-1.8,11,-0.3,5,1,15,0.3
S02000675,S02000716,6,0,0,0,-6,-6,-6,6,0,2,3,3,2.2,1,-1.1,3,-1.9
S02000675,S02000783,4,0,0,0,-4,-4,-4,4,0,1,2.5,2,1.8,1,-0.9,2,-1.5
S02000675,S02000993,7,0,0,0,-7,-7,-7,7,0,2,3.3,3,2.3,1,-1.1,4,-2
S02000675,S02001000,4,0,0,5,-4,-4,1,9,5,3,0.7,4,0.1,2,-1.3,5,-0.1
S02000675,S02001010,7,0,0,0,-7,-7,-7,7,0,2,3.3,3,2.3,1,-1.1,4,-2
S02000675,S02001013,0,4,4,5,4,4,5,13,13,4,-2,6,-0.7,2,1,7,0.6
S02000675,S02001014,0,0,4,0,4,0,0,4,4,1,-1.1,2,-1.3,1,3.8,2,1.1
S02000675,S02001015,0,0,4,0,4,0,0,4,4,1,-1.1,2,-1.3,1,3.8,2,1.1
S02000675,S02001185,9,0,5,8,-4,-9,-1,22,13,7,0.8,9,-0.1,4,0.5,13,0.1
S02000676,S02000260,3,3,0,0,-3,0,-3,6,3,2,0.8,3,2.2,1,-1.1,3,-1.9
S02000676,S02000264,3,0,0,6,-3,-3,3,9,6,3,0.1,4,-0.4,2,-1.3,5,0.4
S02000676,S02000270,0,0,7,0,7,0,0,7,7,2,-1.5,3,-1.7,1,5,4,1.5
S02000676,S02000281,4,0,3,3,-1,-4,-1,10,6,3,0.5,4,-0.1,2,0.8,6,0.1
S02000676,S02000590,0,0,0,4,0,0,4,4,4,1,-1.1,2,-1.3,1,-0.9,2,1.1
S02000676,S02000607,4,0,0,0,-4,-4,-4,4,0,1,2.5,2,1.8,1,-0.9,2,-1.5
S02000676,S02000624,5,0,0,0,-5,-5,-5,5,0,2,2.8,2,2,1,-1,3,-1.7
S02000676,S02000628,0,0,0,4,0,0,4,4,4,1,-1.1,2,-1.3,1,-0.9,2,1.1
S02000676,S02000633,4,0,0,5,-4,-4,1,9,5,3,0.7,4,0.1,2,-1.3,5,-0.1
S02000676,S02000634,7,0,4,5,-3,-7,-2,16,9,5,0.9,7,0.1,3,0.6,9,-0.1
S02000676,S02000635,0,0,0,3,0,0,3,3,3,1,-1,1,-1.1,1,-0.7,2,1
S02000676,S02000642,3,0,0,0,-3,-3,-3,3,0,1,2.1,1,1.5,1,-0.7,2,-1.3
S02000676,S02000644,0,0,6,0,6,0,0,6,6,2,-1.4,3,-1.6,1,4.6,3,1.4
S02000676,S02000648,0,0,0,4,0,0,4,4,4,1,-1.1,2,-1.3,1,-0.9,2,1.1
S02000676,S02000649,0,0,0,3,0,0,3,3,3,1,-1,1,-1.1,1,-0.7,2,1
S02000676,S02000655,30,6,91,87,61,-24,57,214,184,67,-4.5,91,-5.8,40,8.2,123,5
S02000676,S02000658,46,14,17,56,-29,-32,10,133,87,41,0.7,57,0.5,25,-1.5,76,-0.4
S02000676,S02000659,5,3,0,4,-5,-2,-1,12,7,4,0.7,5,1.3,2,-1.5,7,-1.1
S02000676,S02000660,3,3,0,0,-3,0,-3,6,3,2,0.8,3,2.2,1,-1.1,3,-1.9
S02000676,S02000661,7,0,6,5,-1,-7,-2,18,11,6,0.6,8,-0.2,3,1.5,10,0.2
S02000676,S02000664,3,0,0,0,-3,-3,-3,3,0,1,2.1,1,1.5,1,-0.7,2,-1.3
S02000676,S02000665,0,0,0,4,0,0,4,4,4,1,-1.1,2,-1.3,1,-0.9,2,1.1
S02000676,S02000668,4,3,0,0,-4,-1,-4,7,3,2,1.2,3,2.3,1,-1.1,4,-2
S02000676,S02000669,0,0,3,6,3,0,6,9,9,3,-1.7,4,-2,2,1,5,1.7
S02000676,S02000670,13,8,5,13,-8,-5,0,39,26,12,0.2,17,1.1,7,-0.8,22,-0.9
S02000676,S02000672,3,0,0,14,-3,-3,11,17,14,5,-1,7,-1.6,3,-1.8,10,1.4
S02000676,S02000675,0,0,0,5,0,0,5,5,5,2,-1.2,2,-1.5,1,-1,3,1.3
S02000676,S02000676,20,12,9,43,-11,-8,23,84,64,26,-1.2,36,-0.6,16,-1.7,48,0.5
S02000676,S02000680,4,0,0,8,-4,-4,4,12,8,4,0.1,5,-0.5,2,-1.5,7,0.4
S02000676,S02000684,6,4,3,3,-3,-2,-3,16,10,5,0.5,7,1.2,3,0,9,-1.1
S02000676,S02000685,3,0,0,15,-3,-3,12,18,15,6,-1.1,8,-1.7,3,-1.8,10,1.4
S02000676,S02000688,5,0,0,8,-5,-5,3,13,8,4,0.5,6,-0.2,2,-1.6,7,0.2
S02000676,S02000689,13,0,0,4,-13,-13,-9,17,4,5,3.3,7,2.1,3,-1.8,10,-1.8
S02000676,S02000691,16,3,0,7,-16,-13,-9,26,10,8,2.8,11,2.4,5,-2.2,15,-2.1
S02000676,S02000692,7,0,0,4,-7,-7,-3,11,4,3,1.9,5,1.1,2,-1.4,6,-0.9
S02000676,S02000695,0,0,0,3,0,0,3,3,3,1,-1,1,-1.1,1,-0.7,2,1
S02000676,S02000697,4,0,0,0,-4,-4,-4,4,0,1,2.5,2,1.8,1,-0.9,2,-1.5
S02000676,S02000701,0,6,0,0,0,6,0,6,6,2,-1.4,3,2.2,1,-1.1,3,-1.9
S02000676,S02000708,3,0,0,0,-3,-3,-3,3,0,1,2.1,1,1.5,1,-0.7,2,-1.3
S02000676,S02001000,6,0,0,5,-6,-6,-1,11,5,3,1.4,5,0.6,2,-1.4,6,-0.5
S02000676,S02001010,3,0,0,0,-3,-3,-3,3,0,1,2.1,1,1.5,1,-0.7,2,-1.3
S02000676,S02001013,0,4,4,0,4,4,0,8,8,2,-1.6,3,0.3,1,2.1,5,-0.3
S02000676,S02001017,0,4,0,0,0,4,0,4,4,1,-1.1,2,1.8,1,-0.9,2,-1.5
S02000676,S02001185,0,0,3,0,3,0,0,3,3,1,-1,1,-1.1,1,3.3,2,1
S02000677,S02000263,0,0,6,0,6,0,0,6,6,2,-1.4,3,-1.6,1,4.6,3,1.4
S02000677,S02000264,0,0,4,0,4,0,0,4,4,1,-1.1,2,-1.3,1,3.8,2,1.1
S02000677,S02000279,3,0,0,3,-3,-3,0,6,3,2,0.8,3,0.3,1,-1.1,3,-0.2
S02000677,S02000285,0,0,0,3,0,0,3,3,3,1,-1,1,-1.1,1,-0.7,2,1
S02000677,S02000312,0,0,0,4,0,0,4,4,4,1,-1.1,2,-1.3,1,-0.9,2,1.1
S02000677,S02000585,0,0,0,3,0,0,3,3,3,1,-1,1,-1.1,1,-0.7,2,1
S02000677,S02000588,3,0,0,0,-3,-3,-3,3,0,1,2.1,1,1.5,1,-0.7,2,-1.3
S02000677,S02000597,4,0,0,4,-4,-4,0,8,4,2,1,3,0.3,1,-1.2,5,-0.3
S02000677,S02000599,6,0,4,0,-2,-6,-6,10,4,3,1.6,4,0.8,2,1.6,6,-0.7
S02000677,S02000603,0,0,0,3,0,0,3,3,3,1,-1,1,-1.1,1,-0.7,2,1
S02000677,S02000607,7,0,0,0,-7,-7,-7,7,0,2,3.3,3,2.3,1,-1.1,4,-2
S02000677,S02000608,3,0,0,0,-3,-3,-3,3,0,1,2.1,1,1.5,1,-0.7,2,-1.3
S02000677,S02000610,3,0,0,0,-3,-3,-3,3,0,1,2.1,1,1.5,1,-0.7,2,-1.3
S02000677,S02000615,0,0,0,5,0,0,5,5,5,2,-1.2,2,-1.5,1,-1,3,1.3
S02000677,S02000622,0,0,0,3,0,0,3,3,3,1,-1,1,-1.1,1,-0.7,2,1
S02000677,S02000625,0,0,0,3,0,0,3,3,3,1,-1,1,-1.1,1,-0.7,2,1
S02000677,S02000628,4,0,0,0,-4,-4,-4,4,0,1,2.5,2,1.8,1,-0.9,2,-1.5
S02000677,S02000633,4,0,4,0,0,-4,-4,8,4,2,1,3,0.3,1,2.1,5,-0.3
S02000677,S02000634,4,0,5,6,1,-4,2,15,11,5,-0.3,6,-0.9,3,1.3,9,0.8
S02000677,S02000635,0,0,4,0,4,0,0,4,4,1,-1.1,2,-1.3,1,3.8,2,1.1
S02000677,S02000644,0,0,20,0,20,0,0,20,20,6,-2.5,9,-2.9,4,8.5,11,2.5
S02000677,S02000645,3,0,0,0,-3,-3,-3,3,0,1,2.1,1,1.5,1,-0.7,2,-1.3
S02000677,S02000651,4,0,9,7,5,-4,3,20,16,6,-0.9,9,-1.5,4,2.8,11,1.3
S02000677,S02000655,58,22,179,91,121,-36,33,350,292,109,-4.9,149,-5.6,65,14.2,201,4.9
S02000677,S02000656,4,3,3,0,-1,-1,-4,10,6,3,0.5,4,1.3,2,0.8,6,-1.1
S02000677,S02000658,46,9,37,104,-9,-37,58,196,150,61,-1.9,83,-3.1,36,0.1,113,2.7
S02000677,S02000659,0,0,3,4,3,0,4,7,7,2,-1.5,3,-1.7,1,1.5,4,1.5
S02000677,S02000660,31,3,3,5,-28,-28,-26,42,11,13,5,18,3.8,8,-1.7,24,-3.3
S02000677,S02000661,35,3,24,19,-11,-32,-16,81,46,25,1.9,34,0.6,15,2.3,47,-0.5
S02000677,S02000664,24,0,3,18,-21,-24,-6,45,21,14,2.7,19,1.1,8,-1.8,26,-1
S02000677,S02000665,4,0,17,9,13,-4,5,30,26,9,-1.7,13,-2.5,6,4.9,17,2.1
S02000677,S02000666,0,0,0,4,0,0,4,4,4,1,-1.1,2,-1.3,1,-0.9,2,1.1
S02000677,S02000668,3,0,0,4,-3,-3,1,7,4,2,0.6,3,0,1,-1.1,4,0
S02000677,S02000669,0,0,7,5,7,0,5,12,12,4,-1.9,5,-2.3,2,3.2,7,1.9
S02000677,S02000671,4,3,0,0,-4,-1,-4,7,3,2,1.2,3,2.3,1,-1.1,4,-2
S02000677,S02000672,4,4,16,161,12,0,157,185,181,58,-7.1,79,-8,34,-3.1,106,6.9
S02000677,S02000674,0,0,0,3,0,0,3,3,3,1,-1,1,-1.1,1,-0.7,2,1
S02000677,S02000675,0,0,0,5,0,0,5,5,5,2,-1.2,2,-1.5,1,-1,3,1.3
S02000677,S02000676,0,0,0,4,0,0,4,4,4,1,-1.1,2,-1.3,1,-0.9,2,1.1
S02000677,S02000677,4,0,0,12,-4,-4,8,16,12,5,-0.4,7,-1.1,3,-1.7,9,0.9
S02000677,S02000679,0,0,0,4,0,0,4,4,4,1,-1.1,2,-1.3,1,-0.9,2,1.1
S02000677,S02000680,3,0,0,0,-3,-3,-3,3,0,1,2.1,1,1.5,1,-0.7,2,-1.3
S02000677,S02000681,0,0,0,30,0,0,30,30,30,9,-3.1,13,-3.6,6,-2.4,17,3.1
S02000677,S02000683,0,0,0,7,0,0,7,7,7,2,-1.5,3,-1.7,1,-1.1,4,1.5
S02000677,S02000684,0,0,3,0,3,0,0,3,3,1,-1,1,-1.1,1,3.3,2,1
S02000677,S02000688,3,0,0,5,-3,-3,2,8,5,2,0.3,3,-0.2,1,-1.2,5,0.2
S02000677,S02000689,47,0,0,12,-47,-47,-35,59,12,18,6.7,25,4.4,11,-3.3,34,-3.8
S02000677,S02000691,6,0,0,3,-6,-6,-3,9,3,3,1.9,4,1.1,2,-1.3,5,-1
S02000677,S02000702,4,0,0,3,-4,-4,-1,7,3,2,1.2,3,0.6,1,-1.1,4,-0.5
S02000677,S02000705,3,0,0,7,-3,-3,4,10,7,3,-0.1,4,-0.6,2,-1.4,6,0.5
S02000677,S02000710,0,3,3,3,3,3,3,9,9,3,-1.7,4,-0.4,2,1,5,0.4
S02000677,S02000777,0,0,0,3,0,0,3,3,3,1,-1,1,-1.1,1,-0.7,2,1
S02000677,S02000781,3,0,0,0,-3,-3,-3,3,0,1,2.1,1,1.5,1,-0.7,2,-1.3
S02000677,S02000783,5,0,0,0,-5,-5,-5,5,0,2,2.8,2,2,1,-1,3,-1.7
S02000677,S02000784,3,0,0,0,-3,-3,-3,3,0,1,2.1,1,1.5,1,-0.7,2,-1.3
S02000677,S02000984,3,0,0,0,-3,-3,-3,3,0,1,2.1,1,1.5,1,-0.7,2,-1.3
S02000677,S02000993,11,0,0,0,-11,-11,-11,11,0,3,4.1,5,2.9,2,-1.4,6,-2.5
S02000677,S02000996,3,0,0,0,-3,-3,-3,3,0,1,2.1,1,1.5,1,-0.7,2,-1.3
S02000677,S02001000,9,0,0,16,-9,-9,7,25,16,8,0.4,11,-0.5,5,-2.2,14,0.4
S02000677,S02001010,9,0,3,3,-6,-9,-6,15,6,5,2,6,1,3,0.1,9,-0.9
S02000677,S02001013,0,0,4,5,4,0,5,9,9,3,-1.7,4,-2,2,1.8,5,1.7
S02000677,S02001015,0,5,4,0,4,5,0,9,9,3,-1.7,4,0.6,2,1.8,5,-0.5
S02000677,S02001016,0,0,4,0,4,0,0,4,4,1,-1.1,2,-1.3,1,3.8,2,1.1
S02000677,S02001185,16,0,4,6,-12,-16,-10,26,10,8,2.8,11,1.5,5,-0.4,15,-1.3
S02000677,S02001186,0,0,0,3,0,0,3,3,3,1,-1,1,-1.1,1,-0.7,2,1
S02000677,S02001201,0,0,0,3,0,0,3,3,3,1,-1,1,-1.1,1,-0.7,2,1
S02000678,S02000264,5,0,0,3,-5,-5,-2,8,3,2,1.6,3,0.9,1,-1.2,5,-0.7
S02000678,S02000324,0,0,0,4,0,0,4,4,4,1,-1.1,2,-1.3,1,-0.9,2,1.1
S02000678,S02000607,5,0,0,0,-5,-5,-5,5,0,2,2.8,2,2,1,-1,3,-1.7
S02000678,S02000620,0,3,0,0,0,3,0,3,3,1,-1,1,1.5,1,-0.7,2,-1.3
S02000678,S02000629,5,0,0,0,-5,-5,-5,5,0,2,2.8,2,2,1,-1,3,-1.7
S02000678,S02000633,17,6,0,18,-17,-11,1,41,24,13,1.2,17,1.3,8,-2.8,24,-1.1
S02000678,S02000634,0,0,0,7,0,0,7,7,7,2,-1.5,3,-1.7,1,-1.1,4,1.5
S02000678,S02000635,5,0,0,3,-5,-5,-2,8,3,2,1.6,3,0.9,1,-1.2,5,-0.7
S02000678,S02000648,0,7,0,3,0,7,3,10,10,3,-1.8,4,1.3,2,-1.4,6,-1.1
S02000678,S02000649,3,0,0,0,-3,-3,-3,3,0,1,2.1,1,1.5,1,-0.7,2,-1.3
S02000678,S02000650,0,0,0,3,0,0,3,3,3,1,-1,1,-1.1,1,-0.7,2,1
S02000678,S02000651,0,0,5,0,5,0,0,5,5,2,-1.2,2,-1.5,1,4.2,3,1.3
S02000678,S02000654,5,0,0,0,-5,-5,-5,5,0,2,2.8,2,2,1,-1,3,-1.7
S02000678,S02000655,41,8,54,73,13,-33,32,176,135,55,-1.9,75,-3,33,3.8,101,2.6
S02000678,S02000656,6,3,0,0,-6,-3,-6,9,3,3,1.9,4,2.6,2,-1.3,5,-2.3
S02000678,S02000657,6,0,0,0,-6,-6,-6,6,0,2,3,3,2.2,1,-1.1,3,-1.9
S02000678,S02000658,60,10,13,47,-47,-50,-13,130,70,40,3.1,55,2,24,-2.3,75,-1.7
S02000678,S02000659,0,0,0,7,0,0,7,7,7,2,-1.5,3,-1.7,1,-1.1,4,1.5
S02000678,S02000660,7,0,0,0,-7,-7,-7,7,0,2,3.3,3,2.3,1,-1.1,4,-2
S02000678,S02000661,7,0,7,8,0,-7,1,22,15,7,0.1,9,-0.8,4,1.5,13,0.7
S02000678,S02000662,0,0,0,4,0,0,4,4,4,1,-1.1,2,-1.3,1,-0.9,2,1.1
S02000678,S02000663,3,14,0,5,-3,11,2,22,19,7,-1.5,9,2.5,4,-2,13,-2.1
S02000678,S02000664,3,0,0,3,-3,-3,0,6,3,2,0.8,3,0.3,1,-1.1,3,-0.2
S02000678,S02000665,0,0,0,7,0,0,7,7,7,2,-1.5,3,-1.7,1,-1.1,4,1.5
S02000678,S02000666,8,0,6,14,-2,-8,6,28,20,9,-0.2,12,-1.1,5,0.4,16,1
S02000678,S02000667,8,0,0,5,-8,-8,-3,13,5,4,2,6,1.1,2,-1.6,7,-0.9
S02000678,S02000669,3,0,0,3,-3,-3,0,6,3,2,0.8,3,0.3,1,-1.1,3,-0.2
S02000678,S02000670,13,10,0,8,-13,-3,-5,31,18,10,1.1,13,2.7,6,-2.4,18,-2.3
S02000678,S02000672,0,0,0,12,0,0,12,12,12,4,-1.9,5,-2.3,2,-1.5,7,1.9
S02000678,S02000674,0,0,0,4,0,0,4,4,4,1,-1.1,2,-1.3,1,-0.9,2,1.1
S02000678,S02000675,0,0,0,3,0,0,3,3,3,1,-1,1,-1.1,1,-0.7,2,1
S02000678,S02000676,10,4,4,11,-6,-6,1,29,19,9,0.3,12,0.5,5,-0.6,17,-0.4
S02000678,S02000678,12,0,9,23,-3,-12,11,44,32,14,-0.5,19,-1.6,8,0.3,25,1.3
S02000678,S02000680,0,0,0,8,0,0,8,8,8,2,-1.6,3,-1.8,1,-1.2,5,1.6
S02000678,S02000687,6,0,0,7,-6,-6,1,13,7,4,1,6,0.2,2,-1.6,7,-0.2
S02000678,S02000688,0,3,0,0,0,3,0,3,3,1,-1,1,1.5,1,-0.7,2,-1.3
S02000678,S02000689,3,0,0,6,-3,-3,3,9,6,3,0.1,4,-0.4,2,-1.3,5,0.4
S02000678,S02000691,23,0,3,4,-20,-23,-19,30,7,9,4.5,13,2.9,6,-1.1,17,-2.5
S02000678,S02000695,10,0,4,41,-6,-10,31,55,45,17,-1.7,23,-2.8,10,-1.9,32,2.4
S02000678,S02000697,4,0,0,0,-4,-4,-4,4,0,1,2.5,2,1.8,1,-0.9,2,-1.5
S02000678,S02000701,0,5,0,6,0,5,6,11,11,3,-1.9,5,0.1,2,-1.4,6,-0.1
S02000678,S02000923,5,0,0,0,-5,-5,-5,5,0,2,2.8,2,2,1,-1,3,-1.7
S02000678,S02001010,3,0,3,0,0,-3,-3,6,3,2,0.8,3,0.3,1,1.8,3,-0.2
S02000678,S02001013,0,0,3,4,3,0,4,7,7,2,-1.5,3,-1.7,1,1.5,4,1.5
S02000678,S02001156,0,0,0,3,0,0,3,3,3,1,-1,1,-1.1,1,-0.7,2,1
S02000678,S02001157,0,0,0,3,0,0,3,3,3,1,-1,1,-1.1,1,-0.7,2,1
S02000679,S02000260,3,0,0,4,-3,-3,1,7,4,2,0.6,3,0,1,-1.1,4,0
S02000679,S02000263,0,0,9,0,9,0,0,9,9,3,-1.7,4,-2,2,5.7,5,1.7
S02000679,S02000264,0,0,0,6,0,0,6,6,6,2,-1.4,3,-1.6,1,-1.1,3,1.4
S02000679,S02000271,0,0,0,3,0,0,3,3,3,1,-1,1,-1.1,1,-0.7,2,1
S02000679,S02000275,3,0,0,0,-3,-3,-3,3,0,1,2.1,1,1.5,1,-0.7,2,-1.3
S02000679,S02000281,5,0,0,0,-5,-5,-5,5,0,2,2.8,2,2,1,-1,3,-1.7
S02000679,S02000586,0,0,0,4,0,0,4,4,4,1,-1.1,2,-1.3,1,-0.9,2,1.1
S02000679,S02000596,0,0,0,6,0,0,6,6,6,2,-1.4,3,-1.6,1,-1.1,3,1.4
S02000679,S02000599,5,0,0,0,-5,-5,-5,5,0,2,2.8,2,2,1,-1,3,-1.7
S02000679,S02000603,0,0,0,4,0,0,4,4,4,1,-1.1,2,-1.3,1,-0.9,2,1.1
S02000679,S02000607,5,0,0,0,-5,-5,-5,5,0,2,2.8,2,2,1,-1,3,-1.7
S02000679,S02000608,5,0,0,0,-5,-5,-5,5,0,2,2.8,2,2,1,-1,3,-1.7
S02000679,S02000609,0,0,0,3,0,0,3,3,3,1,-1,1,-1.1,1,-0.7,2,1
S02000679,S02000611,3,0,0,0,-3,-3,-3,3,0,1,2.1,1,1.5,1,-0.7,2,-1.3
S02000679,S02000615,0,0,0,3,0,0,3,3,3,1,-1,1,-1.1,1,-0.7,2,1
S02000679,S02000622,0,0,0,3,0,0,3,3,3,1,-1,1,-1.1,1,-0.7,2,1
S02000679,S02000625,0,0,0,5,0,0,5,5,5,2,-1.2,2,-1.5,1,-1,3,1.3
S02000679,S02000627,3,0,3,0,0,-3,-3,6,3,2,0.8,3,0.3,1,1.8,3,-0.2
S02000679,S02000628,13,0,0,0,-13,-13,-13,13,0,4,4.4,6,3.2,2,-1.6,7,-2.7
S02000679,S02000631,0,0,3,0,3,0,0,3,3,1,-1,1,-1.1,1,3.3,2,1
S02000679,S02000633,11,0,0,3,-11,-11,-8,14,3,4,3.2,6,2.1,3,-1.6,8,-1.8
S02000679,S02000634,9,0,7,6,-2,-9,-3,22,13,7,0.8,9,-0.1,4,1.5,13,0.1
S02000679,S02000635,0,0,4,6,4,0,6,10,10,3,-1.8,4,-2.1,2,1.6,6,1.8
S02000679,S02000642,3,0,0,0,-3,-3,-3,3,0,1,2.1,1,1.5,1,-0.7,2,-1.3
S02000679,S02000644,0,0,19,0,19,0,0,19,19,6,-2.4,8,-2.8,4,8.3,11,2.4
S02000679,S02000647,0,0,0,6,0,0,6,6,6,2,-1.4,3,-1.6,1,-1.1,3,1.4
S02000679,S02000651,4,0,20,5,16,-4,1,29,25,9,-1.7,12,-2.4,5,6.3,17,2
S02000679,S02000655,60,18,173,66,113,-42,6,317,257,99,-3.9,135,-4.9,59,14.9,182,4.2
S02000679,S02000656,0,4,0,0,0,4,0,4,4,1,-1.1,2,1.8,1,-0.9,2,-1.5
S02000679,S02000658,53,3,32,71,-21,-50,18,159,106,50,0.5,68,-1.4,29,0.5,91,1.2
S02000679,S02000659,6,0,4,3,-2,-6,-3,13,7,4,1,6,0.2,2,1,7,-0.2
S02000679,S02000660,31,3,7,6,-24,-28,-25,47,16,15,4.3,20,3.1,9,-0.6,27,-2.7
S02000679,S02000661,18,5,30,22,12,-13,4,75,57,23,-1.1,32,-1.6,14,4.3,43,1.4
S02000679,S02000664,28,3,3,11,-25,-25,-17,45,17,14,3.7,19,2.7,8,-1.8,26,-2.3
S02000679,S02000665,5,0,13,6,8,-5,1,24,19,7,-0.9,10,-1.6,4,4.1,14,1.4
S02000679,S02000666,0,0,0,4,0,0,4,4,4,1,-1.1,2,-1.3,1,-0.9,2,1.1
S02000679,S02000668,0,0,0,8,0,0,8,8,8,2,-1.6,3,-1.8,1,-1.2,5,1.6
S02000679,S02000669,0,0,5,7,5,0,7,12,12,4,-1.9,5,-2.3,2,1.9,7,1.9
S02000679,S02000670,0,4,0,0,0,4,0,4,4,1,-1.1,2,1.8,1,-0.9,2,-1.5
S02000679,S02000671,3,0,4,13,1,-3,10,20,17,6,-1.3,9,-1.9,4,0.2,11,1.6
S02000679,S02000672,3,7,5,98,2,4,95,113,110,35,-5.4,48,-5.5,21,-3.5,65,4.7
S02000679,S02000673,0,0,0,6,0,0,6,6,6,2,-1.4,3,-1.6,1,-1.1,3,1.4
S02000679,S02000675,0,0,0,3,0,0,3,3,3,1,-1,1,-1.1,1,-0.7,2,1
S02000679,S02000676,5,0,6,4,1,-5,-1,15,10,5,0.2,6,-0.5,3,1.9,9,0.5
S02000679,S02000677,5,0,3,12,-2,-5,7,20,15,6,-0.5,9,-1.2,4,-0.4,11,1
S02000679,S02000679,0,0,0,15,0,0,15,15,15,5,-2.2,6,-2.5,3,-1.7,9,2.2
S02000679,S02000681,0,0,0,6,0,0,6,6,6,2,-1.4,3,-1.6,1,-1.1,3,1.4
S02000679,S02000682,0,0,0,3,0,0,3,3,3,1,-1,1,-1.1,1,-0.7,2,1
S02000679,S02000683,0,0,0,3,0,0,3,3,3,1,-1,1,-1.1,1,-0.7,2,1
S02000679,S02000684,8,11,3,0,-5,3,-8,22,14,7,0.4,9,3.2,4,-0.5,13,-2.7
S02000679,S02000686,0,0,0,6,0,0,6,6,6,2,-1.4,3,-1.6,1,-1.1,3,1.4
S02000679,S02000689,34,0,3,35,-31,-34,1,72,38,22,2.4,31,0.6,13,-2.8,41,-0.5
S02000679,S02000690,5,0,0,5,-5,-5,0,10,5,3,1.1,4,0.4,2,-1.4,6,-0.3
S02000679,S02000691,15,0,0,0,-15,-15,-15,15,0,5,4.8,6,3.4,3,-1.7,9,-2.9
S02000679,S02000692,0,0,0,6,0,0,6,6,6,2,-1.4,3,-1.6,1,-1.1,3,1.4
S02000679,S02000693,4,0,0,0,-4,-4,-4,4,0,1,2.5,2,1.8,1,-0.9,2,-1.5
S02000679,S02000701,3,3,0,0,-3,0,-3,6,3,2,0.8,3,2.2,1,-1.1,3,-1.9
S02000679,S02000702,8,0,0,8,-8,-8,0,16,8,5,1.4,7,0.5,3,-1.7,9,-0.4
S02000679,S02000705,0,0,0,6,0,0,6,6,6,2,-1.4,3,-1.6,1,-1.1,3,1.4
S02000679,S02000710,0,4,3,0,3,4,0,7,7,2,-1.5,3,0.6,1,1.5,4,-0.5
S02000679,S02000712,4,0,3,0,-1,-4,-4,7,3,2,1.2,3,0.6,1,1.5,4,-0.5
S02000679,S02000716,4,0,0,0,-4,-4,-4,4,0,1,2.5,2,1.8,1,-0.9,2,-1.5
S02000679,S02000775,0,0,0,4,0,0,4,4,4,1,-1.1,2,-1.3,1,-0.9,2,1.1
S02000679,S02000984,3,0,0,0,-3,-3,-3,3,0,1,2.1,1,1.5,1,-0.7,2,-1.3
S02000679,S02000993,13,0,0,0,-13,-13,-13,13,0,4,4.4,6,3.2,2,-1.6,7,-2.7
S02000679,S02000994,3,0,0,0,-3,-3,-3,3,0,1,2.1,1,1.5,1,-0.7,2,-1.3
S02000679,S02001000,7,0,4,10,-3,-7,3,21,14,7,0.2,9,-0.6,4,0.1,12,0.6
S02000679,S02001010,5,0,4,8,-1,-5,3,17,12,5,-0.1,7,-0.8,3,0.5,10,0.7
S02000679,S02001013,0,6,0,4,0,6,4,10,10,3,-1.8,4,0.8,2,-1.4,6,-0.7
S02000679,S02001015,4,3,0,0,-4,-1,-4,7,3,2,1.2,3,2.3,1,-1.1,4,-2
S02000679,S02001016,0,0,0,3,0,0,3,3,3,1,-1,1,-1.1,1,-0.7,2,1
S02000679,S02001018,3,0,0,0,-3,-3,-3,3,0,1,2.1,1,1.5,1,-0.7,2,-1.3
S02000679,S02001184,4,0,0,0,-4,-4,-4,4,0,1,2.5,2,1.8,1,-0.9,2,-1.5
S02000679,S02001185,11,3,8,6,-3,-8,-5,28,17,9,0.8,12,0.6,5,1.2,16,-0.5
S02000679,S02001191,0,0,0,4,0,0,4,4,4,1,-1.1,2,-1.3,1,-0.9,2,1.1
S02000680,S02000260,3,4,0,3,-3,1,0,10,7,3,-0.1,4,1.3,2,-1.4,6,-1.1
S02000680,S02000264,5,0,0,12,-5,-5,7,17,12,5,-0.1,7,-0.8,3,-1.8,10,0.7
S02000680,S02000270,0,0,4,4,4,0,4,8,8,2,-1.6,3,-1.8,1,2.1,5,1.6
S02000680,S02000275,3,0,0,0,-3,-3,-3,3,0,1,2.1,1,1.5,1,-0.7,2,-1.3
S02000680,S02000281,5,0,0,3,-5,-5,-2,8,3,2,1.6,3,0.9,1,-1.2,5,-0.7
S02000680,S02000313,0,0,0,4,0,0,4,4,4,1,-1.1,2,-1.3,1,-0.9,2,1.1
S02000680,S02000599,3,0,0,0,-3,-3,-3,3,0,1,2.1,1,1.5,1,-0.7,2,-1.3
S02000680,S02000602,0,3,0,0,0,3,0,3,3,1,-1,1,1.5,1,-0.7,2,-1.3
S02000680,S02000603,0,0,0,3,0,0,3,3,3,1,-1,1,-1.1,1,-0.7,2,1
S02000680,S02000610,3,0,0,0,-3,-3,-3,3,0,1,2.1,1,1.5,1,-0.7,2,-1.3
S02000680,S02000611,0,0,0,6,0,0,6,6,6,2,-1.4,3,-1.6,1,-1.1,3,1.4
S02000680,S02000618,0,0,0,3,0,0,3,3,3,1,-1,1,-1.1,1,-0.7,2,1
S02000680,S02000628,0,4,0,3,0,4,3,7,7,2,-1.5,3,0.6,1,-1.1,4,-0.5
S02000680,S02000633,9,0,0,7,-9,-9,-2,16,7,5,1.8,7,0.8,3,-1.7,9,-0.7
S02000680,S02000634,12,4,4,0,-8,-8,-12,20,8,6,2.3,9,2.6,4,0.2,11,-2.2
S02000680,S02000646,0,0,0,6,0,0,6,6,6,2,-1.4,3,-1.6,1,-1.1,3,1.4
S02000680,S02000647,0,0,0,4,0,0,4,4,4,1,-1.1,2,-1.3,1,-0.9,2,1.1
S02000680,S02000648,0,3,0,0,0,3,0,3,3,1,-1,1,1.5,1,-0.7,2,-1.3
S02000680,S02000651,0,0,4,4,4,0,4,8,8,2,-1.6,3,-1.8,1,2.1,5,1.6
S02000680,S02000654,5,0,0,0,-5,-5,-5,5,0,2,2.8,2,2,1,-1,3,-1.7
S02000680,S02000655,24,3,84,68,60,-21,44,179,155,56,-4.3,76,-5.6,33,8.8,103,4.8
S02000680,S02000656,0,0,4,7,4,0,7,11,11,3,-1.9,5,-2.2,2,1.4,6,1.9
S02000680,S02000658,54,5,25,49,-29,-49,-5,133,79,41,2,57,0.3,25,0.1,76,-0.3
S02000680,S02000659,0,0,5,3,5,0,3,8,8,2,-1.6,3,-1.8,1,2.9,5,1.6
S02000680,S02000660,8,0,0,0,-8,-8,-8,8,0,2,3.5,3,2.5,1,-1.2,5,-2.1
S02000680,S02000661,13,0,3,5,-10,-13,-8,21,8,7,2.5,9,1.4,4,-0.4,12,-1.2
S02000680,S02000663,3,5,0,4,-3,2,1,12,9,4,-0.4,5,1.3,2,-1.5,7,-1.1
S02000680,S02000665,5,0,0,0,-5,-5,-5,5,0,2,2.8,2,2,1,-1,3,-1.7
S02000680,S02000666,9,0,0,5,-9,-9,-4,14,5,4,2.2,6,1.2,3,-1.6,8,-1.1
S02000680,S02000669,6,4,3,3,-3,-2,-3,16,10,5,0.5,7,1.2,3,0,9,-1.1
S02000680,S02000670,20,17,6,12,-14,-3,-8,55,35,17,0.7,23,2.8,10,-1.3,32,-2.4
S02000680,S02000672,0,0,0,14,0,0,14,14,14,4,-2.1,6,-2.4,3,-1.6,8,2.1
S02000680,S02000675,4,0,3,0,-1,-4,-4,7,3,2,1.2,3,0.6,1,1.5,4,-0.5
S02000680,S02000676,19,0,4,24,-15,-19,5,47,28,15,1.1,20,-0.2,9,-1.6,27,0.2
S02000680,S02000680,8,3,5,15,-3,-5,7,31,23,10,-0.5,13,-0.6,6,-0.3,18,0.5
S02000680,S02000685,4,0,0,5,-4,-4,1,9,5,3,0.7,4,0.1,2,-1.3,5,-0.1
S02000680,S02000687,0,0,0,6,0,0,6,6,6,2,-1.4,3,-1.6,1,-1.1,3,1.4
S02000680,S02000688,0,0,0,4,0,0,4,4,4,1,-1.1,2,-1.3,1,-0.9,2,1.1
S02000680,S02000689,3,0,0,4,-3,-3,1,7,4,2,0.6,3,0,1,-1.1,4,0
S02000680,S02000691,42,3,10,24,-32,-39,-18,79,37,25,3.5,34,2,15,-1.2,45,-1.7
S02000680,S02000692,7,0,0,0,-7,-7,-7,7,0,2,3.3,3,2.3,1,-1.1,4,-2
S02000680,S02000694,3,0,0,0,-3,-3,-3,3,0,1,2.1,1,1.5,1,-0.7,2,-1.3
S02000680,S02000695,0,0,0,6,0,0,6,6,6,2,-1.4,3,-1.6,1,-1.1,3,1.4
S02000680,S02000697,0,0,0,4,0,0,4,4,4,1,-1.1,2,-1.3,1,-0.9,2,1.1
S02000680,S02000705,0,0,0,4,0,0,4,4,4,1,-1.1,2,-1.3,1,-0.9,2,1.1
S02000680,S02000708,3,0,0,0,-3,-3,-3,3,0,1,2.1,1,1.5,1,-0.7,2,-1.3
S02000680,S02001000,4,0,0,0,-4,-4,-4,4,0,1,2.5,2,1.8,1,-0.9,2,-1.5
S02000680,S02001013,3,0,0,0,-3,-3,-3,3,0,1,2.1,1,1.5,1,-0.7,2,-1.3
S02000680,S02001015,0,3,0,0,0,3,0,3,3,1,-1,1,1.5,1,-0.7,2,-1.3
S02000680,S02001157,0,3,0,0,0,3,0,3,3,1,-1,1,1.5,1,-0.7,2,-1.3
S02000680,S02001161,4,0,0,0,-4,-4,-4,4,0,1,2.5,2,1.8,1,-0.9,2,-1.5
S02000680,S02001185,5,0,3,0,-2,-5,-5,8,3,2,1.6,3,0.9,1,1.2,5,-0.7
S02000680,S02001197,0,3,0,0,0,3,0,3,3,1,-1,1,1.5,1,-0.7,2,-1.3
S02000681,S02000263,0,0,7,0,7,0,0,7,7,2,-1.5,3,-1.7,1,5,4,1.5
S02000681,S02000264,0,0,0,3,0,0,3,3,3,1,-1,1,-1.1,1,-0.7,2,1
S02000681,S02000279,0,0,0,4,0,0,4,4,4,1,-1.1,2,-1.3,1,-0.9,2,1.1
S02000681,S02000281,3,0,0,0,-3,-3,-3,3,0,1,2.1,1,1.5,1,-0.7,2,-1.3
S02000681,S02000284,3,0,0,0,-3,-3,-3,3,0,1,2.1,1,1.5,1,-0.7,2,-1.3
S02000681,S02000596,0,0,0,3,0,0,3,3,3,1,-1,1,-1.1,1,-0.7,2,1
S02000681,S02000597,0,0,0,4,0,0,4,4,4,1,-1.1,2,-1.3,1,-0.9,2,1.1
S02000681,S02000599,4,0,0,0,-4,-4,-4,4,0,1,2.5,2,1.8,1,-0.9,2,-1.5
S02000681,S02000602,0,0,0,5,0,0,5,5,5,2,-1.2,2,-1.5,1,-1,3,1.3
S02000681,S02000607,11,0,0,0,-11,-11,-11,11,0,3,4.1,5,2.9,2,-1.4,6,-2.5
S02000681,S02000609,0,0,0,4,0,0,4,4,4,1,-1.1,2,-1.3,1,-0.9,2,1.1
S02000681,S02000615,0,0,0,3,0,0,3,3,3,1,-1,1,-1.1,1,-0.7,2,1
S02000681,S02000616,0,0,0,5,0,0,5,5,5,2,-1.2,2,-1.5,1,-1,3,1.3
S02000681,S02000622,0,0,0,3,0,0,3,3,3,1,-1,1,-1.1,1,-0.7,2,1
S02000681,S02000628,4,3,0,4,-4,-1,0,11,7,3,0.3,5,1.1,2,-1.4,6,-0.9
S02000681,S02000631,0,0,4,3,4,0,3,7,7,2,-1.5,3,-1.7,1,2.4,4,1.5
S02000681,S02000633,4,0,0,4,-4,-4,0,8,4,2,1,3,0.3,1,-1.2,5,-0.3
S02000681,S02000634,5,0,0,7,-5,-5,2,12,7,4,0.7,5,0,2,-1.5,7,0
S02000681,S02000635,3,0,0,6,-3,-3,3,9,6,3,0.1,4,-0.4,2,-1.3,5,0.4
S02000681,S02000638,0,0,4,0,4,0,0,4,4,1,-1.1,2,-1.3,1,3.8,2,1.1
S02000681,S02000644,4,3,32,7,28,-1,3,46,42,14,-2.7,20,-2.8,9,8.1,26,2.4
S02000681,S02000651,3,3,7,5,4,0,2,18,15,6,-1.1,8,-0.6,3,2,10,0.5
S02000681,S02000655,58,17,205,91,147,-41,33,371,313,116,-5.4,158,-6.6,69,16.5,213,5.7
S02000681,S02000656,4,5,7,0,3,1,-4,16,12,5,-0.4,7,0.8,3,2.3,9,-0.7
S02000681,S02000658,65,8,44,81,-21,-57,16,198,133,62,0.4,84,-1.2,37,1.2,114,1.1
S02000681,S02000659,0,0,0,5,0,0,5,5,5,2,-1.2,2,-1.5,1,-1,3,1.3
S02000681,S02000660,29,0,0,5,-29,-29,-24,34,5,11,5.7,14,3.8,6,-2.5,20,-3.3
S02000681,S02000661,25,0,9,17,-16,-25,-8,51,26,16,2.3,22,0.7,9,-0.1,29,-0.6
S02000681,S02000664,23,0,7,7,-16,-23,-16,37,14,12,3.4,16,1.8,7,0.1,21,-1.6
S02000681,S02000665,4,0,16,10,12,-4,6,30,26,9,-1.7,13,-2.5,6,4.4,17,2.1
S02000681,S02000669,0,0,0,4,0,0,4,4,4,1,-1.1,2,-1.3,1,-0.9,2,1.1
S02000681,S02000671,0,0,0,3,0,0,3,3,3,1,-1,1,-1.1,1,-0.7,2,1
S02000681,S02000672,14,7,14,181,0,-7,167,216,202,67,-6.5,92,-7.4,40,-4.1,124,6.4
S02000681,S02000675,0,0,0,9,0,0,9,9,9,3,-1.7,4,-2,2,-1.3,5,1.7
S02000681,S02000676,3,5,0,4,-3,2,1,12,9,4,-0.4,5,1.3,2,-1.5,7,-1.1
S02000681,S02000677,0,0,0,5,0,0,5,5,5,2,-1.2,2,-1.5,1,-1,3,1.3
S02000681,S02000679,0,0,0,3,0,0,3,3,3,1,-1,1,-1.1,1,-0.7,2,1
S02000681,S02000681,4,4,5,17,1,0,13,30,26,9,-1.7,13,-1.3,6,-0.2,17,1.1
S02000681,S02000683,0,0,0,5,0,0,5,5,5,2,-1.2,2,-1.5,1,-1,3,1.3
S02000681,S02000684,0,3,0,0,0,3,0,3,3,1,-1,1,1.5,1,-0.7,2,-1.3
S02000681,S02000686,0,0,0,4,0,0,4,4,4,1,-1.1,2,-1.3,1,-0.9,2,1.1
S02000681,S02000688,6,0,0,4,-6,-6,-2,10,4,3,1.6,4,0.8,2,-1.4,6,-0.7
S02000681,S02000689,33,3,0,25,-33,-30,-8,61,28,19,3.2,26,2,11,-3.4,35,-1.7
S02000681,S02000690,0,0,0,6,0,0,6,6,6,2,-1.4,3,-1.6,1,-1.1,3,1.4
S02000681,S02000691,7,0,0,0,-7,-7,-7,7,0,2,3.3,3,2.3,1,-1.1,4,-2
S02000681,S02000692,0,0,0,3,0,0,3,3,3,1,-1,1,-1.1,1,-0.7,2,1
S02000681,S02000702,6,0,3,7,-3,-6,1,16,10,5,0.5,7,-0.3,3,0,9,0.3
S02000681,S02000705,3,0,0,0,-3,-3,-3,3,0,1,2.1,1,1.5,1,-0.7,2,-1.3
S02000681,S02000715,0,0,0,3,0,0,3,3,3,1,-1,1,-1.1,1,-0.7,2,1
S02000681,S02000716,4,0,0,0,-4,-4,-4,4,0,1,2.5,2,1.8,1,-0.9,2,-1.5
S02000681,S02000782,0,3,0,0,0,3,0,3,3,1,-1,1,1.5,1,-0.7,2,-1.3
S02000681,S02000783,4,0,0,0,-4,-4,-4,4,0,1,2.5,2,1.8,1,-0.9,2,-1.5
S02000681,S02000993,11,0,0,0,-11,-11,-11,11,0,3,4.1,5,2.9,2,-1.4,6,-2.5
S02000681,S02000997,0,3,0,0,0,3,0,3,3,1,-1,1,1.5,1,-0.7,2,-1.3
S02000681,S02001000,4,0,0,5,-4,-4,1,9,5,3,0.7,4,0.1,2,-1.3,5,-0.1
S02000681,S02001010,6,0,0,3,-6,-6,-3,9,3,3,1.9,4,1.1,2,-1.3,5,-1
S02000681,S02001013,5,0,0,6,-5,-5,1,11,6,3,0.9,5,0.1,2,-1.4,6,-0.1
S02000681,S02001015,0,3,4,0,4,3,0,7,7,2,-1.5,3,0,1,2.4,4,0
S02000681,S02001185,9,0,3,4,-6,-9,-5,16,7,5,1.8,7,0.8,3,0,9,-0.7
S02000681,S02001187,3,0,0,0,-3,-3,-3,3,0,1,2.1,1,1.5,1,-0.7,2,-1.3
S02000681,S02001192,3,0,0,0,-3,-3,-3,3,0,1,2.1,1,1.5,1,-0.7,2,-1.3
S02000682,S02000279,0,0,0,3,0,0,3,3,3,1,-1,1,-1.1,1,-0.7,2,1
S02000682,S02000591,0,0,0,3,0,0,3,3,3,1,-1,1,-1.1,1,-0.7,2,1
S02000682,S02000607,6,0,0,0,-6,-6,-6,6,0,2,3,3,2.2,1,-1.1,3,-1.9
S02000682,S02000625,0,0,3,4,3,0,4,7,7,2,-1.5,3,-1.7,1,1.5,4,1.5
S02000682,S02000627,0,0,0,6,0,0,6,6,6,2,-1.4,3,-1.6,1,-1.1,3,1.4
S02000682,S02000628,4,0,0,0,-4,-4,-4,4,0,1,2.5,2,1.8,1,-0.9,2,-1.5
S02000682,S02000631,0,0,0,3,0,0,3,3,3,1,-1,1,-1.1,1,-0.7,2,1
S02000682,S02000633,4,0,0,0,-4,-4,-4,4,0,1,2.5,2,1.8,1,-0.9,2,-1.5
S02000682,S02000634,4,0,0,5,-4,-4,1,9,5,3,0.7,4,0.1,2,-1.3,5,-0.1
S02000682,S02000635,0,0,0,3,0,0,3,3,3,1,-1,1,-1.1,1,-0.7,2,1
S02000682,S02000638,3,0,0,0,-3,-3,-3,3,0,1,2.1,1,1.5,1,-0.7,2,-1.3
S02000682,S02000644,0,0,12,0,12,0,0,12,12,4,-1.9,5,-2.3,2,6.6,7,1.9
S02000682,S02000649,0,0,3,0,3,0,0,3,3,1,-1,1,-1.1,1,3.3,2,1
S02000682,S02000651,3,0,5,0,2,-3,-3,8,5,2,0.3,3,-0.2,1,2.9,5,0.2
S02000682,S02000655,23,3,66,31,43,-20,8,123,100,38,-2.5,52,-3.6,23,9.1,71,3.1
S02000682,S02000656,3,7,0,0,-3,4,-3,10,7,3,-0.1,4,2.8,2,-1.4,6,-2.4
S02000682,S02000658,27,6,21,48,-6,-21,21,102,75,32,-0.8,43,-1.6,19,0.5,59,1.4
S02000682,S02000659,0,0,0,3,0,0,3,3,3,1,-1,1,-1.1,1,-0.7,2,1
S02000682,S02000660,16,6,0,4,-16,-10,-12,26,10,8,2.8,11,3.3,5,-2.2,15,-2.8
S02000682,S02000661,20,0,9,8,-11,-20,-12,37,17,12,2.5,16,1.1,7,0.8,21,-0.9
S02000682,S02000662,3,0,0,0,-3,-3,-3,3,0,1,2.1,1,1.5,1,-0.7,2,-1.3
S02000682,S02000663,0,0,0,3,0,0,3,3,3,1,-1,1,-1.1,1,-0.7,2,1
S02000682,S02000664,16,0,3,7,-13,-16,-9,26,10,8,2.8,11,1.5,5,-0.8,15,-1.3
S02000682,S02000665,5,0,7,3,2,-5,-2,15,10,5,0.2,6,-0.5,3,2.5,9,0.5
S02000682,S02000666,0,0,0,4,0,0,4,4,4,1,-1.1,2,-1.3,1,-0.9,2,1.1
S02000682,S02000668,3,0,0,4,-3,-3,1,7,4,2,0.6,3,0,1,-1.1,4,0
S02000682,S02000669,0,0,3,3,3,0,3,6,6,2,-1.4,3,-1.6,1,1.8,3,1.4
S02000682,S02000671,0,0,0,8,0,0,8,8,8,2,-1.6,3,-1.8,1,-1.2,5,1.6
S02000682,S02000672,3,0,4,50,1,-3,47,57,54,18,-3.5,24,-4.3,11,-2,33,3.7
S02000682,S02000673,0,3,0,7,0,3,7,10,10,3,-1.8,4,-0.6,2,-1.4,6,0.5
S02000682,S02000674,0,0,0,3,0,0,3,3,3,1,-1,1,-1.1,1,-0.7,2,1
S02000682,S02000675,0,0,4,3,4,0,3,7,7,2,-1.5,3,-1.7,1,2.4,4,1.5
S02000682,S02000676,4,0,0,0,-4,-4,-4,4,0,1,2.5,2,1.8,1,-0.9,2,-1.5
S02000682,S02000677,3,0,0,0,-3,-3,-3,3,0,1,2.1,1,1.5,1,-0.7,2,-1.3
S02000682,S02000679,0,0,0,10,0,0,10,10,10,3,-1.8,4,-2.1,2,-1.4,6,1.8
S02000682,S02000684,0,4,0,0,0,4,0,4,4,1,-1.1,2,1.8,1,-0.9,2,-1.5
S02000682,S02000686,0,0,0,5,0,0,5,5,5,2,-1.2,2,-1.5,1,-1,3,1.3
S02000682,S02000688,0,0,0,4,0,0,4,4,4,1,-1.1,2,-1.3,1,-0.9,2,1.1
S02000682,S02000689,22,0,0,25,-22,-22,3,47,25,15,1.9,20,0.4,9,-2.9,27,-0.4
S02000682,S02000696,3,0,0,0,-3,-3,-3,3,0,1,2.1,1,1.5,1,-0.7,2,-1.3
S02000682,S02000699,5,0,0,0,-5,-5,-5,5,0,2,2.8,2,2,1,-1,3,-1.7
S02000682,S02000702,0,0,0,5,0,0,5,5,5,2,-1.2,2,-1.5,1,-1,3,1.3
S02000682,S02000705,4,0,0,3,-4,-4,-1,7,3,2,1.2,3,0.6,1,-1.1,4,-0.5
S02000682,S02000715,0,0,0,4,0,0,4,4,4,1,-1.1,2,-1.3,1,-0.9,2,1.1
S02000682,S02000716,4,0,0,0,-4,-4,-4,4,0,1,2.5,2,1.8,1,-0.9,2,-1.5
S02000682,S02000993,6,0,0,0,-6,-6,-6,6,0,2,3,3,2.2,1,-1.1,3,-1.9
S02000682,S02001000,5,0,0,5,-5,-5,0,10,5,3,1.1,4,0.4,2,-1.4,6,-0.3
S02000682,S02001010,6,0,0,4,-6,-6,-2,10,4,3,1.6,4,0.8,2,-1.4,6,-0.7
S02000682,S02001015,0,0,0,3,0,0,3,3,3,1,-1,1,-1.1,1,-0.7,2,1
S02000682,S02001185,11,0,0,6,-11,-11,-5,17,6,5,2.5,7,1.4,3,-1.8,10,-1.2
S02000682,S02001186,0,0,0,3,0,0,3,3,3,1,-1,1,-1.1,1,-0.7,2,1
S02000682,S02001187,0,0,0,3,0,0,3,3,3,1,-1,1,-1.1,1,-0.7,2,1
S02000682,S02001189,3,0,0,0,-3,-3,-3,3,0,1,2.1,1,1.5,1,-0.7,2,-1.3
S02000682,S02001192,3,0,0,0,-3,-3,-3,3,0,1,2.1,1,1.5,1,-0.7,2,-1.3
S02000683,S02000263,0,0,3,0,3,0,0,3,3,1,-1,1,-1.1,1,3.3,2,1
S02000683,S02000270,0,0,4,0,4,0,0,4,4,1,-1.1,2,-1.3,1,3.8,2,1.1
S02000683,S02000279,0,0,0,5,0,0,5,5,5,2,-1.2,2,-1.5,1,-1,3,1.3
S02000683,S02000597,0,0,0,4,0,0,4,4,4,1,-1.1,2,-1.3,1,-0.9,2,1.1
S02000683,S02000603,0,0,0,6,0,0,6,6,6,2,-1.4,3,-1.6,1,-1.1,3,1.4
S02000683,S02000607,7,0,0,0,-7,-7,-7,7,0,2,3.3,3,2.3,1,-1.1,4,-2
S02000683,S02000622,0,0,0,4,0,0,4,4,4,1,-1.1,2,-1.3,1,-0.9,2,1.1
S02000683,S02000628,7,0,0,5,-7,-7,-2,12,5,4,1.7,5,0.8,2,-1.5,7,-0.7
S02000683,S02000633,6,0,0,5,-6,-6,-1,11,5,3,1.4,5,0.6,2,-1.4,6,-0.5
S02000683,S02000634,0,0,3,8,3,0,8,11,11,3,-1.9,5,-2.2,2,0.7,6,1.9
S02000683,S02000635,0,0,5,3,5,0,3,8,8,2,-1.6,3,-1.8,1,2.9,5,1.6
S02000683,S02000642,6,0,0,0,-6,-6,-6,6,0,2,3,3,2.2,1,-1.1,3,-1.9
S02000683,S02000644,9,0,29,6,20,-9,-3,44,35,14,-1.3,19,-2.2,8,7.3,25,1.9
S02000683,S02000651,3,0,11,6,8,-3,3,20,17,6,-1.3,9,-1.9,4,3.8,11,1.6
S02000683,S02000655,42,14,159,102,117,-28,60,317,275,99,-5.7,135,-6.8,59,13.1,182,5.8
S02000683,S02000656,0,0,4,0,4,0,0,4,4,1,-1.1,2,-1.3,1,3.8,2,1.1
S02000683,S02000658,41,6,30,98,-11,-35,57,175,134,55,-1.8,74,-3.2,32,-0.4,101,2.7
S02000683,S02000659,3,0,3,4,0,-3,1,10,7,3,-0.1,4,-0.6,2,0.8,6,0.5
S02000683,S02000660,11,0,4,0,-7,-11,-11,15,4,5,2.9,6,1.8,3,0.7,9,-1.6
S02000683,S02000661,21,0,23,21,2,-21,0,65,44,20,0.2,28,-1.3,12,3.2,37,1.1
S02000683,S02000663,0,0,3,3,3,0,3,6,6,2,-1.4,3,-1.6,1,1.8,3,1.4
S02000683,S02000664,27,0,7,12,-20,-27,-15,46,19,14,3.3,20,1.7,9,-0.5,26,-1.4
S02000683,S02000665,6,0,27,13,21,-6,7,46,40,14,-2.2,20,-3.1,9,6.3,26,2.6
S02000683,S02000668,4,0,0,0,-4,-4,-4,4,0,1,2.5,2,1.8,1,-0.9,2,-1.5
S02000683,S02000669,0,0,5,11,5,0,11,16,16,5,-2.2,7,-2.6,3,1.2,9,2.2
S02000683,S02000670,5,0,0,0,-5,-5,-5,5,0,2,2.8,2,2,1,-1,3,-1.7
S02000683,S02000671,0,0,0,4,0,0,4,4,4,1,-1.1,2,-1.3,1,-0.9,2,1.1
S02000683,S02000672,12,12,18,173,6,0,161,215,203,67,-6.7,91,-7.1,40,-3.5,124,6.1
S02000683,S02000673,4,0,0,0,-4,-4,-4,4,0,1,2.5,2,1.8,1,-0.9,2,-1.5
S02000683,S02000674,0,0,0,3,0,0,3,3,3,1,-1,1,-1.1,1,-0.7,2,1
S02000683,S02000675,0,0,0,4,0,0,4,4,4,1,-1.1,2,-1.3,1,-0.9,2,1.1
S02000683,S02000676,6,3,4,9,-2,-3,3,22,16,7,-0.3,9,-0.1,4,0,13,0.1
S02000683,S02000677,0,0,0,3,0,0,3,3,3,1,-1,1,-1.1,1,-0.7,2,1
S02000683,S02000680,7,0,0,0,-7,-7,-7,7,0,2,3.3,3,2.3,1,-1.1,4,-2
S02000683,S02000681,0,0,0,9,0,0,9,9,9,3,-1.7,4,-2,2,-1.3,5,1.7
S02000683,S02000683,0,0,0,12,0,0,12,12,12,4,-1.9,5,-2.3,2,-1.5,7,1.9
S02000683,S02000684,0,3,0,0,0,3,0,3,3,1,-1,1,1.5,1,-0.7,2,-1.3
S02000683,S02000685,0,0,0,3,0,0,3,3,3,1,-1,1,-1.1,1,-0.7,2,1
S02000683,S02000688,4,3,4,9,0,-1,5,20,16,6,-0.9,9,-0.5,4,0.2,11,0.4
S02000683,S02000689,24,0,0,18,-24,-24,-6,42,18,13,3,18,1.5,8,-2.8,24,-1.2
S02000683,S02000691,9,0,0,0,-9,-9,-9,9,0,3,3.7,4,2.6,2,-1.3,5,-2.3
S02000683,S02000693,3,0,0,0,-3,-3,-3,3,0,1,2.1,1,1.5,1,-0.7,2,-1.3
S02000683,S02000702,3,0,4,8,1,-3,5,15,12,5,-0.8,6,-1.3,3,0.7,9,1.2
S02000683,S02000705,0,0,0,3,0,0,3,3,3,1,-1,1,-1.1,1,-0.7,2,1
S02000683,S02000710,0,5,7,0,7,5,0,12,12,4,-1.9,5,0,2,3.2,7,0
S02000683,S02000716,5,0,0,0,-5,-5,-5,5,0,2,2.8,2,2,1,-1,3,-1.7
S02000683,S02000781,4,0,0,0,-4,-4,-4,4,0,1,2.5,2,1.8,1,-0.9,2,-1.5
S02000683,S02000993,5,0,0,0,-5,-5,-5,5,0,2,2.8,2,2,1,-1,3,-1.7
S02000683,S02001000,0,0,0,5,0,0,5,5,5,2,-1.2,2,-1.5,1,-1,3,1.3
S02000683,S02001010,4,0,4,0,0,-4,-4,8,4,2,1,3,0.3,1,2.1,5,-0.3
S02000683,S02001013,0,0,0,8,0,0,8,8,8,2,-1.6,3,-1.8,1,-1.2,5,1.6
S02000683,S02001014,0,4,0,0,0,4,0,4,4,1,-1.1,2,1.8,1,-0.9,2,-1.5
S02000683,S02001015,0,3,0,3,0,3,3,6,6,2,-1.4,3,0.3,1,-1.1,3,-0.2
S02000683,S02001016,0,0,0,3,0,0,3,3,3,1,-1,1,-1.1,1,-0.7,2,1
S02000683,S02001185,11,0,5,7,-6,-11,-4,23,12,7,1.4,10,0.4,4,0.4,13,-0.3
S02000683,S02001187,4,0,0,0,-4,-4,-4,4,0,1,2.5,2,1.8,1,-0.9,2,-1.5
S02000683,S02001200,3,0,0,0,-3,-3,-3,3,0,1,2.1,1,1.5,1,-0.7,2,-1.3
S02000684,S02000263,4,0,0,0,-4,-4,-4,4,0,1,2.5,2,1.8,1,-0.9,2,-1.5
S02000684,S02000266,0,0,0,4,0,0,4,4,4,1,-1.1,2,-1.3,1,-0.9,2,1.1
S02000684,S02000269,4,0,0,0,-4,-4,-4,4,0,1,2.5,2,1.8,1,-0.9,2,-1.5
S02000684,S02000271,3,0,0,0,-3,-3,-3,3,0,1,2.1,1,1.5,1,-0.7,2,-1.3
S02000684,S02000272,0,0,0,3,0,0,3,3,3,1,-1,1,-1.1,1,-0.7,2,1
S02000684,S02000327,0,0,0,3,0,0,3,3,3,1,-1,1,-1.1,1,-0.7,2,1
S02000684,S02000588,6,0,0,0,-6,-6,-6,6,0,2,3,3,2.2,1,-1.1,3,-1.9
S02000684,S02000603,0,0,0,4,0,0,4,4,4,1,-1.1,2,-1.3,1,-0.9,2,1.1
S02000684,S02000611,0,3,0,0,0,3,0,3,3,1,-1,1,1.5,1,-0.7,2,-1.3
S02000684,S02000615,3,0,0,0,-3,-3,-3,3,0,1,2.1,1,1.5,1,-0.7,2,-1.3
S02000684,S02000622,0,3,0,0,0,3,0,3,3,1,-1,1,1.5,1,-0.7,2,-1.3
S02000684,S02000625,0,3,0,0,0,3,0,3,3,1,-1,1,1.5,1,-0.7,2,-1.3
S02000684,S02000634,9,3,0,7,-9,-6,-2,19,10,6,1.3,8,1.4,4,-1.9,11,-1.2
S02000684,S02000644,7,0,7,0,0,-7,-7,14,7,4,1.3,6,0.4,3,2.7,8,-0.4
S02000684,S02000650,0,0,0,4,0,0,4,4,4,1,-1.1,2,-1.3,1,-0.9,2,1.1
S02000684,S02000651,4,0,3,0,-1,-4,-4,7,3,2,1.2,3,0.6,1,1.5,4,-0.5
S02000684,S02000655,33,6,65,55,32,-27,22,159,126,50,-2.3,68,-3.5,29,6.6,91,3
S02000684,S02000656,5,6,0,0,-5,1,-5,11,6,3,0.9,5,2.9,2,-1.4,6,-2.5
S02000684,S02000658,22,3,9,32,-13,-19,10,66,44,21,0.3,28,-0.6,12,-0.9,38,0.5
S02000684,S02000660,10,0,0,0,-10,-10,-10,10,0,3,3.9,4,2.8,2,-1.4,6,-2.4
S02000684,S02000661,18,4,9,8,-9,-14,-10,39,21,12,1.7,17,1.3,7,0.7,22,-1.1
S02000684,S02000664,15,0,0,17,-15,-15,2,32,17,10,1.6,14,0.4,6,-2.4,18,-0.3
S02000684,S02000665,0,3,4,6,4,3,6,13,13,4,-2,6,-1.1,2,1,7,0.9
S02000684,S02000666,0,0,0,5,0,0,5,5,5,2,-1.2,2,-1.5,1,-1,3,1.3
S02000684,S02000668,0,0,0,7,0,0,7,7,7,2,-1.5,3,-1.7,1,-1.1,4,1.5
S02000684,S02000669,3,0,0,0,-3,-3,-3,3,0,1,2.1,1,1.5,1,-0.7,2,-1.3
S02000684,S02000670,6,12,0,3,-6,6,-3,21,15,7,-0.2,9,3,4,-2,12,-2.6
S02000684,S02000672,0,0,5,34,5,0,34,39,39,12,-3.5,17,-4.1,7,-0.8,22,3.5
S02000684,S02000673,4,5,0,7,-4,1,3,16,12,5,-0.4,7,0.8,3,-1.7,9,-0.7
S02000684,S02000674,0,0,0,3,0,0,3,3,3,1,-1,1,-1.1,1,-0.7,2,1
S02000684,S02000675,0,0,0,3,0,0,3,3,3,1,-1,1,-1.1,1,-0.7,2,1
S02000684,S02000676,0,0,0,3,0,0,3,3,3,1,-1,1,-1.1,1,-0.7,2,1
S02000684,S02000677,7,0,0,0,-7,-7,-7,7,0,2,3.3,3,2.3,1,-1.1,4,-2
S02000684,S02000679,0,0,0,6,0,0,6,6,6,2,-1.4,3,-1.6,1,-1.1,3,1.4
S02000684,S02000681,0,0,0,6,0,0,6,6,6,2,-1.4,3,-1.6,1,-1.1,3,1.4
S02000684,S02000682,0,0,0,3,0,0,3,3,3,1,-1,1,-1.1,1,-0.7,2,1
S02000684,S02000683,0,0,0,4,0,0,4,4,4,1,-1.1,2,-1.3,1,-0.9,2,1.1
S02000684,S02000684,21,19,0,26,-21,-2,5,66,45,21,0.1,28,2.3,12,-3.5,38,-1.9
S02000684,S02000688,0,0,0,4,0,0,4,4,4,1,-1.1,2,-1.3,1,-0.9,2,1.1
S02000684,S02000689,30,0,8,10,-22,-30,-20,48,18,15,3.9,20,2.1,9,-0.3,28,-1.8
S02000684,S02000690,3,0,0,0,-3,-3,-3,3,0,1,2.1,1,1.5,1,-0.7,2,-1.3
S02000684,S02000691,3,0,0,0,-3,-3,-3,3,0,1,2.1,1,1.5,1,-0.7,2,-1.3
S02000684,S02000696,0,4,0,0,0,4,0,4,4,1,-1.1,2,1.8,1,-0.9,2,-1.5
S02000684,S02000698,3,0,0,0,-3,-3,-3,3,0,1,2.1,1,1.5,1,-0.7,2,-1.3
S02000684,S02000699,3,0,0,0,-3,-3,-3,3,0,1,2.1,1,1.5,1,-0.7,2,-1.3
S02000684,S02000700,0,0,0,6,0,0,6,6,6,2,-1.4,3,-1.6,1,-1.1,3,1.4
S02000684,S02000701,3,0,0,0,-3,-3,-3,3,0,1,2.1,1,1.5,1,-0.7,2,-1.3
S02000684,S02000702,6,3,0,10,-6,-3,4,19,13,6,0,8,0.3,4,-1.9,11,-0.3
S02000684,S02000705,3,0,7,6,4,-3,3,16,13,5,-0.9,7,-1.5,3,2.3,9,1.3
S02000684,S02000707,5,0,0,0,-5,-5,-5,5,0,2,2.8,2,2,1,-1,3,-1.7
S02000684,S02000716,7,0,0,0,-7,-7,-7,7,0,2,3.3,3,2.3,1,-1.1,4,-2
S02000684,S02000777,0,0,0,3,0,0,3,3,3,1,-1,1,-1.1,1,-0.7,2,1
S02000684,S02001000,0,0,0,8,0,0,8,8,8,2,-1.6,3,-1.8,1,-1.2,5,1.6
S02000684,S02001010,8,0,0,0,-8,-8,-8,8,0,2,3.5,3,2.5,1,-1.2,5,-2.1
S02000684,S02001013,0,7,3,9,3,7,9,19,19,6,-2.4,8,-0.4,4,-0.3,11,0.3
S02000684,S02001015,0,0,0,3,0,0,3,3,3,1,-1,1,-1.1,1,-0.7,2,1
S02000684,S02001016,0,0,0,5,0,0,5,5,5,2,-1.2,2,-1.5,1,-1,3,1.3
S02000684,S02001185,16,6,9,23,-7,-10,7,54,38,17,-0.2,23,-0.2,10,-0.3,31,0.2
S02000684,S02001187,0,0,0,3,0,0,3,3,3,1,-1,1,-1.1,1,-0.7,2,1
S02000684,S02001188,3,0,0,0,-3,-3,-3,3,0,1,2.1,1,1.5,1,-0.7,2,-1.3
S02000685,S02000264,0,0,5,7,5,0,7,12,12,4,-1.9,5,-2.3,2,1.9,7,1.9
S02000685,S02000270,3,0,5,0,2,-3,-3,8,5,2,0.3,3,-0.2,1,2.9,5,0.2
S02000685,S02000596,3,0,0,0,-3,-3,-3,3,0,1,2.1,1,1.5,1,-0.7,2,-1.3
S02000685,S02000607,4,0,0,0,-4,-4,-4,4,0,1,2.5,2,1.8,1,-0.9,2,-1.5
S02000685,S02000611,5,3,3,0,-2,-2,-5,11,6,3,0.9,5,1.5,2,0.7,6,-1.3
S02000685,S02000622,0,0,0,4,0,0,4,4,4,1,-1.1,2,-1.3,1,-0.9,2,1.1
S02000685,S02000628,0,0,0,3,0,0,3,3,3,1,-1,1,-1.1,1,-0.7,2,1
S02000685,S02000633,6,3,0,4,-6,-3,-2,13,7,4,1,6,1.5,2,-1.6,7,-1.3
S02000685,S02000634,5,0,3,6,-2,-5,1,14,9,4,0.3,6,-0.4,3,0.3,8,0.3
S02000685,S02000642,3,0,3,0,0,-3,-3,6,3,2,0.8,3,0.3,1,1.8,3,-0.2
S02000685,S02000647,0,0,0,5,0,0,5,5,5,2,-1.2,2,-1.5,1,-1,3,1.3
S02000685,S02000648,0,3,0,0,0,3,0,3,3,1,-1,1,1.5,1,-0.7,2,-1.3
S02000685,S02000651,8,0,0,6,-8,-8,-2,14,6,4,1.7,6,0.8,3,-1.6,8,-0.7
S02000685,S02000655,24,4,65,93,41,-20,69,186,162,58,-4.5,79,-5.7,34,5.2,107,4.9
S02000685,S02000656,0,3,0,0,0,3,0,3,3,1,-1,1,1.5,1,-0.7,2,-1.3
S02000685,S02000658,31,12,15,58,-16,-19,27,116,85,36,-0.9,49,-0.9,21,-1.4,67,0.8
S02000685,S02000659,0,3,4,0,4,3,0,7,7,2,-1.5,3,0,1,2.4,4,0
S02000685,S02000660,3,3,3,0,0,0,-3,9,6,3,0.1,4,1.1,2,1,5,-1
S02000685,S02000661,11,0,6,9,-5,-11,-2,26,15,8,1,11,0,5,0.5,15,0
S02000685,S02000663,0,0,0,3,0,0,3,3,3,1,-1,1,-1.1,1,-0.7,2,1
S02000685,S02000664,9,0,3,4,-6,-9,-5,16,7,5,1.8,7,0.8,3,0,9,-0.7
S02000685,S02000665,3,0,7,9,4,-3,6,19,16,6,-1.2,8,-1.8,4,1.9,11,1.5
S02000685,S02000666,3,0,0,0,-3,-3,-3,3,0,1,2.1,1,1.5,1,-0.7,2,-1.3
S02000685,S02000667,0,5,0,0,0,5,0,5,5,2,-1.2,2,2,1,-1,3,-1.7
S02000685,S02000669,3,0,6,15,3,-3,12,24,21,7,-1.6,10,-2.3,4,0.7,14,1.9
S02000685,S02000670,6,9,0,0,-6,3,-6,15,9,5,0.6,6,3.4,3,-1.7,9,-2.9
S02000685,S02000672,3,0,8,32,5,-3,29,43,40,13,-2.8,18,-3.6,8,0,25,3.1
S02000685,S02000674,0,0,0,3,0,0,3,3,3,1,-1,1,-1.1,1,-0.7,2,1
S02000685,S02000675,4,0,0,6,-4,-4,2,10,6,3,0.5,4,-0.1,2,-1.4,6,0.1
S02000685,S02000676,20,8,6,31,-14,-12,11,65,45,20,-0.1,28,0.1,12,-1.7,37,-0.1
S02000685,S02000680,0,0,0,9,0,0,9,9,9,3,-1.7,4,-2,2,-1.3,5,1.7
S02000685,S02000681,0,0,0,4,0,0,4,4,4,1,-1.1,2,-1.3,1,-0.9,2,1.1
S02000685,S02000683,3,0,0,8,-3,-3,5,11,8,3,-0.2,5,-0.8,2,-1.4,6,0.7
S02000685,S02000685,17,7,12,45,-5,-10,28,81,64,25,-1.6,34,-1.8,15,-0.8,47,1.5
S02000685,S02000688,8,4,0,4,-8,-4,-4,16,8,5,1.4,7,2,3,-1.7,9,-1.7
S02000685,S02000689,14,0,0,6,-14,-14,-8,20,6,6,3.1,9,1.9,4,-1.9,11,-1.6
S02000685,S02000691,10,0,4,7,-6,-10,-3,21,11,7,1.4,9,0.4,4,0.1,12,-0.3
S02000685,S02000692,15,0,0,10,-15,-15,-5,25,10,8,2.6,11,1.3,5,-2.2,14,-1.2
S02000685,S02000695,0,0,0,3,0,0,3,3,3,1,-1,1,-1.1,1,-0.7,2,1
S02000685,S02000701,5,15,0,4,-5,10,-1,24,19,7,-0.9,10,3.1,4,-2.1,14,-2.6
S02000685,S02000704,4,0,0,0,-4,-4,-4,4,0,1,2.5,2,1.8,1,-0.9,2,-1.5
S02000685,S02000705,0,0,3,3,3,0,3,6,6,2,-1.4,3,-1.6,1,1.8,3,1.4
S02000685,S02000709,0,0,0,5,0,0,5,5,5,2,-1.2,2,-1.5,1,-1,3,1.3
S02000685,S02000710,0,0,0,7,0,0,7,7,7,2,-1.5,3,-1.7,1,-1.1,4,1.5
S02000685,S02001000,0,0,0,3,0,0,3,3,3,1,-1,1,-1.1,1,-0.7,2,1
S02000685,S02001013,0,5,0,0,0,5,0,5,5,2,-1.2,2,2,1,-1,3,-1.7
S02000685,S02001185,3,0,0,0,-3,-3,-3,3,0,1,2.1,1,1.5,1,-0.7,2,-1.3
S02000686,S02000264,0,0,0,3,0,0,3,3,3,1,-1,1,-1.1,1,-0.7,2,1
S02000686,S02000279,4,0,0,0,-4,-4,-4,4,0,1,2.5,2,1.8,1,-0.9,2,-1.5
S02000686,S02000281,0,0,0,5,0,0,5,5,5,2,-1.2,2,-1.5,1,-1,3,1.3
S02000686,S02000324,0,0,0,3,0,0,3,3,3,1,-1,1,-1.1,1,-0.7,2,1
S02000686,S02000597,0,0,0,3,0,0,3,3,3,1,-1,1,-1.1,1,-0.7,2,1
S02000686,S02000599,0,3,0,0,0,3,0,3,3,1,-1,1,1.5,1,-0.7,2,-1.3
S02000686,S02000603,0,0,0,4,0,0,4,4,4,1,-1.1,2,-1.3,1,-0.9,2,1.1
S02000686,S02000607,4,0,0,0,-4,-4,-4,4,0,1,2.5,2,1.8,1,-0.9,2,-1.5
S02000686,S02000608,3,0,0,0,-3,-3,-3,3,0,1,2.1,1,1.5,1,-0.7,2,-1.3
S02000686,S02000609,0,0,0,4,0,0,4,4,4,1,-1.1,2,-1.3,1,-0.9,2,1.1
S02000686,S02000614,0,0,3,0,3,0,0,3,3,1,-1,1,-1.1,1,3.3,2,1
S02000686,S02000622,0,0,0,4,0,0,4,4,4,1,-1.1,2,-1.3,1,-0.9,2,1.1
S02000686,S02000625,0,0,0,5,0,0,5,5,5,2,-1.2,2,-1.5,1,-1,3,1.3
S02000686,S02000628,7,0,0,3,-7,-7,-4,10,3,3,2.2,4,1.3,2,-1.4,6,-1.1
S02000686,S02000631,0,0,4,6,4,0,6,10,10,3,-1.8,4,-2.1,2,1.6,6,1.8
S02000686,S02000633,3,0,0,5,-3,-3,2,8,5,2,0.3,3,-0.2,1,-1.2,5,0.2
S02000686,S02000634,15,0,5,11,-10,-15,-4,31,16,10,1.7,13,0.5,6,-0.3,18,-0.4
S02000686,S02000635,7,0,0,0,-7,-7,-7,7,0,2,3.3,3,2.3,1,-1.1,4,-2
S02000686,S02000642,3,0,0,0,-3,-3,-3,3,0,1,2.1,1,1.5,1,-0.7,2,-1.3
S02000686,S02000644,3,0,17,3,14,-3,0,23,20,7,-1.6,10,-2.2,4,6.2,13,1.9
S02000686,S02000651,0,3,14,6,14,3,6,23,23,7,-2.7,10,-2.2,4,4.7,13,1.9
S02000686,S02000655,29,9,108,53,79,-20,24,199,170,62,-4.2,85,-5.1,37,11.7,114,4.4
S02000686,S02000656,6,7,0,4,-6,1,-2,17,11,5,0.3,7,2.1,3,-1.8,10,-1.8
S02000686,S02000658,41,0,18,51,-23,-41,10,110,69,34,1.2,47,-0.8,20,-0.5,63,0.7
S02000686,S02000659,0,0,5,3,5,0,3,8,8,2,-1.6,3,-1.8,1,2.9,5,1.6
S02000686,S02000660,19,0,0,3,-19,-19,-16,22,3,7,4.6,9,3.2,4,-2,13,-2.7
S02000686,S02000661,24,3,13,20,-11,-21,-4,60,36,19,1.2,26,0.3,11,0.6,34,-0.3
S02000686,S02000663,0,0,0,3,0,0,3,3,3,1,-1,1,-1.1,1,-0.7,2,1
S02000686,S02000664,15,0,0,10,-15,-15,-5,25,10,8,2.6,11,1.3,5,-2.2,14,-1.2
S02000686,S02000665,4,4,0,0,-4,0,-4,8,4,2,1,3,2.5,1,-1.2,5,-2.1
S02000686,S02000666,0,0,0,4,0,0,4,4,4,1,-1.1,2,-1.3,1,-0.9,2,1.1
S02000686,S02000668,4,0,0,11,-4,-4,7,15,11,5,-0.3,6,-0.9,3,-1.7,9,0.8
S02000686,S02000669,4,0,0,3,-4,-4,-1,7,3,2,1.2,3,0.6,1,-1.1,4,-0.5
S02000686,S02000670,4,0,0,0,-4,-4,-4,4,0,1,2.5,2,1.8,1,-0.9,2,-1.5
S02000686,S02000671,0,0,3,6,3,0,6,9,9,3,-1.7,4,-2,2,1,5,1.7
S02000686,S02000672,5,0,6,50,1,-5,45,61,56,19,-3.2,26,-4.1,11,-1.6,35,3.5
S02000686,S02000673,4,4,0,6,-4,0,2,14,10,4,-0.2,6,0.8,3,-1.6,8,-0.7
S02000686,S02000675,0,0,0,5,0,0,5,5,5,2,-1.2,2,-1.5,1,-1,3,1.3
S02000686,S02000676,0,4,0,4,0,4,4,8,8,2,-1.6,3,0.3,1,-1.2,5,-0.3
S02000686,S02000677,0,0,3,8,3,0,8,11,11,3,-1.9,5,-2.2,2,0.7,6,1.9
S02000686,S02000680,4,0,0,3,-4,-4,-1,7,3,2,1.2,3,0.6,1,-1.1,4,-0.5
S02000686,S02000681,0,0,0,4,0,0,4,4,4,1,-1.1,2,-1.3,1,-0.9,2,1.1
S02000686,S02000682,0,0,0,5,0,0,5,5,5,2,-1.2,2,-1.5,1,-1,3,1.3
S02000686,S02000684,14,11,5,16,-9,-3,2,46,32,14,-0.1,20,1.2,9,-1.2,26,-1.1
S02000686,S02000685,0,0,0,4,0,0,4,4,4,1,-1.1,2,-1.3,1,-0.9,2,1.1
S02000686,S02000686,6,3,0,6,-6,-3,0,15,9,5,0.6,6,1,3,-1.7,9,-0.9
S02000686,S02000689,31,0,0,24,-31,-31,-7,55,24,17,3.4,23,1.6,10,-3.2,32,-1.4
S02000686,S02000691,3,0,0,0,-3,-3,-3,3,0,1,2.1,1,1.5,1,-0.7,2,-1.3
S02000686,S02000693,3,0,0,0,-3,-3,-3,3,0,1,2.1,1,1.5,1,-0.7,2,-1.3
S02000686,S02000696,0,0,0,4,0,0,4,4,4,1,-1.1,2,-1.3,1,-0.9,2,1.1
S02000686,S02000698,0,0,0,3,0,0,3,3,3,1,-1,1,-1.1,1,-0.7,2,1
S02000686,S02000699,3,0,0,0,-3,-3,-3,3,0,1,2.1,1,1.5,1,-0.7,2,-1.3
S02000686,S02000702,4,0,0,6,-4,-4,2,10,6,3,0.5,4,-0.1,2,-1.4,6,0.1
S02000686,S02000705,6,0,3,6,-3,-6,0,15,9,5,0.6,6,-0.2,3,0.1,9,0.1
S02000686,S02000706,3,0,0,0,-3,-3,-3,3,0,1,2.1,1,1.5,1,-0.7,2,-1.3
S02000686,S02000709,0,0,0,3,0,0,3,3,3,1,-1,1,-1.1,1,-0.7,2,1
S02000686,S02000711,0,0,0,5,0,0,5,5,5,2,-1.2,2,-1.5,1,-1,3,1.3
S02000686,S02000716,4,0,0,0,-4,-4,-4,4,0,1,2.5,2,1.8,1,-0.9,2,-1.5
S02000686,S02000993,7,0,0,0,-7,-7,-7,7,0,2,3.3,3,2.3,1,-1.1,4,-2
S02000686,S02001000,5,0,3,6,-2,-5,1,14,9,4,0.3,6,-0.4,3,0.3,8,0.3
S02000686,S02001010,3,0,0,0,-3,-3,-3,3,0,1,2.1,1,1.5,1,-0.7,2,-1.3
S02000686,S02001013,0,4,0,3,0,4,3,7,7,2,-1.5,3,0.6,1,-1.1,4,-0.5
S02000686,S02001015,0,4,0,4,0,4,4,8,8,2,-1.6,3,0.3,1,-1.2,5,-0.3
S02000686,S02001161,0,3,0,0,0,3,0,3,3,1,-1,1,1.5,1,-0.7,2,-1.3
S02000686,S02001185,16,4,8,11,-8,-12,-5,39,23,12,1.1,17,0.8,7,0.3,22,-0.7
S02000686,S02001186,0,0,0,3,0,0,3,3,3,1,-1,1,-1.1,1,-0.7,2,1
S02000686,S02001187,0,0,0,5,0,0,5,5,5,2,-1.2,2,-1.5,1,-1,3,1.3
S02000686,S02001192,0,0,3,3,3,0,3,6,6,2,-1.4,3,-1.6,1,1.8,3,1.4
S02000686,S02001193,0,0,0,3,0,0,3,3,3,1,-1,1,-1.1,1,-0.7,2,1
S02000686,S02001194,3,0,0,0,-3,-3,-3,3,0,1,2.1,1,1.5,1,-0.7,2,-1.3
S02000687,S02000260,0,5,0,5,0,5,5,10,10,3,-1.8,4,0.4,2,-1.4,6,-0.3
S02000687,S02000264,5,0,0,7,-5,-5,2,12,7,4,0.7,5,0,2,-1.5,7,0
S02000687,S02000270,0,0,7,0,7,0,0,7,7,2,-1.5,3,-1.7,1,5,4,1.5
S02000687,S02000279,0,0,0,3,0,0,3,3,3,1,-1,1,-1.1,1,-0.7,2,1
S02000687,S02000281,0,5,0,0,0,5,0,5,5,2,-1.2,2,2,1,-1,3,-1.7
S02000687,S02000611,0,4,0,0,0,4,0,4,4,1,-1.1,2,1.8,1,-0.9,2,-1.5
S02000687,S02000621,3,0,0,0,-3,-3,-3,3,0,1,2.1,1,1.5,1,-0.7,2,-1.3
S02000687,S02000629,5,0,0,0,-5,-5,-5,5,0,2,2.8,2,2,1,-1,3,-1.7
S02000687,S02000633,0,4,0,14,0,4,14,18,18,6,-2.4,8,-1.3,3,-1.8,10,1.1
S02000687,S02000634,11,0,4,0,-7,-11,-11,15,4,5,2.9,6,1.8,3,0.7,9,-1.6
S02000687,S02000638,3,0,0,0,-3,-3,-3,3,0,1,2.1,1,1.5,1,-0.7,2,-1.3
S02000687,S02000640,0,0,0,4,0,0,4,4,4,1,-1.1,2,-1.3,1,-0.9,2,1.1
S02000687,S02000642,0,4,3,0,3,4,0,7,7,2,-1.5,3,0.6,1,1.5,4,-0.5
S02000687,S02000643,3,0,0,0,-3,-3,-3,3,0,1,2.1,1,1.5,1,-0.7,2,-1.3
S02000687,S02000644,0,0,3,0,3,0,0,3,3,1,-1,1,-1.1,1,3.3,2,1
S02000687,S02000645,0,0,0,3,0,0,3,3,3,1,-1,1,-1.1,1,-0.7,2,1
S02000687,S02000646,0,0,0,4,0,0,4,4,4,1,-1.1,2,-1.3,1,-0.9,2,1.1
S02000687,S02000648,0,3,0,0,0,3,0,3,3,1,-1,1,1.5,1,-0.7,2,-1.3
S02000687,S02000655,21,8,41,38,20,-13,17,108,87,34,-2.2,46,-2.5,20,4.7,62,2.1
S02000687,S02000656,3,0,0,0,-3,-3,-3,3,0,1,2.1,1,1.5,1,-0.7,2,-1.3
S02000687,S02000658,48,0,13,29,-35,-48,-19,90,42,28,3.8,38,1.6,17,-0.9,52,-1.4
S02000687,S02000659,0,0,3,0,3,0,0,3,3,1,-1,1,-1.1,1,3.3,2,1
S02000687,S02000660,4,0,0,0,-4,-4,-4,4,0,1,2.5,2,1.8,1,-0.9,2,-1.5
S02000687,S02000661,5,0,0,3,-5,-5,-2,8,3,2,1.6,3,0.9,1,-1.2,5,-0.7
S02000687,S02000664,0,0,0,3,0,0,3,3,3,1,-1,1,-1.1,1,-0.7,2,1
S02000687,S02000666,6,0,0,18,-6,-6,12,24,18,7,-0.5,10,-1.3,4,-2.1,14,1.1
S02000687,S02000670,21,20,3,14,-18,-1,-7,58,37,18,0.7,25,3.3,11,-2.4,33,-2.8
S02000687,S02000672,0,0,0,6,0,0,6,6,6,2,-1.4,3,-1.6,1,-1.1,3,1.4
S02000687,S02000674,3,0,0,3,-3,-3,0,6,3,2,0.8,3,0.3,1,-1.1,3,-0.2
S02000687,S02000675,0,3,0,0,0,3,0,3,3,1,-1,1,1.5,1,-0.7,2,-1.3
S02000687,S02000676,15,4,0,15,-15,-11,0,34,19,11,1.4,14,1.2,6,-2.5,20,-1
S02000687,S02000680,0,0,0,7,0,0,7,7,7,2,-1.5,3,-1.7,1,-1.1,4,1.5
S02000687,S02000684,3,0,0,0,-3,-3,-3,3,0,1,2.1,1,1.5,1,-0.7,2,-1.3
S02000687,S02000687,4,4,5,20,1,0,16,33,29,10,-2,14,-1.6,6,-0.4,19,1.4
S02000687,S02000689,10,0,0,0,-10,-10,-10,10,0,3,3.9,4,2.8,2,-1.4,6,-2.4
S02000687,S02000691,35,3,7,12,-28,-32,-23,57,22,18,4.1,24,2.8,11,-1.1,33,-2.4
S02000687,S02000692,4,0,0,6,-4,-4,2,10,6,3,0.5,4,-0.1,2,-1.4,6,0.1
S02000687,S02000693,0,3,0,0,0,3,0,3,3,1,-1,1,1.5,1,-0.7,2,-1.3
S02000687,S02000695,0,3,0,22,0,3,22,25,25,8,-2.8,11,-2.3,5,-2.2,14,2
S02000687,S02000697,8,0,0,6,-8,-8,-2,14,6,4,1.7,6,0.8,3,-1.6,8,-0.7
S02000687,S02001015,0,0,0,3,0,0,3,3,3,1,-1,1,-1.1,1,-0.7,2,1
S02000687,S02001185,0,0,0,3,0,0,3,3,3,1,-1,1,-1.1,1,-0.7,2,1
S02000688,S02000263,3,0,9,0,6,-3,-3,12,9,4,-0.4,5,-0.9,2,4.6,7,0.8
S02000688,S02000264,0,0,0,6,0,0,6,6,6,2,-1.4,3,-1.6,1,-1.1,3,1.4
S02000688,S02000266,0,0,0,3,0,0,3,3,3,1,-1,1,-1.1,1,-0.7,2,1
S02000688,S02000269,0,0,0,4,0,0,4,4,4,1,-1.1,2,-1.3,1,-0.9,2,1.1
S02000688,S02000270,0,0,3,4,3,0,4,7,7,2,-1.5,3,-1.7,1,1.5,4,1.5
S02000688,S02000279,0,0,0,4,0,0,4,4,4,1,-1.1,2,-1.3,1,-0.9,2,1.1
S02000688,S02000281,7,0,0,0,-7,-7,-7,7,0,2,3.3,3,2.3,1,-1.1,4,-2
S02000688,S02000327,0,0,0,4,0,0,4,4,4,1,-1.1,2,-1.3,1,-0.9,2,1.1
S02000688,S02000590,0,3,0,0,0,3,0,3,3,1,-1,1,1.5,1,-0.7,2,-1.3
S02000688,S02000602,0,0,0,3,0,0,3,3,3,1,-1,1,-1.1,1,-0.7,2,1
S02000688,S02000607,6,0,0,0,-6,-6,-6,6,0,2,3,3,2.2,1,-1.1,3,-1.9
S02000688,S02000611,0,0,5,9,5,0,9,14,14,4,-2.1,6,-2.4,3,1.5,8,2.1
S02000688,S02000625,0,0,0,8,0,0,8,8,8,2,-1.6,3,-1.8,1,-1.2,5,1.6
S02000688,S02000626,0,0,0,4,0,0,4,4,4,1,-1.1,2,-1.3,1,-0.9,2,1.1
S02000688,S02000627,0,0,0,3,0,0,3,3,3,1,-1,1,-1.1,1,-0.7,2,1
S02000688,S02000628,6,0,0,0,-6,-6,-6,6,0,2,3,3,2.2,1,-1.1,3,-1.9
S02000688,S02000631,5,0,3,4,-2,-5,-1,12,7,4,0.7,5,0,2,0.5,7,0
S02000688,S02000633,0,4,0,6,0,4,6,10,10,3,-1.8,4,-0.1,2,-1.4,6,0.1
S02000688,S02000634,15,0,0,9,-15,-15,-6,24,9,7,2.8,10,1.5,4,-2.1,14,-1.3
S02000688,S02000635,6,0,3,4,-3,-6,-2,13,7,4,1,6,0.2,2,0.4,7,-0.2
S02000688,S02000640,0,0,0,3,0,0,3,3,3,1,-1,1,-1.1,1,-0.7,2,1
S02000688,S02000642,7,0,0,0,-7,-7,-7,7,0,2,3.3,3,2.3,1,-1.1,4,-2
S02000688,S02000643,0,3,0,0,0,3,0,3,3,1,-1,1,1.5,1,-0.7,2,-1.3
S02000688,S02000644,12,4,24,3,12,-8,-9,43,31,13,-0.4,18,-0.5,8,5.7,25,0.5
S02000688,S02000647,4,0,3,0,-1,-4,-4,7,3,2,1.2,3,0.6,1,1.5,4,-0.5
S02000688,S02000648,0,4,0,0,0,4,0,4,4,1,-1.1,2,1.8,1,-0.9,2,-1.5
S02000688,S02000649,4,0,0,0,-4,-4,-4,4,0,1,2.5,2,1.8,1,-0.9,2,-1.5
S02000688,S02000651,6,0,11,8,5,-6,2,25,19,8,-0.6,11,-1.4,5,3,14,1.2
S02000688,S02000652,3,0,0,0,-3,-3,-3,3,0,1,2.1,1,1.5,1,-0.7,2,-1.3
S02000688,S02000655,77,23,201,146,124,-54,69,447,370,139,-5.3,190,-6.5,83,13,257,5.6
S02000688,S02000656,4,5,0,9,-4,1,5,18,14,6,-0.7,8,0.5,3,-1.8,10,-0.4
S02000688,S02000658,54,9,32,135,-22,-45,81,230,176,72,-2.1,98,-3.5,43,-1.6,132,3
S02000688,S02000659,0,0,4,6,4,0,6,10,10,3,-1.8,4,-2.1,2,1.6,6,1.8
S02000688,S02000660,18,5,0,3,-18,-13,-15,26,8,8,3.5,11,3.6,5,-2.2,15,-3.1
S02000688,S02000661,30,5,29,22,-1,-25,-8,86,56,27,0.6,37,-0.3,16,3.3,49,0.2
S02000688,S02000663,0,5,4,3,4,5,3,12,12,4,-1.9,5,0,2,1.2,7,0
S02000688,S02000664,28,3,4,15,-24,-25,-13,50,22,16,3.1,21,2.1,9,-1.7,29,-1.8
S02000688,S02000665,7,3,12,22,5,-4,15,44,37,14,-1.8,19,-2,8,1.4,25,1.7
S02000688,S02000666,0,0,0,3,0,0,3,3,3,1,-1,1,-1.1,1,-0.7,2,1
S02000688,S02000668,0,0,0,5,0,0,5,5,5,2,-1.2,2,-1.5,1,-1,3,1.3
S02000688,S02000669,3,0,10,19,7,-3,16,32,29,10,-2.2,14,-2.9,6,1.7,18,2.5
S02000688,S02000670,6,3,0,0,-6,-3,-6,9,3,3,1.9,4,2.6,2,-1.3,5,-2.3
S02000688,S02000671,0,0,0,3,0,0,3,3,3,1,-1,1,-1.1,1,-0.7,2,1
S02000688,S02000672,31,3,51,314,20,-28,283,399,368,124,-8.4,170,-10.4,74,-2.7,229,9
S02000688,S02000673,0,0,0,4,0,0,4,4,4,1,-1.1,2,-1.3,1,-0.9,2,1.1
S02000688,S02000675,17,3,0,11,-17,-14,-6,31,14,10,2.4,13,1.9,6,-2.4,18,-1.6
S02000688,S02000676,6,8,4,8,-2,2,2,26,20,8,-0.7,11,0.9,5,-0.4,15,-0.8
S02000688,S02000677,4,0,3,5,-1,-4,1,12,8,4,0.1,5,-0.5,2,0.5,7,0.4
S02000688,S02000680,3,0,0,4,-3,-3,1,7,4,2,0.6,3,0,1,-1.1,4,0
S02000688,S02000681,6,0,7,17,1,-6,11,30,24,9,-1.1,13,-1.9,6,0.6,17,1.6
S02000688,S02000682,0,0,0,5,0,0,5,5,5,2,-1.2,2,-1.5,1,-1,3,1.3
S02000688,S02000683,0,0,0,7,0,0,7,7,7,2,-1.5,3,-1.7,1,-1.1,4,1.5
S02000688,S02000684,0,7,0,0,0,7,0,7,7,2,-1.5,3,2.3,1,-1.1,4,-2
S02000688,S02000685,4,0,0,9,-4,-4,5,13,9,4,0,6,-0.7,2,-1.6,7,0.6
S02000688,S02000687,0,0,0,3,0,0,3,3,3,1,-1,1,-1.1,1,-0.7,2,1
S02000688,S02000688,23,5,4,33,-19,-18,10,65,42,20,0.6,28,0.1,12,-2.3,37,-0.1
S02000688,S02000689,36,0,7,14,-29,-36,-22,57,21,18,4.3,24,2.4,11,-1.1,33,-2.1
S02000688,S02000690,3,0,3,4,0,-3,1,10,7,3,-0.1,4,-0.6,2,0.8,6,0.5
S02000688,S02000691,14,0,0,4,-14,-14,-10,18,4,6,3.5,8,2.3,3,-1.8,10,-2
S02000688,S02000692,15,0,0,0,-15,-15,-15,15,0,5,4.8,6,3.4,3,-1.7,9,-2.9
S02000688,S02000693,6,0,0,0,-6,-6,-6,6,0,2,3,3,2.2,1,-1.1,3,-1.9
S02000688,S02000694,0,0,0,5,0,0,5,5,5,2,-1.2,2,-1.5,1,-1,3,1.3
S02000688,S02000697,0,0,0,3,0,0,3,3,3,1,-1,1,-1.1,1,-0.7,2,1
S02000688,S02000700,8,0,0,3,-8,-8,-5,11,3,3,2.5,5,1.5,2,-1.4,6,-1.3
S02000688,S02000701,0,7,0,3,0,7,3,10,10,3,-1.8,4,1.3,2,-1.4,6,-1.1
S02000688,S02000702,4,0,0,11,-4,-4,7,15,11,5,-0.3,6,-0.9,3,-1.7,9,0.8
S02000688,S02000705,0,0,0,8,0,0,8,8,8,2,-1.6,3,-1.8,1,-1.2,5,1.6
S02000688,S02000706,0,0,0,3,0,0,3,3,3,1,-1,1,-1.1,1,-0.7,2,1
S02000688,S02000710,0,6,12,18,12,6,18,36,36,11,-3.3,15,-2.4,7,2.1,21,2
S02000688,S02000713,0,3,0,0,0,3,0,3,3,1,-1,1,1.5,1,-0.7,2,-1.3
S02000688,S02000716,9,0,0,0,-9,-9,-9,9,0,3,3.7,4,2.6,2,-1.3,5,-2.3
S02000688,S02000781,0,0,5,0,5,0,0,5,5,2,-1.2,2,-1.5,1,4.2,3,1.3
S02000688,S02000993,5,0,0,0,-5,-5,-5,5,0,2,2.8,2,2,1,-1,3,-1.7
S02000688,S02001000,6,0,0,5,-6,-6,-1,11,5,3,1.4,5,0.6,2,-1.4,6,-0.5
S02000688,S02001004,0,0,0,3,0,0,3,3,3,1,-1,1,-1.1,1,-0.7,2,1
S02000688,S02001010,5,0,0,0,-5,-5,-5,5,0,2,2.8,2,2,1,-1,3,-1.7
S02000688,S02001013,0,3,5,4,5,3,4,12,12,4,-1.9,5,-0.9,2,1.9,7,0.8
S02000688,S02001015,0,8,5,0,5,8,0,13,13,4,-2,6,1.1,2,1.7,7,-0.9
S02000688,S02001160,0,0,0,4,0,0,4,4,4,1,-1.1,2,-1.3,1,-0.9,2,1.1
S02000688,S02001185,20,0,5,13,-15,-20,-7,38,18,12,2.4,16,1,7,-0.8,22,-0.8
S02000689,S02000263,0,0,4,0,4,0,0,4,4,1,-1.1,2,-1.3,1,3.8,2,1.1
S02000689,S02000264,0,0,0,4,0,0,4,4,4,1,-1.1,2,-1.3,1,-0.9,2,1.1
S02000689,S02000272,3,0,4,0,1,-3,-3,7,4,2,0.6,3,0,1,2.4,4,0
S02000689,S02000277,0,0,0,3,0,0,3,3,3,1,-1,1,-1.1,1,-0.7,2,1
S02000689,S02000279,5,0,0,0,-5,-5,-5,5,0,2,2.8,2,2,1,-1,3,-1.7
S02000689,S02000281,5,0,0,0,-5,-5,-5,5,0,2,2.8,2,2,1,-1,3,-1.7
S02000689,S02000318,0,0,0,4,0,0,4,4,4,1,-1.1,2,-1.3,1,-0.9,2,1.1
S02000689,S02000327,3,0,0,0,-3,-3,-3,3,0,1,2.1,1,1.5,1,-0.7,2,-1.3
S02000689,S02000328,3,0,3,3,0,-3,0,9,6,3,0.1,4,-0.4,2,1,5,0.4
S02000689,S02000591,0,0,0,3,0,0,3,3,3,1,-1,1,-1.1,1,-0.7,2,1
S02000689,S02000599,5,0,0,0,-5,-5,-5,5,0,2,2.8,2,2,1,-1,3,-1.7
S02000689,S02000603,0,0,0,4,0,0,4,4,4,1,-1.1,2,-1.3,1,-0.9,2,1.1
S02000689,S02000604,5,0,0,0,-5,-5,-5,5,0,2,2.8,2,2,1,-1,3,-1.7
S02000689,S02000607,14,0,0,0,-14,-14,-14,14,0,4,4.6,6,3.3,3,-1.6,8,-2.8
S02000689,S02000608,4,0,0,0,-4,-4,-4,4,0,1,2.5,2,1.8,1,-0.9,2,-1.5
S02000689,S02000610,3,0,0,0,-3,-3,-3,3,0,1,2.1,1,1.5,1,-0.7,2,-1.3
S02000689,S02000611,0,0,0,3,0,0,3,3,3,1,-1,1,-1.1,1,-0.7,2,1
S02000689,S02000614,0,0,0,3,0,0,3,3,3,1,-1,1,-1.1,1,-0.7,2,1
S02000689,S02000624,0,0,0,4,0,0,4,4,4,1,-1.1,2,-1.3,1,-0.9,2,1.1
S02000689,S02000625,0,0,0,8,0,0,8,8,8,2,-1.6,3,-1.8,1,-1.2,5,1.6
S02000689,S02000626,3,0,0,0,-3,-3,-3,3,0,1,2.1,1,1.5,1,-0.7,2,-1.3
S02000689,S02000627,0,0,0,3,0,0,3,3,3,1,-1,1,-1.1,1,-0.7,2,1
S02000689,S02000628,6,0,0,3,-6,-6,-3,9,3,3,1.9,4,1.1,2,-1.3,5,-1
S02000689,S02000631,0,0,3,5,3,0,5,8,8,2,-1.6,3,-1.8,1,1.2,5,1.6
S02000689,S02000632,0,0,0,6,0,0,6,6,6,2,-1.4,3,-1.6,1,-1.1,3,1.4
S02000689,S02000633,14,0,0,5,-14,-14,-9,19,5,6,3.3,8,2.1,4,-1.9,11,-1.8
S02000689,S02000634,10,0,5,3,-5,-10,-7,18,8,6,1.9,8,0.8,3,0.9,10,-0.7
S02000689,S02000635,5,0,5,7,0,-5,2,17,12,5,-0.1,7,-0.8,3,1,10,0.7
S02000689,S02000642,4,0,4,3,0,-4,-1,11,7,3,0.3,5,-0.3,2,1.4,6,0.3
S02000689,S02000644,8,6,24,0,16,-2,-8,38,30,12,-1.1,16,-0.5,7,6.4,22,0.5
S02000689,S02000646,0,0,3,0,3,0,0,3,3,1,-1,1,-1.1,1,3.3,2,1
S02000689,S02000648,0,0,0,3,0,0,3,3,3,1,-1,1,-1.1,1,-0.7,2,1
S02000689,S02000649,0,0,0,4,0,0,4,4,4,1,-1.1,2,-1.3,1,-0.9,2,1.1
S02000689,S02000651,4,0,20,5,16,-4,1,29,25,9,-1.7,12,-2.4,5,6.3,17,2
S02000689,S02000655,97,33,281,111,184,-64,14,522,425,163,-5.1,222,-6.2,97,18.8,300,5.3
S02000689,S02000656,6,14,0,4,-6,8,-2,24,18,7,-0.5,10,3.1,4,-2.1,14,-2.6
S02000689,S02000658,78,8,39,109,-39,-70,31,234,156,73,0.6,100,-1.4,43,-0.7,134,1.2
S02000689,S02000659,0,0,5,4,5,0,4,9,9,3,-1.7,4,-2,2,2.6,5,1.7
S02000689,S02000660,50,3,0,8,-50,-47,-42,61,11,19,7.1,26,5.3,11,-3.4,35,-4.6
S02000689,S02000661,30,0,25,15,-5,-30,-15,70,40,22,1.8,30,0,13,3.3,40,0
S02000689,S02000663,0,3,0,3,0,3,3,6,6,2,-1.4,3,0.3,1,-1.1,3,-0.2
S02000689,S02000664,38,0,10,16,-28,-38,-22,64,26,20,4,27,2.1,12,-0.5,37,-1.8
S02000689,S02000665,4,5,18,18,14,1,14,45,41,14,-2.7,19,-2.3,8,3.4,26,2
S02000689,S02000666,0,0,0,6,0,0,6,6,6,2,-1.4,3,-1.6,1,-1.1,3,1.4
S02000689,S02000668,8,0,0,4,-8,-8,-4,12,4,4,2.2,5,1.3,2,-1.5,7,-1.1
S02000689,S02000669,0,0,6,6,6,0,6,12,12,4,-1.9,5,-2.3,2,2.5,7,1.9
S02000689,S02000670,7,0,0,0,-7,-7,-7,7,0,2,3.3,3,2.3,1,-1.1,4,-2
S02000689,S02000671,0,0,3,6,3,0,6,9,9,3,-1.7,4,-2,2,1,5,1.7
S02000689,S02000672,14,5,13,126,-1,-9,112,158,144,49,-5,67,-5.9,29,-3,91,5.1
S02000689,S02000673,0,0,0,6,0,0,6,6,6,2,-1.4,3,-1.6,1,-1.1,3,1.4
S02000689,S02000675,8,0,0,4,-8,-8,-4,12,4,4,2.2,5,1.3,2,-1.5,7,-1.1
S02000689,S02000676,7,0,8,5,1,-7,-2,20,13,6,0.3,9,-0.5,4,2.2,11,0.4
S02000689,S02000677,0,0,0,8,0,0,8,8,8,2,-1.6,3,-1.8,1,-1.2,5,1.6
S02000689,S02000679,0,0,0,10,0,0,10,10,10,3,-1.8,4,-2.1,2,-1.4,6,1.8
S02000689,S02000680,0,0,0,3,0,0,3,3,3,1,-1,1,-1.1,1,-0.7,2,1
S02000689,S02000681,3,0,0,13,-3,-3,10,16,13,5,-0.9,7,-1.5,3,-1.7,9,1.3
S02000689,S02000682,4,0,0,5,-4,-4,1,9,5,3,0.7,4,0.1,2,-1.3,5,-0.1
S02000689,S02000684,7,18,0,5,-7,11,-2,30,23,9,-0.8,13,3.4,6,-2.4,17,-2.9
S02000689,S02000685,0,0,0,5,0,0,5,5,5,2,-1.2,2,-1.5,1,-1,3,1.3
S02000689,S02000686,0,0,0,5,0,0,5,5,5,2,-1.2,2,-1.5,1,-1,3,1.3
S02000689,S02000687,0,0,0,4,0,0,4,4,4,1,-1.1,2,-1.3,1,-0.9,2,1.1
S02000689,S02000688,4,3,0,10,-4,-1,6,17,13,5,-0.6,7,-0.1,3,-1.8,10,0.1
S02000689,S02000689,74,3,12,61,-62,-71,-13,150,76,47,4,64,1.7,28,-3,86,-1.4
S02000689,S02000690,7,0,0,0,-7,-7,-7,7,0,2,3.3,3,2.3,1,-1.1,4,-2
S02000689,S02000691,8,0,3,3,-5,-8,-5,14,6,4,1.7,6,0.8,3,0.3,8,-0.7
S02000689,S02000692,0,0,0,5,0,0,5,5,5,2,-1.2,2,-1.5,1,-1,3,1.3
S02000689,S02000693,0,0,0,3,0,0,3,3,3,1,-1,1,-1.1,1,-0.7,2,1
S02000689,S02000695,0,0,3,0,3,0,0,3,3,1,-1,1,-1.1,1,3.3,2,1
S02000689,S02000696,4,0,0,4,-4,-4,0,8,4,2,1,3,0.3,1,-1.2,5,-0.3
S02000689,S02000697,3,0,0,0,-3,-3,-3,3,0,1,2.1,1,1.5,1,-0.7,2,-1.3
S02000689,S02000699,0,0,0,3,0,0,3,3,3,1,-1,1,-1.1,1,-0.7,2,1
S02000689,S02000702,6,3,3,9,-3,-3,3,21,15,7,-0.2,9,0,4,-0.4,12,0
S02000689,S02000705,4,5,0,13,-4,1,9,22,18,7,-1.1,9,-0.1,4,-2,13,0.1
S02000689,S02000710,0,4,7,3,7,4,3,14,14,4,-2.1,6,-0.8,3,2.7,8,0.7
S02000689,S02000711,0,0,0,6,0,0,6,6,6,2,-1.4,3,-1.6,1,-1.1,3,1.4
S02000689,S02000712,5,0,0,0,-5,-5,-5,5,0,2,2.8,2,2,1,-1,3,-1.7
S02000689,S02000714,0,0,0,4,0,0,4,4,4,1,-1.1,2,-1.3,1,-0.9,2,1.1
S02000689,S02000716,0,0,0,3,0,0,3,3,3,1,-1,1,-1.1,1,-0.7,2,1
S02000689,S02000772,3,0,0,0,-3,-3,-3,3,0,1,2.1,1,1.5,1,-0.7,2,-1.3
S02000689,S02000993,24,0,0,0,-24,-24,-24,24,0,7,6,10,4.3,4,-2.1,14,-3.7
S02000689,S02000994,4,0,0,0,-4,-4,-4,4,0,1,2.5,2,1.8,1,-0.9,2,-1.5
S02000689,S02001000,7,0,5,6,-2,-7,-1,18,11,6,0.6,8,-0.2,3,0.9,10,0.2
S02000689,S02001004,0,0,6,3,6,0,3,9,9,3,-1.7,4,-2,2,3.4,5,1.7
S02000689,S02001010,12,0,4,7,-8,-12,-5,23,11,7,1.8,10,0.7,4,-0.1,13,-0.6
S02000689,S02001013,3,4,5,10,2,1,7,22,19,7,-1.5,9,-0.8,4,0.5,13,0.7
S02000689,S02001014,0,0,5,0,5,0,0,5,5,2,-1.2,2,-1.5,1,4.2,3,1.3
S02000689,S02001015,0,10,5,0,5,10,0,15,15,5,-2.2,6,1.4,3,1.3,9,-1.2
S02000689,S02001185,19,5,7,16,-12,-14,-3,47,28,15,1.1,20,0.9,9,-0.6,27,-0.8
S02000689,S02001187,8,0,0,0,-8,-8,-8,8,0,2,3.5,3,2.5,1,-1.2,5,-2.1
S02000689,S02001188,0,0,0,3,0,0,3,3,3,1,-1,1,-1.1,1,-0.7,2,1
S02000689,S02001192,8,0,0,8,-8,-8,0,16,8,5,1.4,7,0.5,3,-1.7,9,-0.4
S02000689,S02001194,4,0,0,0,-4,-4,-4,4,0,1,2.5,2,1.8,1,-0.9,2,-1.5
S02000690,S02000263,0,0,5,0,5,0,0,5,5,2,-1.2,2,-1.5,1,4.2,3,1.3
S02000690,S02000264,3,0,0,0,-3,-3,-3,3,0,1,2.1,1,1.5,1,-0.7,2,-1.3
S02000690,S02000266,0,0,0,8,0,0,8,8,8,2,-1.6,3,-1.8,1,-1.2,5,1.6
S02000690,S02000269,0,0,0,3,0,0,3,3,3,1,-1,1,-1.1,1,-0.7,2,1
S02000690,S02000276,0,0,0,4,0,0,4,4,4,1,-1.1,2,-1.3,1,-0.9,2,1.1
S02000690,S02000277,0,0,0,3,0,0,3,3,3,1,-1,1,-1.1,1,-0.7,2,1
S02000690,S02000279,0,0,0,5,0,0,5,5,5,2,-1.2,2,-1.5,1,-1,3,1.3
S02000690,S02000281,0,0,4,0,4,0,0,4,4,1,-1.1,2,-1.3,1,3.8,2,1.1
S02000690,S02000285,0,0,0,6,0,0,6,6,6,2,-1.4,3,-1.6,1,-1.1,3,1.4
S02000690,S02000328,0,0,0,3,0,0,3,3,3,1,-1,1,-1.1,1,-0.7,2,1
S02000690,S02000597,0,0,0,5,0,0,5,5,5,2,-1.2,2,-1.5,1,-1,3,1.3
S02000690,S02000602,6,0,0,0,-6,-6,-6,6,0,2,3,3,2.2,1,-1.1,3,-1.9
S02000690,S02000603,0,0,0,4,0,0,4,4,4,1,-1.1,2,-1.3,1,-0.9,2,1.1
S02000690,S02000607,8,0,0,0,-8,-8,-8,8,0,2,3.5,3,2.5,1,-1.2,5,-2.1
S02000690,S02000612,0,0,0,3,0,0,3,3,3,1,-1,1,-1.1,1,-0.7,2,1
S02000690,S02000615,0,0,0,3,0,0,3,3,3,1,-1,1,-1.1,1,-0.7,2,1
S02000690,S02000622,0,0,0,6,0,0,6,6,6,2,-1.4,3,-1.6,1,-1.1,3,1.4
S02000690,S02000625,0,0,0,5,0,0,5,5,5,2,-1.2,2,-1.5,1,-1,3,1.3
S02000690,S02000626,0,0,0,3,0,0,3,3,3,1,-1,1,-1.1,1,-0.7,2,1
S02000690,S02000628,4,0,0,0,-4,-4,-4,4,0,1,2.5,2,1.8,1,-0.9,2,-1.5
S02000690,S02000631,0,0,3,4,3,0,4,7,7,2,-1.5,3,-1.7,1,1.5,4,1.5
S02000690,S02000633,9,3,3,4,-6,-6,-5,19,10,6,1.3,8,1.4,4,-0.3,11,-1.2
S02000690,S02000634,12,0,8,4,-4,-12,-8,24,12,7,1.7,10,0.6,4,1.7,14,-0.5
S02000690,S02000635,6,0,0,3,-6,-6,-3,9,3,3,1.9,4,1.1,2,-1.3,5,-1
S02000690,S02000638,0,0,0,3,0,0,3,3,3,1,-1,1,-1.1,1,-0.7,2,1
S02000690,S02000642,4,0,0,0,-4,-4,-4,4,0,1,2.5,2,1.8,1,-0.9,2,-1.5
S02000690,S02000644,6,0,42,0,36,-6,-6,48,42,15,-2.3,20,-3.2,9,11.1,28,2.7
S02000690,S02000648,0,0,0,3,0,0,3,3,3,1,-1,1,-1.1,1,-0.7,2,1
S02000690,S02000649,0,0,0,4,0,0,4,4,4,1,-1.1,2,-1.3,1,-0.9,2,1.1
S02000690,S02000651,3,3,13,8,10,0,5,27,24,8,-1.9,11,-1.6,5,3.6,16,1.4
S02000690,S02000655,63,12,222,109,159,-51,46,406,343,126,-5.6,173,-7.4,75,16.9,233,6.4
S02000690,S02000656,4,11,3,4,-1,7,0,22,18,7,-1.1,9,1.8,4,-0.5,13,-1.6
S02000690,S02000658,55,3,42,103,-13,-52,48,203,148,63,-1,86,-3,38,0.7,117,2.6
S02000690,S02000659,0,0,5,7,5,0,7,12,12,4,-1.9,5,-2.3,2,1.9,7,1.9
S02000690,S02000660,28,0,0,4,-28,-28,-24,32,4,10,5.7,14,3.9,6,-2.4,18,-3.4
S02000690,S02000661,24,3,24,21,0,-21,-3,72,48,22,0.3,31,-0.7,13,2.9,41,0.6
S02000690,S02000663,0,5,0,0,0,5,0,5,5,2,-1.2,2,2,1,-1,3,-1.7
S02000690,S02000664,35,0,6,14,-29,-35,-21,55,20,17,4.3,23,2.4,10,-1.3,32,-2.1
S02000690,S02000665,6,0,19,11,13,-6,5,36,30,11,-1.6,15,-2.4,7,4.8,21,2
S02000690,S02000666,0,0,0,3,0,0,3,3,3,1,-1,1,-1.1,1,-0.7,2,1
S02000690,S02000668,4,0,0,0,-4,-4,-4,4,0,1,2.5,2,1.8,1,-0.9,2,-1.5
S02000690,S02000669,0,0,4,10,4,0,10,14,14,4,-2.1,6,-2.4,3,0.9,8,2.1
S02000690,S02000670,7,0,0,0,-7,-7,-7,7,0,2,3.3,3,2.3,1,-1.1,4,-2
S02000690,S02000672,9,8,16,187,7,-1,178,220,211,69,-7.2,94,-7.9,41,-3.9,126,6.8
S02000690,S02000673,0,0,0,5,0,0,5,5,5,2,-1.2,2,-1.5,1,-1,3,1.3
S02000690,S02000675,5,0,0,8,-5,-5,3,13,8,4,0.5,6,-0.2,2,-1.6,7,0.2
S02000690,S02000676,3,4,9,9,6,1,6,25,22,8,-1.7,11,-1.1,5,2,14,1
S02000690,S02000677,0,0,0,7,0,0,7,7,7,2,-1.5,3,-1.7,1,-1.1,4,1.5
S02000690,S02000679,0,0,0,7,0,0,7,7,7,2,-1.5,3,-1.7,1,-1.1,4,1.5
S02000690,S02000681,4,5,0,13,-4,1,9,22,18,7,-1.1,9,-0.1,4,-2,13,0.1
S02000690,S02000682,0,0,0,3,0,0,3,3,3,1,-1,1,-1.1,1,-0.7,2,1
S02000690,S02000683,0,0,0,5,0,0,5,5,5,2,-1.2,2,-1.5,1,-1,3,1.3
S02000690,S02000684,3,13,0,3,-3,10,0,19,16,6,-1.2,8,2.8,4,-1.9,11,-2.4
S02000690,S02000685,9,0,3,7,-6,-9,-2,19,10,6,1.3,8,0.3,4,-0.3,11,-0.3
S02000690,S02000686,3,0,0,5,-3,-3,2,8,5,2,0.3,3,-0.2,1,-1.2,5,0.2
S02000690,S02000688,5,0,0,10,-5,-5,5,15,10,5,0.2,6,-0.5,3,-1.7,9,0.5
S02000690,S02000689,70,3,3,30,-67,-67,-40,106,36,33,6.4,45,4.2,20,-3.8,61,-3.6
S02000690,S02000690,15,0,6,20,-9,-15,5,41,26,13,0.6,17,-0.6,8,-0.6,24,0.5
S02000690,S02000691,10,0,0,3,-10,-10,-7,13,3,4,3,6,1.9,2,-1.6,7,-1.6
S02000690,S02000692,4,0,0,4,-4,-4,0,8,4,2,1,3,0.3,1,-1.2,5,-0.3
S02000690,S02000693,5,0,0,3,-5,-5,-2,8,3,2,1.6,3,0.9,1,-1.2,5,-0.7
S02000690,S02000701,0,0,0,4,0,0,4,4,4,1,-1.1,2,-1.3,1,-0.9,2,1.1
S02000690,S02000702,11,3,3,21,-8,-8,10,38,27,12,-0.2,16,-0.5,7,-1.5,22,0.5
S02000690,S02000705,3,0,0,6,-3,-3,3,9,6,3,0.1,4,-0.4,2,-1.3,5,0.4
S02000690,S02000710,0,0,9,4,9,0,4,13,13,4,-2,6,-2.4,2,4.3,7,2
S02000690,S02000711,0,0,0,6,0,0,6,6,6,2,-1.4,3,-1.6,1,-1.1,3,1.4
S02000690,S02000712,7,5,0,4,-7,-2,-3,16,9,5,0.9,7,2,3,-1.7,9,-1.7
S02000690,S02000715,0,0,0,3,0,0,3,3,3,1,-1,1,-1.1,1,-0.7,2,1
S02000690,S02000716,0,0,0,5,0,0,5,5,5,2,-1.2,2,-1.5,1,-1,3,1.3
S02000690,S02000776,3,0,0,0,-3,-3,-3,3,0,1,2.1,1,1.5,1,-0.7,2,-1.3
S02000690,S02000781,0,0,0,3,0,0,3,3,3,1,-1,1,-1.1,1,-0.7,2,1
S02000690,S02000923,0,5,0,0,0,5,0,5,5,2,-1.2,2,2,1,-1,3,-1.7
S02000690,S02000993,10,0,0,0,-10,-10,-10,10,0,3,3.9,4,2.8,2,-1.4,6,-2.4
S02000690,S02001000,4,0,3,5,-1,-4,1,12,8,4,0.1,5,-0.5,2,0.5,7,0.4
S02000690,S02001010,12,0,4,6,-8,-12,-6,22,10,7,2,9,0.9,4,0,13,-0.7
S02000690,S02001011,0,0,0,3,0,0,3,3,3,1,-1,1,-1.1,1,-0.7,2,1
S02000690,S02001013,0,0,0,11,0,0,11,11,11,3,-1.9,5,-2.2,2,-1.4,6,1.9
S02000690,S02001015,0,9,4,3,4,9,3,16,16,5,-2.2,7,0.8,3,0.6,9,-0.7
S02000690,S02001185,19,3,5,16,-14,-16,-3,43,24,13,1.5,18,0.9,8,-1,25,-0.7
S02000690,S02001188,0,0,0,3,0,0,3,3,3,1,-1,1,-1.1,1,-0.7,2,1
S02000690,S02001192,0,0,3,5,3,0,5,8,8,2,-1.6,3,-1.8,1,1.2,5,1.6
S02000690,S02001194,4,0,0,0,-4,-4,-4,4,0,1,2.5,2,1.8,1,-0.9,2,-1.5
S02000690,S02001199,0,0,0,3,0,0,3,3,3,1,-1,1,-1.1,1,-0.7,2,1
S02000691,S02000260,3,5,0,8,-3,2,5,16,13,5,-0.9,7,0.5,3,-1.7,9,-0.4
S02000691,S02000262,0,0,0,5,0,0,5,5,5,2,-1.2,2,-1.5,1,-1,3,1.3
S02000691,S02000264,4,0,0,23,-4,-4,19,27,23,8,-1.5,11,-2.2,5,-2.2,16,1.9
S02000691,S02000265,0,0,0,3,0,0,3,3,3,1,-1,1,-1.1,1,-0.7,2,1
S02000691,S02000270,0,0,7,0,7,0,0,7,7,2,-1.5,3,-1.7,1,5,4,1.5
S02000691,S02000281,3,6,0,3,-3,3,0,12,9,4,-0.4,5,1.7,2,-1.5,7,-1.5
S02000691,S02000585,0,0,0,3,0,0,3,3,3,1,-1,1,-1.1,1,-0.7,2,1
S02000691,S02000599,4,0,0,0,-4,-4,-4,4,0,1,2.5,2,1.8,1,-0.9,2,-1.5
S02000691,S02000607,4,0,0,0,-4,-4,-4,4,0,1,2.5,2,1.8,1,-0.9,2,-1.5
S02000691,S02000608,0,0,0,5,0,0,5,5,5,2,-1.2,2,-1.5,1,-1,3,1.3
S02000691,S02000610,5,0,0,0,-5,-5,-5,5,0,2,2.8,2,2,1,-1,3,-1.7
S02000691,S02000611,3,0,0,0,-3,-3,-3,3,0,1,2.1,1,1.5,1,-0.7,2,-1.3
S02000691,S02000620,0,0,0,5,0,0,5,5,5,2,-1.2,2,-1.5,1,-1,3,1.3
S02000691,S02000628,3,0,0,0,-3,-3,-3,3,0,1,2.1,1,1.5,1,-0.7,2,-1.3
S02000691,S02000632,3,0,0,0,-3,-3,-3,3,0,1,2.1,1,1.5,1,-0.7,2,-1.3
S02000691,S02000633,10,3,0,5,-10,-7,-5,18,8,6,1.9,8,1.9,3,-1.8,10,-1.7
S02000691,S02000634,11,0,0,6,-11,-11,-5,17,6,5,2.5,7,1.4,3,-1.8,10,-1.2
S02000691,S02000635,0,0,3,0,3,0,0,3,3,1,-1,1,-1.1,1,3.3,2,1
S02000691,S02000642,0,0,0,3,0,0,3,3,3,1,-1,1,-1.1,1,-0.7,2,1
S02000691,S02000644,3,0,0,0,-3,-3,-3,3,0,1,2.1,1,1.5,1,-0.7,2,-1.3
S02000691,S02000648,0,3,0,0,0,3,0,3,3,1,-1,1,1.5,1,-0.7,2,-1.3
S02000691,S02000649,3,0,0,3,-3,-3,0,6,3,2,0.8,3,0.3,1,-1.1,3,-0.2
S02000691,S02000651,0,0,3,3,3,0,3,6,6,2,-1.4,3,-1.6,1,1.8,3,1.4
S02000691,S02000655,31,4,52,61,21,-27,30,148,117,46,-2.2,63,-3.5,27,4.7,85,3
S02000691,S02000656,5,5,0,0,-5,0,-5,10,5,3,1.1,4,2.8,2,-1.4,6,-2.4
S02000691,S02000658,66,3,14,49,-52,-63,-17,132,66,41,3.9,56,1.7,24,-2.1,76,-1.5
S02000691,S02000659,0,0,3,0,3,0,0,3,3,1,-1,1,-1.1,1,3.3,2,1
S02000691,S02000660,3,3,0,5,-3,0,2,11,8,3,-0.2,5,0.6,2,-1.4,6,-0.5
S02000691,S02000661,8,0,6,3,-2,-8,-5,17,9,5,1.2,7,0.3,3,1.6,10,-0.2
S02000691,S02000663,3,5,0,4,-3,2,1,12,9,4,-0.4,5,1.3,2,-1.5,7,-1.1
S02000691,S02000664,6,0,0,5,-6,-6,-1,11,5,3,1.4,5,0.6,2,-1.4,6,-0.5
S02000691,S02000666,10,4,0,10,-10,-6,0,24,14,7,0.9,10,1.2,4,-2.1,14,-1
S02000691,S02000667,0,3,0,0,0,3,0,3,3,1,-1,1,1.5,1,-0.7,2,-1.3
S02000691,S02000669,3,0,4,9,1,-3,6,16,13,5,-0.9,7,-1.5,3,0.6,9,1.3
S02000691,S02000670,22,10,4,21,-18,-12,-1,57,35,18,1,24,1.6,11,-2,33,-1.4
S02000691,S02000671,0,3,0,0,0,3,0,3,3,1,-1,1,1.5,1,-0.7,2,-1.3
S02000691,S02000672,3,0,0,16,-3,-3,13,19,16,6,-1.2,8,-1.8,4,-1.9,11,1.5
S02000691,S02000676,19,7,3,28,-16,-12,9,57,38,18,0.3,24,0.4,11,-2.3,33,-0.3
S02000691,S02000680,10,3,0,12,-10,-7,2,25,15,8,0.8,11,0.7,5,-2.2,14,-0.6
S02000691,S02000684,4,5,0,0,-4,1,-4,9,5,3,0.7,4,2.6,2,-1.3,5,-2.3
S02000691,S02000685,0,0,0,9,0,0,9,9,9,3,-1.7,4,-2,2,-1.3,5,1.7
S02000691,S02000687,0,0,0,14,0,0,14,14,14,4,-2.1,6,-2.4,3,-1.6,8,2.1
S02000691,S02000688,3,0,0,4,-3,-3,1,7,4,2,0.6,3,0,1,-1.1,4,0
S02000691,S02000689,12,0,0,0,-12,-12,-12,12,0,4,4.3,5,3.1,2,-1.5,7,-2.6
S02000691,S02000691,66,8,9,45,-57,-58,-21,128,62,40,4.1,54,2.7,24,-3,74,-2.3
S02000691,S02000692,10,0,0,12,-10,-10,2,22,12,7,1.2,9,0.2,4,-2,13,-0.2
S02000691,S02000694,3,0,0,9,-3,-3,6,12,9,4,-0.4,5,-0.9,2,-1.5,7,0.8
S02000691,S02000695,0,0,0,17,0,0,17,17,17,5,-2.3,7,-2.7,3,-1.8,10,2.3
S02000691,S02000697,14,3,0,0,-14,-11,-14,17,3,5,3.8,7,3.6,3,-1.8,10,-3.1
S02000691,S02000701,9,5,0,5,-9,-4,-4,19,10,6,1.3,8,2.1,4,-1.9,11,-1.8
S02000691,S02000702,3,0,0,0,-3,-3,-3,3,0,1,2.1,1,1.5,1,-0.7,2,-1.3
S02000691,S02000713,0,0,0,3,0,0,3,3,3,1,-1,1,-1.1,1,-0.7,2,1
S02000691,S02001007,0,0,3,0,3,0,0,3,3,1,-1,1,-1.1,1,3.3,2,1
S02000691,S02001161,8,0,0,0,-8,-8,-8,8,0,2,3.5,3,2.5,1,-1.2,5,-2.1
S02000691,S02001185,4,0,0,4,-4,-4,0,8,4,2,1,3,0.3,1,-1.2,5,-0.3
S02000692,S02000264,0,0,3,8,3,0,8,11,11,3,-1.9,5,-2.2,2,0.7,6,1.9
S02000692,S02000269,0,0,0,6,0,0,6,6,6,2,-1.4,3,-1.6,1,-1.1,3,1.4
S02000692,S02000270,3,0,10,0,7,-3,-3,13,10,4,-0.5,6,-1.1,2,4.9,7,0.9
S02000692,S02000279,0,0,0,3,0,0,3,3,3,1,-1,1,-1.1,1,-0.7,2,1
S02000692,S02000281,0,4,0,0,0,4,0,4,4,1,-1.1,2,1.8,1,-0.9,2,-1.5
S02000692,S02000602,0,0,0,3,0,0,3,3,3,1,-1,1,-1.1,1,-0.7,2,1
S02000692,S02000611,3,0,0,0,-3,-3,-3,3,0,1,2.1,1,1.5,1,-0.7,2,-1.3
S02000692,S02000620,0,3,0,0,0,3,0,3,3,1,-1,1,1.5,1,-0.7,2,-1.3
S02000692,S02000628,7,0,0,0,-7,-7,-7,7,0,2,3.3,3,2.3,1,-1.1,4,-2
S02000692,S02000629,3,0,0,0,-3,-3,-3,3,0,1,2.1,1,1.5,1,-0.7,2,-1.3
S02000692,S02000633,8,5,0,5,-8,-3,-3,18,10,6,1,8,1.9,3,-1.8,10,-1.7
S02000692,S02000634,13,0,0,8,-13,-13,-5,21,8,7,2.5,9,1.4,4,-2,12,-1.2
S02000692,S02000635,0,3,0,0,0,3,0,3,3,1,-1,1,1.5,1,-0.7,2,-1.3
S02000692,S02000637,3,0,0,0,-3,-3,-3,3,0,1,2.1,1,1.5,1,-0.7,2,-1.3
S02000692,S02000642,0,3,0,0,0,3,0,3,3,1,-1,1,1.5,1,-0.7,2,-1.3
S02000692,S02000646,0,0,3,0,3,0,0,3,3,1,-1,1,-1.1,1,3.3,2,1
S02000692,S02000649,0,0,0,3,0,0,3,3,3,1,-1,1,-1.1,1,-0.7,2,1
S02000692,S02000651,0,0,8,3,8,0,3,11,11,3,-1.9,5,-2.2,2,4.2,6,1.9
S02000692,S02000655,28,11,85,69,57,-17,41,193,165,60,-4.1,82,-4.8,36,8.2,111,4.1
S02000692,S02000656,0,5,0,0,0,5,0,5,5,2,-1.2,2,2,1,-1,3,-1.7
S02000692,S02000658,65,4,19,77,-46,-61,12,165,100,51,1.9,70,-0.1,31,-2.1,95,0.1
S02000692,S02000659,0,0,0,4,0,0,4,4,4,1,-1.1,2,-1.3,1,-0.9,2,1.1
S02000692,S02000660,6,0,0,4,-6,-6,-2,10,4,3,1.6,4,0.8,2,-1.4,6,-0.7
S02000692,S02000661,13,0,6,12,-7,-13,-1,31,18,10,1.1,13,-0.1,6,0.1,18,0
S02000692,S02000664,14,0,3,8,-11,-14,-6,25,11,8,2.2,11,1,5,-0.8,14,-0.9
S02000692,S02000665,0,0,4,8,4,0,8,12,12,4,-1.9,5,-2.3,2,1.2,7,1.9
S02000692,S02000666,7,0,0,9,-7,-7,2,16,9,5,0.9,7,0.1,3,-1.7,9,-0.1
S02000692,S02000669,7,4,7,14,0,-3,7,32,25,10,-0.9,14,-0.7,6,0.4,18,0.6
S02000692,S02000670,14,13,5,9,-9,-1,-5,41,27,13,0.3,17,2.3,8,-0.9,24,-2
S02000692,S02000672,4,0,3,16,-1,-4,12,23,19,7,-1.2,10,-1.8,4,-0.6,13,1.6
S02000692,S02000673,3,0,0,0,-3,-3,-3,3,0,1,2.1,1,1.5,1,-0.7,2,-1.3
S02000692,S02000675,8,0,0,10,-8,-8,2,18,10,6,1,8,0.1,3,-1.8,10,-0.1
S02000692,S02000676,31,5,5,19,-26,-26,-12,60,29,19,2.8,26,2.1,11,-1.8,34,-1.8
S02000692,S02000680,4,0,0,7,-4,-4,3,11,7,3,0.3,5,-0.3,2,-1.4,6,0.3
S02000692,S02000681,3,0,0,9,-3,-3,6,12,9,4,-0.4,5,-0.9,2,-1.5,7,0.8
S02000692,S02000683,0,0,0,3,0,0,3,3,3,1,-1,1,-1.1,1,-0.7,2,1
S02000692,S02000684,9,3,0,0,-9,-6,-9,12,3,4,2.7,5,3.1,2,-1.5,7,-2.6
S02000692,S02000685,12,3,3,9,-9,-9,-3,27,15,8,1.2,11,1,5,-0.9,16,-0.9
S02000692,S02000688,19,8,3,17,-16,-11,-2,47,28,15,1.1,20,1.6,9,-1.9,27,-1.3
S02000692,S02000689,16,3,0,0,-16,-13,-16,19,3,6,4.1,8,3.8,4,-1.9,11,-3.3
S02000692,S02000690,0,0,0,3,0,0,3,3,3,1,-1,1,-1.1,1,-0.7,2,1
S02000692,S02000691,28,0,3,10,-25,-28,-18,41,13,13,4.3,17,2.5,8,-1.7,24,-2.2
S02000692,S02000692,30,6,5,22,-25,-24,-8,63,33,20,2.3,27,1.8,12,-1.9,36,-1.5
S02000692,S02000693,10,0,0,8,-10,-10,-2,18,8,6,1.9,8,0.8,3,-1.8,10,-0.7
S02000692,S02000700,5,3,0,0,-5,-2,-5,8,3,2,1.6,3,2.5,1,-1.2,5,-2.1
S02000692,S02000701,4,9,3,12,-1,5,8,28,24,9,-1.6,12,0.3,5,-1,16,-0.3
S02000692,S02000702,7,0,0,0,-7,-7,-7,7,0,2,3.3,3,2.3,1,-1.1,4,-2
S02000692,S02000708,6,0,0,8,-6,-6,2,14,8,4,0.8,6,0,3,-1.6,8,0
S02000692,S02000710,3,0,3,7,0,-3,4,13,10,4,-0.5,6,-1.1,2,0.4,7,0.9
S02000692,S02000712,0,4,0,0,0,4,0,4,4,1,-1.1,2,1.8,1,-0.9,2,-1.5
S02000692,S02000923,0,0,5,0,5,0,0,5,5,2,-1.2,2,-1.5,1,4.2,3,1.3
S02000692,S02001013,0,9,0,6,0,9,6,15,15,5,-2.2,6,1,3,-1.7,9,-0.9
S02000692,S02001014,0,4,0,0,0,4,0,4,4,1,-1.1,2,1.8,1,-0.9,2,-1.5
S02000692,S02001015,0,4,0,0,0,4,0,4,4,1,-1.1,2,1.8,1,-0.9,2,-1.5
S02000692,S02001157,0,0,0,3,0,0,3,3,3,1,-1,1,-1.1,1,-0.7,2,1
S02000692,S02001162,0,0,0,7,0,0,7,7,7,2,-1.5,3,-1.7,1,-1.1,4,1.5
S02000692,S02001185,7,0,3,0,-4,-7,-7,10,3,3,2.2,4,1.3,2,0.8,6,-1.1
S02000693,S02000263,4,0,0,0,-4,-4,-4,4,0,1,2.5,2,1.8,1,-0.9,2,-1.5
S02000693,S02000264,0,0,0,4,0,0,4,4,4,1,-1.1,2,-1.3,1,-0.9,2,1.1
S02000693,S02000266,0,3,0,0,0,3,0,3,3,1,-1,1,1.5,1,-0.7,2,-1.3
S02000693,S02000611,0,3,0,0,0,3,0,3,3,1,-1,1,1.5,1,-0.7,2,-1.3
S02000693,S02000627,0,0,0,4,0,0,4,4,4,1,-1.1,2,-1.3,1,-0.9,2,1.1
S02000693,S02000633,3,0,0,0,-3,-3,-3,3,0,1,2.1,1,1.5,1,-0.7,2,-1.3
S02000693,S02000644,3,0,4,0,1,-3,-3,7,4,2,0.6,3,0,1,2.4,4,0
S02000693,S02000651,5,3,3,0,-2,-2,-5,11,6,3,0.9,5,1.5,2,0.7,6,-1.3
S02000693,S02000655,20,8,63,59,43,-12,39,150,130,47,-3.9,64,-4.5,28,6.7,86,3.9
S02000693,S02000658,17,3,10,37,-7,-14,20,67,50,21,-0.8,28,-1.6,12,-0.7,39,1.4
S02000693,S02000660,6,0,0,0,-6,-6,-6,6,0,2,3,3,2.2,1,-1.1,3,-1.9
S02000693,S02000661,15,0,0,14,-15,-15,-1,29,14,9,2,12,0.8,5,-2.3,17,-0.7
S02000693,S02000664,7,3,0,4,-7,-4,-3,14,7,4,1.3,6,1.7,3,-1.6,8,-1.4
S02000693,S02000665,0,0,3,0,3,0,0,3,3,1,-1,1,-1.1,1,3.3,2,1
S02000693,S02000668,3,0,0,3,-3,-3,0,6,3,2,0.8,3,0.3,1,-1.1,3,-0.2
S02000693,S02000669,0,0,5,29,5,0,29,34,34,11,-3.3,14,-3.8,6,-0.5,20,3.3
S02000693,S02000670,5,0,0,3,-5,-5,-2,8,3,2,1.6,3,0.9,1,-1.2,5,-0.7
S02000693,S02000672,0,0,7,24,7,0,24,31,31,10,-3.1,13,-3.6,6,0.5,18,3.1
S02000693,S02000675,6,0,0,8,-6,-6,2,14,8,4,0.8,6,0,3,-1.6,8,0
S02000693,S02000676,3,0,0,0,-3,-3,-3,3,0,1,2.1,1,1.5,1,-0.7,2,-1.3
S02000693,S02000680,0,0,0,3,0,0,3,3,3,1,-1,1,-1.1,1,-0.7,2,1
S02000693,S02000681,0,0,0,9,0,0,9,9,9,3,-1.7,4,-2,2,-1.3,5,1.7
S02000693,S02000684,4,0,0,0,-4,-4,-4,4,0,1,2.5,2,1.8,1,-0.9,2,-1.5
S02000693,S02000685,0,0,0,6,0,0,6,6,6,2,-1.4,3,-1.6,1,-1.1,3,1.4
S02000693,S02000688,11,3,0,26,-11,-8,15,40,29,12,-0.4,17,-0.7,7,-2.7,23,0.6
S02000693,S02000689,17,0,0,12,-17,-17,-5,29,12,9,2.7,12,1.3,5,-2.3,17,-1.1
S02000693,S02000690,5,0,4,5,-1,-5,0,14,9,4,0.3,6,-0.4,3,0.9,8,0.3
S02000693,S02000691,10,0,0,0,-10,-10,-10,10,0,3,3.9,4,2.8,2,-1.4,6,-2.4
S02000693,S02000692,8,0,0,3,-8,-8,-5,11,3,3,2.5,5,1.5,2,-1.4,6,-1.3
S02000693,S02000693,6,5,0,12,-6,-1,6,23,17,7,-0.4,10,0.4,4,-2.1,13,-0.3
S02000693,S02000696,3,0,0,0,-3,-3,-3,3,0,1,2.1,1,1.5,1,-0.7,2,-1.3
S02000693,S02000700,0,0,0,3,0,0,3,3,3,1,-1,1,-1.1,1,-0.7,2,1
S02000693,S02000701,0,7,0,0,0,7,0,7,7,2,-1.5,3,2.3,1,-1.1,4,-2
S02000693,S02000702,8,0,0,5,-8,-8,-3,13,5,4,2,6,1.1,2,-1.6,7,-0.9
S02000693,S02000710,8,0,6,13,-2,-8,5,27,19,8,-0.1,11,-1,5,0.4,16,0.9
S02000693,S02001013,0,3,0,0,0,3,0,3,3,1,-1,1,1.5,1,-0.7,2,-1.3
S02000693,S02001185,6,0,0,4,-6,-6,-2,10,4,3,1.6,4,0.8,2,-1.4,6,-0.7
S02000694,S02000260,5,8,0,0,-5,3,-5,13,8,4,0.5,6,3.2,2,-1.6,7,-2.7
S02000694,S02000264,3,0,0,24,-3,-3,21,27,24,8,-1.9,11,-2.5,5,-2.2,16,2.2
S02000694,S02000270,0,4,11,0,11,4,0,15,15,5,-2.2,6,-0.9,3,4.9,9,0.8
S02000694,S02000275,4,0,0,0,-4,-4,-4,4,0,1,2.5,2,1.8,1,-0.9,2,-1.5
S02000694,S02000276,3,0,0,0,-3,-3,-3,3,0,1,2.1,1,1.5,1,-0.7,2,-1.3
S02000694,S02000281,0,0,0,4,0,0,4,4,4,1,-1.1,2,-1.3,1,-0.9,2,1.1
S02000694,S02000324,3,0,0,0,-3,-3,-3,3,0,1,2.1,1,1.5,1,-0.7,2,-1.3
S02000694,S02000599,0,3,0,0,0,3,0,3,3,1,-1,1,1.5,1,-0.7,2,-1.3
S02000694,S02000607,4,0,0,0,-4,-4,-4,4,0,1,2.5,2,1.8,1,-0.9,2,-1.5
S02000694,S02000610,0,0,0,6,0,0,6,6,6,2,-1.4,3,-1.6,1,-1.1,3,1.4
S02000694,S02000611,3,0,0,5,-3,-3,2,8,5,2,0.3,3,-0.2,1,-1.2,5,0.2
S02000694,S02000622,4,0,0,0,-4,-4,-4,4,0,1,2.5,2,1.8,1,-0.9,2,-1.5
S02000694,S02000628,0,0,0,3,0,0,3,3,3,1,-1,1,-1.1,1,-0.7,2,1
S02000694,S02000632,5,4,0,5,-5,-1,0,14,9,4,0.3,6,1.2,3,-1.6,8,-1.1
S02000694,S02000633,0,5,0,7,0,5,7,12,12,4,-1.9,5,0,2,-1.5,7,0
S02000694,S02000634,11,0,0,3,-11,-11,-8,14,3,4,3.2,6,2.1,3,-1.6,8,-1.8
S02000694,S02000635,7,0,0,0,-7,-7,-7,7,0,2,3.3,3,2.3,1,-1.1,4,-2
S02000694,S02000642,0,0,0,4,0,0,4,4,4,1,-1.1,2,-1.3,1,-0.9,2,1.1
S02000694,S02000648,0,0,0,5,0,0,5,5,5,2,-1.2,2,-1.5,1,-1,3,1.3
S02000694,S02000655,45,9,67,54,22,-36,9,175,130,55,-1.3,74,-2.4,32,6.1,101,2
S02000694,S02000656,0,3,5,0,5,3,0,8,8,2,-1.6,3,-0.2,1,2.9,5,0.2
S02000694,S02000657,3,0,0,0,-3,-3,-3,3,0,1,2.1,1,1.5,1,-0.7,2,-1.3
S02000694,S02000658,58,10,21,57,-37,-48,-1,146,88,45,1.9,62,0.7,27,-1.2,84,-0.6
S02000694,S02000659,4,0,5,4,1,-4,0,13,9,4,0,6,-0.7,2,1.7,7,0.6
S02000694,S02000660,5,0,0,0,-5,-5,-5,5,0,2,2.8,2,2,1,-1,3,-1.7
S02000694,S02000661,5,4,6,8,1,-1,3,23,18,7,-0.8,10,-0.3,4,0.8,13,0.2
S02000694,S02000664,10,0,0,3,-10,-10,-7,13,3,4,3,6,1.9,2,-1.6,7,-1.6
S02000694,S02000665,3,0,0,0,-3,-3,-3,3,0,1,2.1,1,1.5,1,-0.7,2,-1.3
S02000694,S02000666,8,0,0,5,-8,-8,-3,13,5,4,2,6,1.1,2,-1.6,7,-0.9
S02000694,S02000669,0,0,7,5,7,0,5,12,12,4,-1.9,5,-2.3,2,3.2,7,1.9
S02000694,S02000670,16,7,4,11,-12,-9,-5,38,22,12,1.2,16,1.7,7,-1.1,22,-1.5
S02000694,S02000672,0,0,0,10,0,0,10,10,10,3,-1.8,4,-2.1,2,-1.4,6,1.8
S02000694,S02000674,0,0,0,3,0,0,3,3,3,1,-1,1,-1.1,1,-0.7,2,1
S02000694,S02000675,0,0,0,4,0,0,4,4,4,1,-1.1,2,-1.3,1,-0.9,2,1.1
S02000694,S02000676,16,9,7,20,-9,-7,4,52,36,16,0,22,0.6,10,-0.8,30,-0.5
S02000694,S02000680,0,0,0,9,0,0,9,9,9,3,-1.7,4,-2,2,-1.3,5,1.7
S02000694,S02000681,0,0,0,6,0,0,6,6,6,2,-1.4,3,-1.6,1,-1.1,3,1.4
S02000694,S02000684,0,4,0,0,0,4,0,4,4,1,-1.1,2,1.8,1,-0.9,2,-1.5
S02000694,S02000685,0,0,0,10,0,0,10,10,10,3,-1.8,4,-2.1,2,-1.4,6,1.8
S02000694,S02000687,4,0,0,4,-4,-4,0,8,4,2,1,3,0.3,1,-1.2,5,-0.3
S02000694,S02000689,11,0,0,0,-11,-11,-11,11,0,3,4.1,5,2.9,2,-1.4,6,-2.5
S02000694,S02000691,50,7,8,18,-42,-43,-32,83,33,26,4.7,35,3.7,15,-1.9,48,-3.1
S02000694,S02000692,10,0,3,13,-7,-10,3,26,16,8,0.7,11,-0.3,5,-0.8,15,0.3
S02000694,S02000693,6,0,0,0,-6,-6,-6,6,0,2,3,3,2.2,1,-1.1,3,-1.9
S02000694,S02000694,5,5,8,19,3,0,14,37,32,12,-1.9,16,-1.4,7,0.4,21,1.2
S02000694,S02000695,0,0,0,10,0,0,10,10,10,3,-1.8,4,-2.1,2,-1.4,6,1.8
S02000694,S02000697,4,0,0,0,-4,-4,-4,4,0,1,2.5,2,1.8,1,-0.9,2,-1.5
S02000694,S02000701,3,0,0,7,-3,-3,4,10,7,3,-0.1,4,-0.6,2,-1.4,6,0.5
S02000694,S02000702,4,0,0,0,-4,-4,-4,4,0,1,2.5,2,1.8,1,-0.9,2,-1.5
S02000694,S02000708,0,0,0,4,0,0,4,4,4,1,-1.1,2,-1.3,1,-0.9,2,1.1
S02000694,S02001010,0,3,0,0,0,3,0,3,3,1,-1,1,1.5,1,-0.7,2,-1.3
S02000694,S02001013,3,4,4,3,1,1,0,14,11,4,-0.7,6,0.4,3,0.9,8,-0.4
S02000694,S02001015,0,0,5,3,5,0,3,8,8,2,-1.6,3,-1.8,1,2.9,5,1.6
S02000694,S02001157,0,4,0,0,0,4,0,4,4,1,-1.1,2,1.8,1,-0.9,2,-1.5
S02000694,S02001161,0,5,0,3,0,5,3,8,8,2,-1.6,3,0.9,1,-1.2,5,-0.7
S02000694,S02001162,0,3,0,3,0,3,3,6,6,2,-1.4,3,0.3,1,-1.1,3,-0.2
S02000694,S02001185,5,0,0,3,-5,-5,-2,8,3,2,1.6,3,0.9,1,-1.2,5,-0.7
S02000695,S02000260,4,6,0,9,-4,2,5,19,15,6,-0.8,8,0.7,4,-1.9,11,-0.6
S02000695,S02000262,3,0,0,8,-3,-3,5,11,8,3,-0.2,5,-0.8,2,-1.4,6,0.7
S02000695,S02000264,8,0,0,32,-8,-8,24,40,32,12,-1.3,17,-2.2,7,-2.7,23,1.9
S02000695,S02000268,4,0,0,7,-4,-4,3,11,7,3,0.3,5,-0.3,2,-1.4,6,0.3
S02000695,S02000270,0,0,27,9,27,0,9,36,36,11,-3.3,15,-3.9,7,7.9,21,3.4
S02000695,S02000273,0,0,0,3,0,0,3,3,3,1,-1,1,-1.1,1,-0.7,2,1
S02000695,S02000275,3,0,3,3,0,-3,0,9,6,3,0.1,4,-0.4,2,1,5,0.4
S02000695,S02000276,0,0,0,4,0,0,4,4,4,1,-1.1,2,-1.3,1,-0.9,2,1.1
S02000695,S02000277,0,0,0,5,0,0,5,5,5,2,-1.2,2,-1.5,1,-1,3,1.3
S02000695,S02000281,9,12,0,12,-9,3,3,33,24,10,-0.4,14,1.9,6,-2.5,19,-1.6
S02000695,S02000287,0,0,0,4,0,0,4,4,4,1,-1.1,2,-1.3,1,-0.9,2,1.1
S02000695,S02000324,0,0,0,6,0,0,6,6,6,2,-1.4,3,-1.6,1,-1.1,3,1.4
S02000695,S02000597,0,0,4,5,4,0,5,9,9,3,-1.7,4,-2,2,1.8,5,1.7
S02000695,S02000599,4,3,0,0,-4,-1,-4,7,3,2,1.2,3,2.3,1,-1.1,4,-2
S02000695,S02000603,4,0,0,5,-4,-4,1,9,5,3,0.7,4,0.1,2,-1.3,5,-0.1
S02000695,S02000607,7,0,0,0,-7,-7,-7,7,0,2,3.3,3,2.3,1,-1.1,4,-2
S02000695,S02000608,3,0,0,0,-3,-3,-3,3,0,1,2.1,1,1.5,1,-0.7,2,-1.3
S02000695,S02000610,4,0,0,0,-4,-4,-4,4,0,1,2.5,2,1.8,1,-0.9,2,-1.5
S02000695,S02000611,0,5,0,0,0,5,0,5,5,2,-1.2,2,2,1,-1,3,-1.7
S02000695,S02000613,0,0,0,6,0,0,6,6,6,2,-1.4,3,-1.6,1,-1.1,3,1.4
S02000695,S02000614,0,0,0,3,0,0,3,3,3,1,-1,1,-1.1,1,-0.7,2,1
S02000695,S02000615,0,0,0,3,0,0,3,3,3,1,-1,1,-1.1,1,-0.7,2,1
S02000695,S02000616,0,0,3,0,3,0,0,3,3,1,-1,1,-1.1,1,3.3,2,1
S02000695,S02000620,0,3,0,4,0,3,4,7,7,2,-1.5,3,0,1,-1.1,4,0
S02000695,S02000628,5,4,0,4,-5,-1,-1,13,8,4,0.5,6,1.5,2,-1.6,7,-1.3
S02000695,S02000629,7,0,0,3,-7,-7,-4,10,3,3,2.2,4,1.3,2,-1.4,6,-1.1
S02000695,S02000631,0,3,4,4,4,3,4,11,11,3,-1.9,5,-0.8,2,1.4,6,0.7
S02000695,S02000632,4,0,3,0,-1,-4,-4,7,3,2,1.2,3,0.6,1,1.5,4,-0.5
S02000695,S02000633,22,12,3,22,-19,-10,0,59,37,18,0.8,25,1.8,11,-2.4,34,-1.5
S02000695,S02000634,18,0,3,10,-15,-18,-8,31,13,10,2.7,13,1.3,6,-1.1,18,-1.1
S02000695,S02000635,10,0,0,3,-10,-10,-7,13,3,4,3,6,1.9,2,-1.6,7,-1.6
S02000695,S02000640,0,0,0,5,0,0,5,5,5,2,-1.2,2,-1.5,1,-1,3,1.3
S02000695,S02000642,5,0,0,0,-5,-5,-5,5,0,2,2.8,2,2,1,-1,3,-1.7
S02000695,S02000643,4,0,3,0,-1,-4,-4,7,3,2,1.2,3,0.6,1,1.5,4,-0.5
S02000695,S02000644,4,3,3,5,-1,-1,1,15,11,5,-0.3,6,0.2,3,0.1,9,-0.2
S02000695,S02000646,3,0,0,4,-3,-3,1,7,4,2,0.6,3,0,1,-1.1,4,0
S02000695,S02000647,4,0,0,4,-4,-4,0,8,4,2,1,3,0.3,1,-1.2,5,-0.3
S02000695,S02000648,0,3,0,6,0,3,6,9,9,3,-1.7,4,-0.4,2,-1.3,5,0.4
S02000695,S02000649,0,0,0,5,0,0,5,5,5,2,-1.2,2,-1.5,1,-1,3,1.3
S02000695,S02000650,4,0,0,0,-4,-4,-4,4,0,1,2.5,2,1.8,1,-0.9,2,-1.5
S02000695,S02000651,0,0,8,3,8,0,3,11,11,3,-1.9,5,-2.2,2,4.2,6,1.9
S02000695,S02000652,0,0,0,3,0,0,3,3,3,1,-1,1,-1.1,1,-0.7,2,1
S02000695,S02000654,4,0,0,0,-4,-4,-4,4,0,1,2.5,2,1.8,1,-0.9,2,-1.5
S02000695,S02000655,71,16,188,82,117,-55,11,357,286,111,-3.8,152,-5.3,66,15,205,4.5
S02000695,S02000656,7,9,0,4,-7,2,-3,20,13,6,0.3,9,2.6,4,-1.9,11,-2.2
S02000695,S02000658,126,16,31,103,-95,-110,-23,276,150,86,4.3,117,2.3,51,-2.8,159,-2
S02000695,S02000659,4,5,5,12,1,1,8,26,22,8,-1.4,11,-0.6,5,0.1,15,0.5
S02000695,S02000660,21,5,7,4,-14,-16,-17,37,16,12,2.8,16,2.6,7,0.1,21,-2.2
S02000695,S02000661,20,3,7,7,-13,-17,-13,37,17,12,2.5,16,1.8,7,0.1,21,-1.6
S02000695,S02000662,5,0,0,0,-5,-5,-5,5,0,2,2.8,2,2,1,-1,3,-1.7
S02000695,S02000663,6,8,3,18,-3,2,12,35,29,11,-1.5,15,-0.2,6,-1.4,20,0.2
S02000695,S02000664,16,0,3,3,-13,-16,-13,22,6,7,3.5,9,2.2,4,-0.5,13,-1.9
S02000695,S02000665,4,4,3,7,-1,0,3,18,14,6,-0.7,8,0.1,3,-0.2,10,-0.1
S02000695,S02000666,6,0,0,25,-6,-6,19,31,25,10,-1.2,13,-2,6,-2.4,18,1.7
S02000695,S02000667,7,4,0,9,-7,-3,2,20,13,6,0.3,9,0.9,4,-1.9,11,-0.7
S02000695,S02000668,5,0,0,5,-5,-5,0,10,5,3,1.1,4,0.4,2,-1.4,6,-0.3
S02000695,S02000669,3,0,0,5,-3,-3,2,8,5,2,0.3,3,-0.2,1,-1.2,5,0.2
S02000695,S02000670,21,22,0,16,-21,1,-5,59,38,18,0.6,25,3.6,11,-3.3,34,-3.1
S02000695,S02000672,0,3,0,36,0,3,36,39,39,12,-3.5,17,-3.3,7,-2.7,22,2.9
S02000695,S02000673,3,0,0,0,-3,-3,-3,3,0,1,2.1,1,1.5,1,-0.7,2,-1.3
S02000695,S02000674,7,0,0,9,-7,-7,2,16,9,5,0.9,7,0.1,3,-1.7,9,-0.1
S02000695,S02000675,0,0,0,5,0,0,5,5,5,2,-1.2,2,-1.5,1,-1,3,1.3
S02000695,S02000676,15,10,6,18,-9,-5,3,49,34,15,-0.1,21,0.9,9,-1,28,-0.8
S02000695,S02000678,0,0,0,5,0,0,5,5,5,2,-1.2,2,-1.5,1,-1,3,1.3
S02000695,S02000680,5,0,0,8,-5,-5,3,13,8,4,0.5,6,-0.2,2,-1.6,7,0.2
S02000695,S02000684,0,8,0,3,0,8,3,11,11,3,-1.9,5,1.5,2,-1.4,6,-1.3
S02000695,S02000685,0,3,0,0,0,3,0,3,3,1,-1,1,1.5,1,-0.7,2,-1.3
S02000695,S02000687,0,3,0,15,0,3,15,18,18,6,-2.4,8,-1.7,3,-1.8,10,1.4
S02000695,S02000688,3,0,0,4,-3,-3,1,7,4,2,0.6,3,0,1,-1.1,4,0
S02000695,S02000689,17,0,0,5,-17,-17,-12,22,5,7,3.9,9,2.5,4,-2,13,-2.1
S02000695,S02000690,4,0,0,0,-4,-4,-4,4,0,1,2.5,2,1.8,1,-0.9,2,-1.5
S02000695,S02000691,56,8,4,11,-52,-48,-45,79,23,25,6.3,34,5.2,15,-2.8,45,-4.5
S02000695,S02000692,4,0,0,11,-4,-4,7,15,11,5,-0.3,6,-0.9,3,-1.7,9,0.8
S02000695,S02000693,4,0,0,0,-4,-4,-4,4,0,1,2.5,2,1.8,1,-0.9,2,-1.5
S02000695,S02000694,6,0,0,6,-6,-6,0,12,6,4,1.2,5,0.4,2,-1.5,7,-0.3
S02000695,S02000695,5,0,5,48,0,-5,43,58,53,18,-3.1,25,-4,11,-1.7,33,3.4
S02000695,S02000697,8,0,0,4,-8,-8,-4,12,4,4,2.2,5,1.3,2,-1.5,7,-1.1
S02000695,S02000699,0,0,0,3,0,0,3,3,3,1,-1,1,-1.1,1,-0.7,2,1
S02000695,S02000701,7,8,0,4,-7,1,-3,19,12,6,0.4,8,2.4,4,-1.9,11,-2.1
S02000695,S02000702,5,0,0,0,-5,-5,-5,5,0,2,2.8,2,2,1,-1,3,-1.7
S02000695,S02000710,0,0,0,5,0,0,5,5,5,2,-1.2,2,-1.5,1,-1,3,1.3
S02000695,S02000716,4,0,0,0,-4,-4,-4,4,0,1,2.5,2,1.8,1,-0.9,2,-1.5
S02000695,S02000923,4,14,0,8,-4,10,4,26,22,8,-1.4,11,2.1,5,-2.2,15,-1.8
S02000695,S02000925,0,0,0,6,0,0,6,6,6,2,-1.4,3,-1.6,1,-1.1,3,1.4
S02000695,S02001000,3,0,0,11,-3,-3,8,14,11,4,-0.7,6,-1.2,3,-1.6,8,1
S02000695,S02001010,13,3,0,0,-13,-10,-13,16,3,5,3.6,7,3.5,3,-1.7,9,-3
S02000695,S02001013,0,19,4,13,4,19,13,36,36,11,-3.3,15,0.9,7,-1,21,-0.8
S02000695,S02001015,0,4,0,0,0,4,0,4,4,1,-1.1,2,1.8,1,-0.9,2,-1.5
S02000695,S02001160,0,0,0,6,0,0,6,6,6,2,-1.4,3,-1.6,1,-1.1,3,1.4
S02000695,S02001161,0,0,0,3,0,0,3,3,3,1,-1,1,-1.1,1,-0.7,2,1
S02000695,S02001162,4,0,0,4,-4,-4,0,8,4,2,1,3,0.3,1,-1.2,5,-0.3
S02000695,S02001185,10,0,0,7,-10,-10,-3,17,7,5,2,7,1,3,-1.8,10,-0.9
S02000696,S02000263,0,0,3,0,3,0,0,3,3,1,-1,1,-1.1,1,3.3,2,1
S02000696,S02000270,0,0,3,0,3,0,0,3,3,1,-1,1,-1.1,1,3.3,2,1
S02000696,S02000272,0,0,3,4,3,0,4,7,7,2,-1.5,3,-1.7,1,1.5,4,1.5
S02000696,S02000276,3,0,0,0,-3,-3,-3,3,0,1,2.1,1,1.5,1,-0.7,2,-1.3
S02000696,S02000277,0,0,0,3,0,0,3,3,3,1,-1,1,-1.1,1,-0.7,2,1
S02000696,S02000279,3,0,0,3,-3,-3,0,6,3,2,0.8,3,0.3,1,-1.1,3,-0.2
S02000696,S02000281,3,0,3,0,0,-3,-3,6,3,2,0.8,3,0.3,1,1.8,3,-0.2
S02000696,S02000287,3,0,0,0,-3,-3,-3,3,0,1,2.1,1,1.5,1,-0.7,2,-1.3
S02000696,S02000607,7,0,0,0,-7,-7,-7,7,0,2,3.3,3,2.3,1,-1.1,4,-2
S02000696,S02000611,3,4,0,0,-3,1,-3,7,4,2,0.6,3,2.3,1,-1.1,4,-2
S02000696,S02000613,0,3,0,0,0,3,0,3,3,1,-1,1,1.5,1,-0.7,2,-1.3
S02000696,S02000618,3,0,0,0,-3,-3,-3,3,0,1,2.1,1,1.5,1,-0.7,2,-1.3
S02000696,S02000622,0,5,0,0,0,5,0,5,5,2,-1.2,2,2,1,-1,3,-1.7
S02000696,S02000624,3,0,0,0,-3,-3,-3,3,0,1,2.1,1,1.5,1,-0.7,2,-1.3
S02000696,S02000625,0,0,0,8,0,0,8,8,8,2,-1.6,3,-1.8,1,-1.2,5,1.6
S02000696,S02000628,0,3,0,0,0,3,0,3,3,1,-1,1,1.5,1,-0.7,2,-1.3
S02000696,S02000631,0,0,4,0,4,0,0,4,4,1,-1.1,2,-1.3,1,3.8,2,1.1
S02000696,S02000632,3,0,0,0,-3,-3,-3,3,0,1,2.1,1,1.5,1,-0.7,2,-1.3
S02000696,S02000633,0,6,0,7,0,6,7,13,13,4,-2,6,0.2,2,-1.6,7,-0.2
S02000696,S02000634,14,0,0,7,-14,-14,-7,21,7,7,2.9,9,1.7,4,-2,12,-1.5
S02000696,S02000635,5,4,0,6,-5,-1,1,15,10,5,0.2,6,1,3,-1.7,9,-0.9
S02000696,S02000644,5,3,10,3,5,-2,-2,21,16,7,-0.6,9,-0.3,4,3.1,12,0.3
S02000696,S02000647,3,0,0,0,-3,-3,-3,3,0,1,2.1,1,1.5,1,-0.7,2,-1.3
S02000696,S02000649,7,0,0,4,-7,-7,-3,11,4,3,1.9,5,1.1,2,-1.4,6,-0.9
S02000696,S02000651,4,0,16,10,12,-4,6,30,26,9,-1.7,13,-2.5,6,4.4,17,2.1
S02000696,S02000655,54,10,117,42,63,-44,-12,223,169,69,-1.9,95,-3.2,41,11.8,128,2.7
S02000696,S02000656,3,17,3,6,0,14,3,29,26,9,-2,12,2.2,5,-1,17,-1.9
S02000696,S02000658,28,5,14,24,-14,-23,-4,71,43,22,1.3,30,0.5,13,0.2,41,-0.4
S02000696,S02000659,0,0,0,4,0,0,4,4,4,1,-1.1,2,-1.3,1,-0.9,2,1.1
S02000696,S02000660,14,0,0,3,-14,-14,-11,17,3,5,3.8,7,2.5,3,-1.8,10,-2.2
S02000696,S02000661,22,7,12,19,-10,-15,-3,60,38,19,0.8,26,0.7,11,0.3,34,-0.6
S02000696,S02000663,0,0,4,0,4,0,0,4,4,1,-1.1,2,-1.3,1,3.8,2,1.1
S02000696,S02000664,27,4,3,12,-24,-23,-15,46,19,14,3.3,20,2.6,9,-1.9,26,-2.2
S02000696,S02000665,5,0,8,4,3,-5,-1,17,12,5,-0.1,7,-0.8,3,2.7,10,0.7
S02000696,S02000666,0,0,0,3,0,0,3,3,3,1,-1,1,-1.1,1,-0.7,2,1
S02000696,S02000668,3,0,0,7,-3,-3,4,10,7,3,-0.1,4,-0.6,2,-1.4,6,0.5
S02000696,S02000669,0,0,3,3,3,0,3,6,6,2,-1.4,3,-1.6,1,1.8,3,1.4
S02000696,S02000670,0,6,0,0,0,6,0,6,6,2,-1.4,3,2.2,1,-1.1,3,-1.9
S02000696,S02000671,0,0,0,5,0,0,5,5,5,2,-1.2,2,-1.5,1,-1,3,1.3
S02000696,S02000672,0,0,0,30,0,0,30,30,30,9,-3.1,13,-3.6,6,-2.4,17,3.1
S02000696,S02000673,8,3,0,8,-8,-5,0,19,11,6,0.9,8,1,4,-1.9,11,-0.9
S02000696,S02000675,0,0,3,4,3,0,4,7,7,2,-1.5,3,-1.7,1,1.5,4,1.5
S02000696,S02000676,0,0,3,3,3,0,3,6,6,2,-1.4,3,-1.6,1,1.8,3,1.4
S02000696,S02000677,10,0,0,0,-10,-10,-10,10,0,3,3.9,4,2.8,2,-1.4,6,-2.4
S02000696,S02000679,3,0,0,5,-3,-3,2,8,5,2,0.3,3,-0.2,1,-1.2,5,0.2
S02000696,S02000680,6,0,0,0,-6,-6,-6,6,0,2,3,3,2.2,1,-1.1,3,-1.9
S02000696,S02000681,0,0,0,6,0,0,6,6,6,2,-1.4,3,-1.6,1,-1.1,3,1.4
S02000696,S02000682,3,0,0,4,-3,-3,1,7,4,2,0.6,3,0,1,-1.1,4,0
S02000696,S02000684,16,26,8,15,-8,10,-1,65,49,20,-0.9,28,2.7,12,-1.2,37,-2.3
S02000696,S02000685,0,0,0,4,0,0,4,4,4,1,-1.1,2,-1.3,1,-0.9,2,1.1
S02000696,S02000688,5,0,0,5,-5,-5,0,10,5,3,1.1,4,0.4,2,-1.4,6,-0.3
S02000696,S02000689,29,3,6,18,-23,-26,-11,56,27,17,2.8,24,1.7,10,-1.4,32,-1.4
S02000696,S02000690,4,0,0,0,-4,-4,-4,4,0,1,2.5,2,1.8,1,-0.9,2,-1.5
S02000696,S02000691,6,0,0,0,-6,-6,-6,6,0,2,3,3,2.2,1,-1.1,3,-1.9
S02000696,S02000692,5,0,0,0,-5,-5,-5,5,0,2,2.8,2,2,1,-1,3,-1.7
S02000696,S02000693,0,0,0,4,0,0,4,4,4,1,-1.1,2,-1.3,1,-0.9,2,1.1
S02000696,S02000696,14,0,3,11,-11,-14,-3,28,14,9,1.8,12,0.6,5,-1,16,-0.5
S02000696,S02000698,0,0,0,3,0,0,3,3,3,1,-1,1,-1.1,1,-0.7,2,1
S02000696,S02000699,12,0,3,0,-9,-12,-12,15,3,5,3.4,6,2.2,3,0.1,9,-1.9
S02000696,S02000701,0,5,0,0,0,5,0,5,5,2,-1.2,2,2,1,-1,3,-1.7
S02000696,S02000702,5,0,3,7,-2,-5,2,15,10,5,0.2,6,-0.5,3,0.1,9,0.5
S02000696,S02000703,0,0,0,4,0,0,4,4,4,1,-1.1,2,-1.3,1,-0.9,2,1.1
S02000696,S02000705,6,0,0,12,-6,-6,6,18,12,6,0.2,8,-0.6,3,-1.8,10,0.5
S02000696,S02000706,0,0,0,3,0,0,3,3,3,1,-1,1,-1.1,1,-0.7,2,1
S02000696,S02000707,31,0,0,4,-31,-31,-27,35,4,11,6.1,15,4.2,6,-2.5,20,-3.6
S02000696,S02000709,0,0,0,4,0,0,4,4,4,1,-1.1,2,-1.3,1,-0.9,2,1.1
S02000696,S02000710,0,3,4,0,4,3,0,7,7,2,-1.5,3,0,1,2.4,4,0
S02000696,S02000711,0,0,0,12,0,0,12,12,12,4,-1.9,5,-2.3,2,-1.5,7,1.9
S02000696,S02000712,8,6,0,3,-8,-2,-5,17,9,5,1.2,7,2.5,3,-1.8,10,-2.2
S02000696,S02000716,8,0,0,5,-8,-8,-3,13,5,4,2,6,1.1,2,-1.6,7,-0.9
S02000696,S02000781,0,0,3,0,3,0,0,3,3,1,-1,1,-1.1,1,3.3,2,1
S02000696,S02000999,0,0,0,3,0,0,3,3,3,1,-1,1,-1.1,1,-0.7,2,1
S02000696,S02001000,3,0,0,4,-3,-3,1,7,4,2,0.6,3,0,1,-1.1,4,0
S02000696,S02001010,0,0,0,3,0,0,3,3,3,1,-1,1,-1.1,1,-0.7,2,1
S02000696,S02001013,0,8,4,15,4,8,15,27,27,8,-2.9,11,-1,5,-0.4,16,0.9
S02000696,S02001014,0,0,0,3,0,0,3,3,3,1,-1,1,-1.1,1,-0.7,2,1
S02000696,S02001015,0,3,0,0,0,3,0,3,3,1,-1,1,1.5,1,-0.7,2,-1.3
S02000696,S02001016,0,4,0,0,0,4,0,4,4,1,-1.1,2,1.8,1,-0.9,2,-1.5
S02000696,S02001184,11,0,0,0,-11,-11,-11,11,0,3,4.1,5,2.9,2,-1.4,6,-2.5
S02000696,S02001185,45,10,22,26,-23,-35,-19,103,58,32,2.3,44,1.7,19,0.7,59,-1.5
S02000696,S02001187,0,0,0,6,0,0,6,6,6,2,-1.4,3,-1.6,1,-1.1,3,1.4
S02000696,S02001190,0,3,3,0,3,3,0,6,6,2,-1.4,3,0.3,1,1.8,3,-0.2
S02000696,S02001192,4,0,0,6,-4,-4,2,10,6,3,0.5,4,-0.1,2,-1.4,6,0.1
S02000696,S02001194,4,0,0,0,-4,-4,-4,4,0,1,2.5,2,1.8,1,-0.9,2,-1.5
S02000696,S02001200,0,0,0,3,0,0,3,3,3,1,-1,1,-1.1,1,-0.7,2,1
S02000697,S02000260,4,0,0,11,-4,-4,7,15,11,5,-0.3,6,-0.9,3,-1.7,9,0.8
S02000697,S02000264,4,4,0,19,-4,0,15,27,23,8,-1.5,11,-1,5,-2.2,16,0.9
S02000697,S02000281,0,0,0,3,0,0,3,3,3,1,-1,1,-1.1,1,-0.7,2,1
S02000697,S02000611,4,0,0,0,-4,-4,-4,4,0,1,2.5,2,1.8,1,-0.9,2,-1.5
S02000697,S02000629,3,4,0,0,-3,1,-3,7,4,2,0.6,3,2.3,1,-1.1,4,-2
S02000697,S02000633,7,6,0,0,-7,-1,-7,13,6,4,1.5,6,3.2,2,-1.6,7,-2.7
S02000697,S02000634,6,0,0,5,-6,-6,-1,11,5,3,1.4,5,0.6,2,-1.4,6,-0.5
S02000697,S02000635,5,0,0,0,-5,-5,-5,5,0,2,2.8,2,2,1,-1,3,-1.7
S02000697,S02000644,3,0,0,0,-3,-3,-3,3,0,1,2.1,1,1.5,1,-0.7,2,-1.3
S02000697,S02000648,0,3,0,0,0,3,0,3,3,1,-1,1,1.5,1,-0.7,2,-1.3
S02000697,S02000651,3,0,3,0,0,-3,-3,6,3,2,0.8,3,0.3,1,1.8,3,-0.2
S02000697,S02000655,12,11,44,46,32,-1,34,113,101,35,-3.9,48,-3.6,21,5.1,65,3.1
S02000697,S02000656,4,5,0,4,-4,1,0,13,9,4,0,6,1.5,2,-1.6,7,-1.3
S02000697,S02000658,63,9,12,47,-51,-54,-16,131,68,41,3.5,56,2.2,24,-2.5,75,-1.9
S02000697,S02000660,3,3,0,0,-3,0,-3,6,3,2,0.8,3,2.2,1,-1.1,3,-1.9
S02000697,S02000661,4,0,4,7,0,-4,3,15,11,5,-0.3,6,-0.9,3,0.7,9,0.8
S02000697,S02000663,0,0,0,4,0,0,4,4,4,1,-1.1,2,-1.3,1,-0.9,2,1.1
S02000697,S02000664,3,0,0,0,-3,-3,-3,3,0,1,2.1,1,1.5,1,-0.7,2,-1.3
S02000697,S02000666,4,0,0,13,-4,-4,9,17,13,5,-0.6,7,-1.2,3,-1.8,10,1
S02000697,S02000667,5,4,0,0,-5,-1,-5,9,4,3,1.3,4,2.6,2,-1.3,5,-2.3
S02000697,S02000669,0,3,3,0,3,3,0,6,6,2,-1.4,3,0.3,1,1.8,3,-0.2
S02000697,S02000670,15,15,4,16,-11,0,1,50,35,16,-0.1,21,1.9,9,-1.7,29,-1.6
S02000697,S02000672,0,0,0,5,0,0,5,5,5,2,-1.2,2,-1.5,1,-1,3,1.3
S02000697,S02000674,3,0,0,3,-3,-3,0,6,3,2,0.8,3,0.3,1,-1.1,3,-0.2
S02000697,S02000675,4,0,0,4,-4,-4,0,8,4,2,1,3,0.3,1,-1.2,5,-0.3
S02000697,S02000676,11,13,0,22,-11,2,11,46,35,14,-0.9,20,1,9,-2.9,26,-0.9
S02000697,S02000680,5,0,0,16,-5,-5,11,21,16,7,-0.6,9,-1.3,4,-2,12,1.1
S02000697,S02000681,0,0,0,4,0,0,4,4,4,1,-1.1,2,-1.3,1,-0.9,2,1.1
S02000697,S02000684,4,0,0,0,-4,-4,-4,4,0,1,2.5,2,1.8,1,-0.9,2,-1.5
S02000697,S02000685,0,0,0,3,0,0,3,3,3,1,-1,1,-1.1,1,-0.7,2,1
S02000697,S02000687,8,0,0,22,-8,-8,14,30,22,9,-0.4,13,-1.3,6,-2.4,17,1.1
S02000697,S02000688,0,0,0,7,0,0,7,7,7,2,-1.5,3,-1.7,1,-1.1,4,1.5
S02000697,S02000689,4,0,0,0,-4,-4,-4,4,0,1,2.5,2,1.8,1,-0.9,2,-1.5
S02000697,S02000691,41,4,9,15,-32,-37,-26,69,28,21,4.2,29,2.9,13,-1.1,40,-2.5
S02000697,S02000692,3,0,0,4,-3,-3,1,7,4,2,0.6,3,0,1,-1.1,4,0
S02000697,S02000693,5,0,0,0,-5,-5,-5,5,0,2,2.8,2,2,1,-1,3,-1.7
S02000697,S02000694,0,0,0,5,0,0,5,5,5,2,-1.2,2,-1.5,1,-1,3,1.3
S02000697,S02000695,0,0,0,11,0,0,11,11,11,3,-1.9,5,-2.2,2,-1.4,6,1.9
S02000697,S02000697,21,4,0,17,-21,-17,-4,42,21,13,2.2,18,1.7,8,-2.8,24,-1.5
S02000697,S02000701,0,5,0,7,0,5,7,12,12,4,-1.9,5,0,2,-1.5,7,0
S02000697,S02001010,6,0,0,0,-6,-6,-6,6,0,2,3,3,2.2,1,-1.1,3,-1.9
S02000697,S02001013,0,0,0,3,0,0,3,3,3,1,-1,1,-1.1,1,-0.7,2,1
S02000697,S02001016,3,0,0,0,-3,-3,-3,3,0,1,2.1,1,1.5,1,-0.7,2,-1.3
S02000697,S02001185,0,0,0,4,0,0,4,4,4,1,-1.1,2,-1.3,1,-0.9,2,1.1
S02000698,S02000328,0,0,0,3,0,0,3,3,3,1,-1,1,-1.1,1,-0.7,2,1
S02000698,S02000602,0,0,0,3,0,0,3,3,3,1,-1,1,-1.1,1,-0.7,2,1
S02000698,S02000607,3,0,0,0,-3,-3,-3,3,0,1,2.1,1,1.5,1,-0.7,2,-1.3
S02000698,S02000620,0,3,0,0,0,3,0,3,3,1,-1,1,1.5,1,-0.7,2,-1.3
S02000698,S02000622,0,0,0,4,0,0,4,4,4,1,-1.1,2,-1.3,1,-0.9,2,1.1
S02000698,S02000627,3,0,0,0,-3,-3,-3,3,0,1,2.1,1,1.5,1,-0.7,2,-1.3
S02000698,S02000633,4,0,0,3,-4,-4,-1,7,3,2,1.2,3,0.6,1,-1.1,4,-0.5
S02000698,S02000634,9,0,0,0,-9,-9,-9,9,0,3,3.7,4,2.6,2,-1.3,5,-2.3
S02000698,S02000635,3,0,0,3,-3,-3,0,6,3,2,0.8,3,0.3,1,-1.1,3,-0.2
S02000698,S02000642,0,0,4,0,4,0,0,4,4,1,-1.1,2,-1.3,1,3.8,2,1.1
S02000698,S02000644,0,0,8,4,8,0,4,12,12,4,-1.9,5,-2.3,2,3.9,7,1.9
S02000698,S02000651,3,0,5,3,2,-3,0,11,8,3,-0.2,5,-0.8,2,2.1,6,0.7
S02000698,S02000655,19,8,68,31,49,-11,12,126,107,39,-3.2,54,-3.6,23,9.3,72,3.1
S02000698,S02000656,4,4,3,4,-1,0,0,15,11,5,-0.3,6,0.6,3,0.1,9,-0.6
S02000698,S02000658,31,11,14,36,-17,-20,5,92,61,29,0.4,39,0.5,17,-0.7,53,-0.4
S02000698,S02000660,21,0,0,7,-21,-21,-14,28,7,9,4.2,12,2.6,5,-2.3,16,-2.3
S02000698,S02000661,13,0,10,6,-3,-13,-7,29,16,9,1.3,12,0.2,5,2,17,-0.2
S02000698,S02000664,22,0,0,8,-22,-22,-14,30,8,9,4.1,13,2.6,6,-2.4,17,-2.2
S02000698,S02000665,4,0,4,3,0,-4,-1,11,7,3,0.3,5,-0.3,2,1.4,6,0.3
S02000698,S02000668,0,7,0,0,0,7,0,7,7,2,-1.5,3,2.3,1,-1.1,4,-2
S02000698,S02000669,0,0,0,6,0,0,6,6,6,2,-1.4,3,-1.6,1,-1.1,3,1.4
S02000698,S02000670,4,7,0,0,-4,3,-4,11,7,3,0.3,5,2.9,2,-1.4,6,-2.5
S02000698,S02000672,0,0,5,25,5,0,25,30,30,9,-3.1,13,-3.6,6,-0.2,17,3.1
S02000698,S02000673,3,0,0,5,-3,-3,2,8,5,2,0.3,3,-0.2,1,-1.2,5,0.2
S02000698,S02000676,4,0,0,3,-4,-4,-1,7,3,2,1.2,3,0.6,1,-1.1,4,-0.5
S02000698,S02000677,4,0,0,3,-4,-4,-1,7,3,2,1.2,3,0.6,1,-1.1,4,-0.5
S02000698,S02000679,0,0,0,5,0,0,5,5,5,2,-1.2,2,-1.5,1,-1,3,1.3
S02000698,S02000681,0,0,0,3,0,0,3,3,3,1,-1,1,-1.1,1,-0.7,2,1
S02000698,S02000682,0,0,0,4,0,0,4,4,4,1,-1.1,2,-1.3,1,-0.9,2,1.1
S02000698,S02000684,8,3,0,11,-8,-5,3,22,14,7,0.4,9,0.5,4,-2,13,-0.5
S02000698,S02000688,3,0,0,10,-3,-3,7,13,10,4,-0.5,6,-1.1,2,-1.6,7,0.9
S02000698,S02000689,28,0,4,17,-24,-28,-11,49,21,15,3.3,21,1.6,9,-1.7,28,-1.3
S02000698,S02000691,5,0,0,0,-5,-5,-5,5,0,2,2.8,2,2,1,-1,3,-1.7
S02000698,S02000693,0,0,0,6,0,0,6,6,6,2,-1.4,3,-1.6,1,-1.1,3,1.4
S02000698,S02000696,4,0,0,0,-4,-4,-4,4,0,1,2.5,2,1.8,1,-0.9,2,-1.5
S02000698,S02000698,0,0,0,5,0,0,5,5,5,2,-1.2,2,-1.5,1,-1,3,1.3
S02000698,S02000699,6,0,0,0,-6,-6,-6,6,0,2,3,3,2.2,1,-1.1,3,-1.9
S02000698,S02000701,5,0,0,0,-5,-5,-5,5,0,2,2.8,2,2,1,-1,3,-1.7
S02000698,S02000702,6,0,0,17,-6,-6,11,23,17,7,-0.4,10,-1.2,4,-2.1,13,1
S02000698,S02000705,5,0,3,11,-2,-5,6,19,14,6,-0.4,8,-1.1,4,-0.3,11,0.9
S02000698,S02000709,3,0,0,0,-3,-3,-3,3,0,1,2.1,1,1.5,1,-0.7,2,-1.3
S02000698,S02000711,0,0,0,4,0,0,4,4,4,1,-1.1,2,-1.3,1,-0.9,2,1.1
S02000698,S02000712,7,4,0,4,-7,-3,-3,15,8,5,1.1,6,1.8,3,-1.7,9,-1.6
S02000698,S02000716,5,0,0,7,-5,-5,2,12,7,4,0.7,5,0,2,-1.5,7,0
S02000698,S02001000,5,0,0,3,-5,-5,-2,8,3,2,1.6,3,0.9,1,-1.2,5,-0.7
S02000698,S02001008,0,3,0,0,0,3,0,3,3,1,-1,1,1.5,1,-0.7,2,-1.3
S02000698,S02001010,4,4,0,0,-4,0,-4,8,4,2,1,3,2.5,1,-1.2,5,-2.1
S02000698,S02001013,0,0,0,11,0,0,11,11,11,3,-1.9,5,-2.2,2,-1.4,6,1.9
S02000698,S02001015,0,4,0,0,0,4,0,4,4,1,-1.1,2,1.8,1,-0.9,2,-1.5
S02000698,S02001185,17,0,0,12,-17,-17,-5,29,12,9,2.7,12,1.3,5,-2.3,17,-1.1
S02000699,S02000269,0,0,0,3,0,0,3,3,3,1,-1,1,-1.1,1,-0.7,2,1
S02000699,S02000270,0,0,4,0,4,0,0,4,4,1,-1.1,2,-1.3,1,3.8,2,1.1
S02000699,S02000279,0,0,0,8,0,0,8,8,8,2,-1.6,3,-1.8,1,-1.2,5,1.6
S02000699,S02000328,0,0,0,3,0,0,3,3,3,1,-1,1,-1.1,1,-0.7,2,1
S02000699,S02000607,6,0,0,0,-6,-6,-6,6,0,2,3,3,2.2,1,-1.1,3,-1.9
S02000699,S02000608,3,0,0,0,-3,-3,-3,3,0,1,2.1,1,1.5,1,-0.7,2,-1.3
S02000699,S02000609,0,3,0,0,0,3,0,3,3,1,-1,1,1.5,1,-0.7,2,-1.3
S02000699,S02000612,0,0,4,0,4,0,0,4,4,1,-1.1,2,-1.3,1,3.8,2,1.1
S02000699,S02000625,0,0,0,6,0,0,6,6,6,2,-1.4,3,-1.6,1,-1.1,3,1.4
S02000699,S02000628,3,0,0,0,-3,-3,-3,3,0,1,2.1,1,1.5,1,-0.7,2,-1.3
S02000699,S02000633,0,0,0,3,0,0,3,3,3,1,-1,1,-1.1,1,-0.7,2,1
S02000699,S02000634,9,0,0,3,-9,-9,-6,12,3,4,2.7,5,1.7,2,-1.5,7,-1.5
S02000699,S02000642,0,0,4,0,4,0,0,4,4,1,-1.1,2,-1.3,1,3.8,2,1.1
S02000699,S02000644,4,0,0,4,-4,-4,0,8,4,2,1,3,0.3,1,-1.2,5,-0.3
S02000699,S02000649,3,0,0,0,-3,-3,-3,3,0,1,2.1,1,1.5,1,-0.7,2,-1.3
S02000699,S02000651,3,0,5,0,2,-3,-3,8,5,2,0.3,3,-0.2,1,2.9,5,0.2
S02000699,S02000655,23,8,84,43,61,-15,20,158,135,49,-3.7,67,-4.4,29,10.1,91,3.8
S02000699,S02000656,0,9,0,0,0,9,0,9,9,3,-1.7,4,2.6,2,-1.3,5,-2.3
S02000699,S02000658,24,5,8,19,-16,-19,-5,56,32,17,1.6,24,1.1,10,-0.7,32,-0.9
S02000699,S02000660,16,0,0,6,-16,-16,-10,22,6,7,3.5,9,2.2,4,-2,13,-1.9
S02000699,S02000661,21,4,9,9,-12,-17,-12,43,22,13,2.1,18,1.6,8,0.4,25,-1.4
S02000699,S02000664,15,3,3,11,-12,-12,-4,32,17,10,1.6,14,1.2,6,-1.2,18,-1
S02000699,S02000665,0,0,5,11,5,0,11,16,16,5,-2.2,7,-2.6,3,1.2,9,2.2
S02000699,S02000668,4,4,0,6,-4,0,2,14,10,4,-0.2,6,0.8,3,-1.6,8,-0.7
S02000699,S02000669,0,0,0,5,0,0,5,5,5,2,-1.2,2,-1.5,1,-1,3,1.3
S02000699,S02000670,3,5,0,0,-3,2,-3,8,5,2,0.3,3,2.5,1,-1.2,5,-2.1
S02000699,S02000671,0,0,0,5,0,0,5,5,5,2,-1.2,2,-1.5,1,-1,3,1.3
S02000699,S02000672,0,0,5,19,5,0,19,24,24,7,-2.7,10,-3.2,4,0.3,14,2.7
S02000699,S02000673,5,0,0,9,-5,-5,4,14,9,4,0.3,6,-0.4,3,-1.6,8,0.3
S02000699,S02000676,3,0,0,0,-3,-3,-3,3,0,1,2.1,1,1.5,1,-0.7,2,-1.3
S02000699,S02000677,0,0,0,3,0,0,3,3,3,1,-1,1,-1.1,1,-0.7,2,1
S02000699,S02000679,0,0,0,5,0,0,5,5,5,2,-1.2,2,-1.5,1,-1,3,1.3
S02000699,S02000680,0,0,0,3,0,0,3,3,3,1,-1,1,-1.1,1,-0.7,2,1
S02000699,S02000682,0,0,0,3,0,0,3,3,3,1,-1,1,-1.1,1,-0.7,2,1
S02000699,S02000684,9,16,4,9,-5,7,0,38,29,12,-0.8,16,2.2,7,-1.1,22,-1.9
S02000699,S02000688,0,0,0,5,0,0,5,5,5,2,-1.2,2,-1.5,1,-1,3,1.3
S02000699,S02000689,45,0,0,19,-45,-45,-26,64,19,20,5.6,27,3.4,12,-3.4,37,-2.9
S02000699,S02000690,5,0,0,0,-5,-5,-5,5,0,2,2.8,2,2,1,-1,3,-1.7
S02000699,S02000691,4,0,0,0,-4,-4,-4,4,0,1,2.5,2,1.8,1,-0.9,2,-1.5
S02000699,S02000696,6,0,0,0,-6,-6,-6,6,0,2,3,3,2.2,1,-1.1,3,-1.9
S02000699,S02000698,0,0,0,3,0,0,3,3,3,1,-1,1,-1.1,1,-0.7,2,1
S02000699,S02000699,18,3,5,13,-13,-15,-5,39,21,12,1.7,17,1.1,7,-0.8,22,-0.9
S02000699,S02000701,5,4,0,0,-5,-1,-5,9,4,3,1.3,4,2.6,2,-1.3,5,-2.3
S02000699,S02000702,6,0,0,14,-6,-6,8,20,14,6,-0.1,9,-0.9,4,-1.9,11,0.7
S02000699,S02000705,3,0,0,6,-3,-3,3,9,6,3,0.1,4,-0.4,2,-1.3,5,0.4
S02000699,S02000706,4,0,0,5,-4,-4,1,9,5,3,0.7,4,0.1,2,-1.3,5,-0.1
S02000699,S02000709,0,0,0,4,0,0,4,4,4,1,-1.1,2,-1.3,1,-0.9,2,1.1
S02000699,S02000711,0,0,0,6,0,0,6,6,6,2,-1.4,3,-1.6,1,-1.1,3,1.4
S02000699,S02000712,10,6,0,4,-10,-4,-6,20,10,6,1.5,9,2.6,4,-1.9,11,-2.2
S02000699,S02000713,0,0,0,3,0,0,3,3,3,1,-1,1,-1.1,1,-0.7,2,1
S02000699,S02000716,3,0,0,3,-3,-3,0,6,3,2,0.8,3,0.3,1,-1.1,3,-0.2
S02000699,S02001000,5,0,0,0,-5,-5,-5,5,0,2,2.8,2,2,1,-1,3,-1.7
S02000699,S02001010,5,0,0,0,-5,-5,-5,5,0,2,2.8,2,2,1,-1,3,-1.7
S02000699,S02001013,4,5,0,10,-4,1,6,19,15,6,-0.8,8,0.3,4,-1.9,11,-0.3
S02000699,S02001015,0,8,0,0,0,8,0,8,8,2,-1.6,3,2.5,1,-1.2,5,-2.1
S02000699,S02001162,0,3,0,0,0,3,0,3,3,1,-1,1,1.5,1,-0.7,2,-1.3
S02000699,S02001184,0,0,0,3,0,0,3,3,3,1,-1,1,-1.1,1,-0.7,2,1
S02000699,S02001185,11,5,8,16,-3,-6,5,40,29,12,-0.4,17,-0.2,7,0.2,23,0.2
S02000699,S02001187,0,0,0,3,0,0,3,3,3,1,-1,1,-1.1,1,-0.7,2,1
S02000699,S02001189,0,0,0,4,0,0,4,4,4,1,-1.1,2,-1.3,1,-0.9,2,1.1
S02000699,S02001192,0,5,0,0,0,5,0,5,5,2,-1.2,2,2,1,-1,3,-1.7
S02000699,S02001194,3,0,0,0,-3,-3,-3,3,0,1,2.1,1,1.5,1,-0.7,2,-1.3
S02000699,S02001200,3,0,0,0,-3,-3,-3,3,0,1,2.1,1,1.5,1,-0.7,2,-1.3
S02000700,S02000269,0,0,0,9,0,0,9,9,9,3,-1.7,4,-2,2,-1.3,5,1.7
S02000700,S02000279,3,0,0,5,-3,-3,2,8,5,2,0.3,3,-0.2,1,-1.2,5,0.2
S02000700,S02000602,3,0,0,0,-3,-3,-3,3,0,1,2.1,1,1.5,1,-0.7,2,-1.3
S02000700,S02000619,0,5,0,0,0,5,0,5,5,2,-1.2,2,2,1,-1,3,-1.7
S02000700,S02000621,3,0,0,0,-3,-3,-3,3,0,1,2.1,1,1.5,1,-0.7,2,-1.3
S02000700,S02000633,0,0,0,8,0,0,8,8,8,2,-1.6,3,-1.8,1,-1.2,5,1.6
S02000700,S02000634,4,0,3,7,-1,-4,3,14,10,4,-0.2,6,-0.8,3,0.3,8,0.7
S02000700,S02000644,5,0,4,0,-1,-5,-5,9,4,3,1.3,4,0.6,2,1.8,5,-0.5
S02000700,S02000648,0,0,3,0,3,0,0,3,3,1,-1,1,-1.1,1,3.3,2,1
S02000700,S02000649,0,0,0,4,0,0,4,4,4,1,-1.1,2,-1.3,1,-0.9,2,1.1
S02000700,S02000651,0,0,3,0,3,0,0,3,3,1,-1,1,-1.1,1,3.3,2,1
S02000700,S02000655,16,5,45,29,29,-11,13,95,79,30,-2.5,40,-3.1,18,6.5,55,2.6
S02000700,S02000656,3,0,3,0,0,-3,-3,6,3,2,0.8,3,0.3,1,1.8,3,-0.2
S02000700,S02000658,19,5,12,25,-7,-14,6,61,42,19,0,26,-0.4,11,0.2,35,0.3
S02000700,S02000659,0,0,0,4,0,0,4,4,4,1,-1.1,2,-1.3,1,-0.9,2,1.1
S02000700,S02000660,4,3,0,4,-4,-1,0,11,7,3,0.3,5,1.1,2,-1.4,6,-0.9
S02000700,S02000661,4,0,8,4,4,-4,0,16,12,5,-0.4,7,-1.1,3,2.9,9,0.9
S02000700,S02000663,4,3,0,3,-4,-1,-1,10,6,3,0.5,4,1.3,2,-1.4,6,-1.1
S02000700,S02000664,6,0,3,9,-3,-6,3,18,12,6,0.2,8,-0.6,3,-0.2,10,0.5
S02000700,S02000665,0,0,3,3,3,0,3,6,6,2,-1.4,3,-1.6,1,1.8,3,1.4
S02000700,S02000669,0,0,0,18,0,0,18,18,18,6,-2.4,8,-2.8,3,-1.8,10,2.4
S02000700,S02000670,3,0,0,0,-3,-3,-3,3,0,1,2.1,1,1.5,1,-0.7,2,-1.3
S02000700,S02000672,4,0,0,23,-4,-4,19,27,23,8,-1.5,11,-2.2,5,-2.2,16,1.9
S02000700,S02000675,5,0,0,6,-5,-5,1,11,6,3,0.9,5,0.1,2,-1.4,6,-0.1
S02000700,S02000676,4,0,0,4,-4,-4,0,8,4,2,1,3,0.3,1,-1.2,5,-0.3
S02000700,S02000680,4,0,0,3,-4,-4,-1,7,3,2,1.2,3,0.6,1,-1.1,4,-0.5
S02000700,S02000684,5,0,0,0,-5,-5,-5,5,0,2,2.8,2,2,1,-1,3,-1.7
S02000700,S02000685,0,0,0,6,0,0,6,6,6,2,-1.4,3,-1.6,1,-1.1,3,1.4
S02000700,S02000688,13,0,0,14,-13,-13,1,27,14,8,1.6,11,0.4,5,-2.2,16,-0.4
S02000700,S02000689,16,0,0,8,-16,-16,-8,24,8,7,3.1,10,1.8,4,-2.1,14,-1.6
S02000700,S02000690,3,0,0,4,-3,-3,1,7,4,2,0.6,3,0,1,-1.1,4,0
S02000700,S02000691,4,0,0,0,-4,-4,-4,4,0,1,2.5,2,1.8,1,-0.9,2,-1.5
S02000700,S02000693,7,0,3,4,-4,-7,-3,14,7,4,1.3,6,0.4,3,0.3,8,-0.4
S02000700,S02000695,0,0,0,5,0,0,5,5,5,2,-1.2,2,-1.5,1,-1,3,1.3
S02000700,S02000700,3,6,4,10,1,3,7,23,20,7,-1.6,10,-0.3,4,-0.1,13,0.2
S02000700,S02000702,4,0,0,0,-4,-4,-4,4,0,1,2.5,2,1.8,1,-0.9,2,-1.5
S02000700,S02000705,0,0,0,6,0,0,6,6,6,2,-1.4,3,-1.6,1,-1.1,3,1.4
S02000700,S02000710,0,0,0,21,0,0,21,21,21,7,-2.6,9,-3,4,-2,12,2.6
S02000700,S02000712,0,3,0,0,0,3,0,3,3,1,-1,1,1.5,1,-0.7,2,-1.3
S02000700,S02000716,6,0,0,0,-6,-6,-6,6,0,2,3,3,2.2,1,-1.1,3,-1.9
S02000700,S02001000,4,0,0,4,-4,-4,0,8,4,2,1,3,0.3,1,-1.2,5,-0.3
S02000700,S02001013,0,3,0,0,0,3,0,3,3,1,-1,1,1.5,1,-0.7,2,-1.3
S02000700,S02001161,0,0,0,3,0,0,3,3,3,1,-1,1,-1.1,1,-0.7,2,1
S02000700,S02001185,7,0,0,5,-7,-7,-2,12,5,4,1.7,5,0.8,2,-1.5,7,-0.7
S02000701,S02000260,0,6,0,3,0,6,3,9,9,3,-1.7,4,1.1,2,-1.3,5,-1
S02000701,S02000264,3,0,0,17,-3,-3,14,20,17,6,-1.3,9,-1.9,4,-1.9,11,1.6
S02000701,S02000270,0,0,5,4,5,0,4,9,9,3,-1.7,4,-2,2,2.6,5,1.7
S02000701,S02000279,0,0,0,3,0,0,3,3,3,1,-1,1,-1.1,1,-0.7,2,1
S02000701,S02000588,0,3,0,0,0,3,0,3,3,1,-1,1,1.5,1,-0.7,2,-1.3
S02000701,S02000603,0,0,0,3,0,0,3,3,3,1,-1,1,-1.1,1,-0.7,2,1
S02000701,S02000610,4,0,0,0,-4,-4,-4,4,0,1,2.5,2,1.8,1,-0.9,2,-1.5
S02000701,S02000611,0,8,0,0,0,8,0,8,8,2,-1.6,3,2.5,1,-1.2,5,-2.1
S02000701,S02000620,0,0,0,4,0,0,4,4,4,1,-1.1,2,-1.3,1,-0.9,2,1.1
S02000701,S02000628,4,0,0,4,-4,-4,0,8,4,2,1,3,0.3,1,-1.2,5,-0.3
S02000701,S02000633,4,0,0,3,-4,-4,-1,7,3,2,1.2,3,0.6,1,-1.1,4,-0.5
S02000701,S02000634,3,0,3,4,0,-3,1,10,7,3,-0.1,4,-0.6,2,0.8,6,0.5
S02000701,S02000635,4,0,0,5,-4,-4,1,9,5,3,0.7,4,0.1,2,-1.3,5,-0.1
S02000701,S02000640,0,0,0,3,0,0,3,3,3,1,-1,1,-1.1,1,-0.7,2,1
S02000701,S02000642,0,0,4,0,4,0,0,4,4,1,-1.1,2,-1.3,1,3.8,2,1.1
S02000701,S02000648,0,0,0,3,0,0,3,3,3,1,-1,1,-1.1,1,-0.7,2,1
S02000701,S02000654,3,0,0,0,-3,-3,-3,3,0,1,2.1,1,1.5,1,-0.7,2,-1.3
S02000701,S02000655,33,6,51,52,18,-27,19,142,109,44,-1.7,60,-2.8,26,4.8,82,2.4
S02000701,S02000656,3,5,0,3,-3,2,0,11,8,3,-0.2,5,1.5,2,-1.4,6,-1.3
S02000701,S02000658,39,5,11,36,-28,-34,-3,91,52,28,2,39,0.9,17,-1.4,52,-0.7
S02000701,S02000659,0,0,0,3,0,0,3,3,3,1,-1,1,-1.1,1,-0.7,2,1
S02000701,S02000660,7,0,0,0,-7,-7,-7,7,0,2,3.3,3,2.3,1,-1.1,4,-2
S02000701,S02000661,8,0,0,5,-8,-8,-3,13,5,4,2,6,1.1,2,-1.6,7,-0.9
S02000701,S02000664,13,0,0,0,-13,-13,-13,13,0,4,4.4,6,3.2,2,-1.6,7,-2.7
S02000701,S02000665,0,0,0,8,0,0,8,8,8,2,-1.6,3,-1.8,1,-1.2,5,1.6
S02000701,S02000666,0,0,0,9,0,0,9,9,9,3,-1.7,4,-2,2,-1.3,5,1.7
S02000701,S02000667,0,3,0,0,0,3,0,3,3,1,-1,1,1.5,1,-0.7,2,-1.3
S02000701,S02000669,0,0,5,8,5,0,8,13,13,4,-2,6,-2.4,2,1.7,7,2
S02000701,S02000670,14,9,0,17,-14,-5,3,40,26,12,0.4,17,1.5,7,-2.7,23,-1.2
S02000701,S02000671,0,0,0,7,0,0,7,7,7,2,-1.5,3,-1.7,1,-1.1,4,1.5
S02000701,S02000672,3,0,0,27,-3,-3,24,30,27,9,-2.1,13,-2.7,6,-2.4,17,2.4
S02000701,S02000673,3,0,0,0,-3,-3,-3,3,0,1,2.1,1,1.5,1,-0.7,2,-1.3
S02000701,S02000675,0,0,0,4,0,0,4,4,4,1,-1.1,2,-1.3,1,-0.9,2,1.1
S02000701,S02000676,17,5,8,28,-9,-12,11,58,41,18,-0.3,25,-0.5,11,-0.8,33,0.5
S02000701,S02000680,5,5,0,5,-5,0,0,15,10,5,0.2,6,1.4,3,-1.7,9,-1.2
S02000701,S02000681,0,0,0,4,0,0,4,4,4,1,-1.1,2,-1.3,1,-0.9,2,1.1
S02000701,S02000683,0,0,0,4,0,0,4,4,4,1,-1.1,2,-1.3,1,-0.9,2,1.1
S02000701,S02000684,6,4,0,0,-6,-2,-6,10,4,3,1.6,4,2.8,2,-1.4,6,-2.4
S02000701,S02000685,5,3,0,7,-5,-2,2,15,10,5,0.2,6,0.6,3,-1.7,9,-0.6
S02000701,S02000687,0,0,0,3,0,0,3,3,3,1,-1,1,-1.1,1,-0.7,2,1
S02000701,S02000688,12,0,0,8,-12,-12,-4,20,8,6,2.3,9,1.2,4,-1.9,11,-1
S02000701,S02000689,8,0,0,7,-8,-8,-1,15,7,5,1.5,6,0.6,3,-1.7,9,-0.6
S02000701,S02000690,0,0,0,3,0,0,3,3,3,1,-1,1,-1.1,1,-0.7,2,1
S02000701,S02000691,27,0,7,16,-20,-27,-11,50,23,16,2.9,21,1.2,9,-0.7,29,-1.1
S02000701,S02000692,16,3,8,15,-8,-13,-1,42,26,13,0.8,18,0.3,8,0.1,24,-0.2
S02000701,S02000700,4,0,0,0,-4,-4,-4,4,0,1,2.5,2,1.8,1,-0.9,2,-1.5
S02000701,S02000701,25,17,0,21,-25,-8,-4,63,38,20,1.2,27,2.9,12,-3.4,36,-2.5
S02000701,S02000702,6,4,0,7,-6,-2,1,17,11,5,0.3,7,1,3,-1.8,10,-0.9
S02000701,S02000704,4,0,0,0,-4,-4,-4,4,0,1,2.5,2,1.8,1,-0.9,2,-1.5
S02000701,S02000708,5,0,0,13,-5,-5,8,18,13,6,-0.3,8,-1,3,-1.8,10,0.8
S02000701,S02000710,0,0,0,13,0,0,13,13,13,4,-2,6,-2.4,2,-1.6,7,2
S02000701,S02000712,0,8,0,0,0,8,0,8,8,2,-1.6,3,2.5,1,-1.2,5,-2.1
S02000701,S02000713,0,0,0,4,0,0,4,4,4,1,-1.1,2,-1.3,1,-0.9,2,1.1
S02000701,S02001010,0,0,0,4,0,0,4,4,4,1,-1.1,2,-1.3,1,-0.9,2,1.1
S02000701,S02001013,0,0,0,4,0,0,4,4,4,1,-1.1,2,-1.3,1,-0.9,2,1.1
S02000701,S02001162,0,0,3,0,3,0,0,3,3,1,-1,1,-1.1,1,3.3,2,1
S02000702,S02000260,0,0,0,4,0,0,4,4,4,1,-1.1,2,-1.3,1,-0.9,2,1.1
S02000702,S02000263,0,0,7,0,7,0,0,7,7,2,-1.5,3,-1.7,1,5,4,1.5
S02000702,S02000264,0,0,4,0,4,0,0,4,4,1,-1.1,2,-1.3,1,3.8,2,1.1
S02000702,S02000269,0,0,0,6,0,0,6,6,6,2,-1.4,3,-1.6,1,-1.1,3,1.4
S02000702,S02000270,0,0,0,3,0,0,3,3,3,1,-1,1,-1.1,1,-0.7,2,1
S02000702,S02000272,0,0,0,4,0,0,4,4,4,1,-1.1,2,-1.3,1,-0.9,2,1.1
S02000702,S02000276,3,0,0,4,-3,-3,1,7,4,2,0.6,3,0,1,-1.1,4,0
S02000702,S02000279,3,0,0,6,-3,-3,3,9,6,3,0.1,4,-0.4,2,-1.3,5,0.4
S02000702,S02000281,3,0,0,0,-3,-3,-3,3,0,1,2.1,1,1.5,1,-0.7,2,-1.3
S02000702,S02000328,0,0,0,3,0,0,3,3,3,1,-1,1,-1.1,1,-0.7,2,1
S02000702,S02000597,0,0,3,0,3,0,0,3,3,1,-1,1,-1.1,1,3.3,2,1
S02000702,S02000599,4,0,0,0,-4,-4,-4,4,0,1,2.5,2,1.8,1,-0.9,2,-1.5
S02000702,S02000602,6,0,0,0,-6,-6,-6,6,0,2,3,3,2.2,1,-1.1,3,-1.9
S02000702,S02000603,0,0,0,3,0,0,3,3,3,1,-1,1,-1.1,1,-0.7,2,1
S02000702,S02000615,3,0,0,3,-3,-3,0,6,3,2,0.8,3,0.3,1,-1.1,3,-0.2
S02000702,S02000620,0,0,0,4,0,0,4,4,4,1,-1.1,2,-1.3,1,-0.9,2,1.1
S02000702,S02000625,0,0,0,4,0,0,4,4,4,1,-1.1,2,-1.3,1,-0.9,2,1.1
S02000702,S02000628,11,0,0,0,-11,-11,-11,11,0,3,4.1,5,2.9,2,-1.4,6,-2.5
S02000702,S02000631,5,0,0,3,-5,-5,-2,8,3,2,1.6,3,0.9,1,-1.2,5,-0.7
S02000702,S02000632,0,0,0,3,0,0,3,3,3,1,-1,1,-1.1,1,-0.7,2,1
S02000702,S02000633,0,0,0,4,0,0,4,4,4,1,-1.1,2,-1.3,1,-0.9,2,1.1
S02000702,S02000634,8,0,0,6,-8,-8,-2,14,6,4,1.7,6,0.8,3,-1.6,8,-0.7
S02000702,S02000635,9,0,0,3,-9,-9,-6,12,3,4,2.7,5,1.7,2,-1.5,7,-1.5
S02000702,S02000644,0,0,17,3,17,0,3,20,20,6,-2.5,9,-2.9,4,6.9,11,2.5
S02000702,S02000651,0,0,9,8,9,0,8,17,17,5,-2.3,7,-2.7,3,3.3,10,2.3
S02000702,S02000655,56,11,157,66,101,-45,10,290,234,90,-3.6,123,-5.1,54,14.1,167,4.4
S02000702,S02000656,6,17,3,3,-3,11,-3,29,23,9,-1,12,3,5,-1,17,-2.6
S02000702,S02000658,46,4,19,76,-27,-42,30,145,99,45,0.1,62,-1.5,27,-1.5,83,1.3
S02000702,S02000659,0,0,5,5,5,0,5,10,10,3,-1.8,4,-2.1,2,2.3,6,1.8
S02000702,S02000660,11,8,5,0,-6,-3,-11,24,13,7,1.3,10,2.8,4,0.3,14,-2.4
S02000702,S02000661,23,0,18,20,-5,-23,-3,61,38,19,0.9,26,-0.6,11,2,35,0.5
S02000702,S02000664,26,0,0,7,-26,-26,-19,33,7,10,4.9,14,3.2,6,-2.5,19,-2.7
S02000702,S02000665,0,0,8,17,8,0,17,25,25,8,-2.8,11,-3.3,5,1.6,14,2.8
S02000702,S02000668,4,0,0,4,-4,-4,0,8,4,2,1,3,0.3,1,-1.2,5,-0.3
S02000702,S02000669,0,0,5,11,5,0,11,16,16,5,-2.2,7,-2.6,3,1.2,9,2.2
S02000702,S02000670,3,0,0,0,-3,-3,-3,3,0,1,2.1,1,1.5,1,-0.7,2,-1.3
S02000702,S02000671,0,0,0,4,0,0,4,4,4,1,-1.1,2,-1.3,1,-0.9,2,1.1
S02000702,S02000672,5,5,3,87,-2,0,82,100,95,31,-4.7,43,-5,19,-3.6,57,4.3
S02000702,S02000673,3,0,0,4,-3,-3,1,7,4,2,0.6,3,0,1,-1.1,4,0
S02000702,S02000675,0,0,0,4,0,0,4,4,4,1,-1.1,2,-1.3,1,-0.9,2,1.1
S02000702,S02000676,3,0,3,6,0,-3,3,12,9,4,-0.4,5,-0.9,2,0.5,7,0.8
S02000702,S02000677,0,0,0,3,0,0,3,3,3,1,-1,1,-1.1,1,-0.7,2,1
S02000702,S02000679,0,4,0,4,0,4,4,8,8,2,-1.6,3,0.3,1,-1.2,5,-0.3
S02000702,S02000681,0,0,0,6,0,0,6,6,6,2,-1.4,3,-1.6,1,-1.1,3,1.4
S02000702,S02000684,5,10,3,5,-2,5,0,23,18,7,-0.8,10,1.7,4,-0.6,13,-1.4
S02000702,S02000686,0,0,0,5,0,0,5,5,5,2,-1.2,2,-1.5,1,-1,3,1.3
S02000702,S02000687,0,0,0,6,0,0,6,6,6,2,-1.4,3,-1.6,1,-1.1,3,1.4
S02000702,S02000688,12,0,0,9,-12,-12,-3,21,9,7,2.1,9,1,4,-2,12,-0.9
S02000702,S02000689,71,0,0,37,-71,-71,-34,108,37,34,6.4,46,3.7,20,-4.5,62,-3.2
S02000702,S02000690,7,0,0,8,-7,-7,1,15,8,5,1.1,6,0.2,3,-1.7,9,-0.2
S02000702,S02000691,8,0,0,0,-8,-8,-8,8,0,2,3.5,3,2.5,1,-1.2,5,-2.1
S02000702,S02000692,4,0,0,0,-4,-4,-4,4,0,1,2.5,2,1.8,1,-0.9,2,-1.5
S02000702,S02000693,4,0,0,0,-4,-4,-4,4,0,1,2.5,2,1.8,1,-0.9,2,-1.5
S02000702,S02000696,4,0,0,6,-4,-4,2,10,6,3,0.5,4,-0.1,2,-1.4,6,0.1
S02000702,S02000699,5,0,0,0,-5,-5,-5,5,0,2,2.8,2,2,1,-1,3,-1.7
S02000702,S02000701,0,3,0,0,0,3,0,3,3,1,-1,1,1.5,1,-0.7,2,-1.3
S02000702,S02000702,10,4,10,26,0,-6,16,50,40,16,-1.4,21,-1.6,9,0.2,29,1.4
S02000702,S02000705,10,0,0,18,-10,-10,8,28,18,9,0.4,12,-0.6,5,-2.3,16,0.5
S02000702,S02000710,0,0,6,5,6,0,5,11,11,3,-1.9,5,-2.2,2,2.8,6,1.9
S02000702,S02000711,0,0,0,3,0,0,3,3,3,1,-1,1,-1.1,1,-0.7,2,1
S02000702,S02000712,9,0,0,4,-9,-9,-5,13,4,4,2.5,6,1.5,2,-1.6,7,-1.3
S02000702,S02000714,0,0,0,3,0,0,3,3,3,1,-1,1,-1.1,1,-0.7,2,1
S02000702,S02000716,6,0,0,0,-6,-6,-6,6,0,2,3,3,2.2,1,-1.1,3,-1.9
S02000702,S02000781,3,0,0,0,-3,-3,-3,3,0,1,2.1,1,1.5,1,-0.7,2,-1.3
S02000702,S02000993,9,0,0,0,-9,-9,-9,9,0,3,3.7,4,2.6,2,-1.3,5,-2.3
S02000702,S02000995,0,0,0,3,0,0,3,3,3,1,-1,1,-1.1,1,-0.7,2,1
S02000702,S02001000,6,0,4,8,-2,-6,2,18,12,6,0.2,8,-0.6,3,0.4,10,0.5
S02000702,S02001001,0,0,0,5,0,0,5,5,5,2,-1.2,2,-1.5,1,-1,3,1.3
S02000702,S02001010,8,0,4,3,-4,-8,-5,15,7,5,1.5,6,0.6,3,0.7,9,-0.6
S02000702,S02001013,3,0,0,0,-3,-3,-3,3,0,1,2.1,1,1.5,1,-0.7,2,-1.3
S02000702,S02001014,0,3,0,0,0,3,0,3,3,1,-1,1,1.5,1,-0.7,2,-1.3
S02000702,S02001015,0,0,5,0,5,0,0,5,5,2,-1.2,2,-1.5,1,4.2,3,1.3
S02000702,S02001184,0,3,0,0,0,3,0,3,3,1,-1,1,1.5,1,-0.7,2,-1.3
S02000702,S02001185,20,6,11,13,-9,-14,-7,50,30,16,1.1,21,1,9,0.6,29,-0.9
S02000703,S02000279,3,0,0,0,-3,-3,-3,3,0,1,2.1,1,1.5,1,-0.7,2,-1.3
S02000703,S02000597,0,0,0,3,0,0,3,3,3,1,-1,1,-1.1,1,-0.7,2,1
S02000703,S02000633,0,3,0,0,0,3,0,3,3,1,-1,1,1.5,1,-0.7,2,-1.3
S02000703,S02000634,3,0,0,0,-3,-3,-3,3,0,1,2.1,1,1.5,1,-0.7,2,-1.3
S02000703,S02000644,4,0,0,4,-4,-4,0,8,4,2,1,3,0.3,1,-1.2,5,-0.3
S02000703,S02000651,3,0,0,5,-3,-3,2,8,5,2,0.3,3,-0.2,1,-1.2,5,0.2
S02000703,S02000655,19,10,42,24,23,-9,5,95,76,30,-1.9,40,-1.8,18,5.8,55,1.5
S02000703,S02000656,5,4,0,0,-5,-1,-5,9,4,3,1.3,4,2.6,2,-1.3,5,-2.3
S02000703,S02000658,13,0,5,11,-8,-13,-2,29,16,9,1.3,12,0.2,5,-0.2,17,-0.2
S02000703,S02000659,0,0,0,3,0,0,3,3,3,1,-1,1,-1.1,1,-0.7,2,1
S02000703,S02000660,7,0,0,0,-7,-7,-7,7,0,2,3.3,3,2.3,1,-1.1,4,-2
S02000703,S02000661,12,0,5,3,-7,-12,-9,20,8,6,2.3,9,1.2,4,0.7,11,-1
S02000703,S02000664,16,0,0,9,-16,-16,-7,25,9,8,2.9,11,1.6,5,-2.2,14,-1.4
S02000703,S02000665,0,0,4,0,4,0,0,4,4,1,-1.1,2,-1.3,1,3.8,2,1.1
S02000703,S02000669,0,0,3,0,3,0,0,3,3,1,-1,1,-1.1,1,3.3,2,1
S02000703,S02000670,4,4,0,0,-4,0,-4,8,4,2,1,3,2.5,1,-1.2,5,-2.1
S02000703,S02000672,0,0,0,12,0,0,12,12,12,4,-1.9,5,-2.3,2,-1.5,7,1.9
S02000703,S02000673,0,0,0,5,0,0,5,5,5,2,-1.2,2,-1.5,1,-1,3,1.3
S02000703,S02000675,0,0,0,6,0,0,6,6,6,2,-1.4,3,-1.6,1,-1.1,3,1.4
S02000703,S02000679,0,0,0,4,0,0,4,4,4,1,-1.1,2,-1.3,1,-0.9,2,1.1
S02000703,S02000681,0,0,0,5,0,0,5,5,5,2,-1.2,2,-1.5,1,-1,3,1.3
S02000703,S02000684,8,10,0,10,-8,2,2,28,20,9,-0.2,12,1.8,5,-2.3,16,-1.5
S02000703,S02000688,0,0,0,3,0,0,3,3,3,1,-1,1,-1.1,1,-0.7,2,1
S02000703,S02000689,27,0,0,15,-27,-27,-12,42,15,13,3.8,18,2.2,8,-2.8,24,-1.9
S02000703,S02000691,6,0,0,0,-6,-6,-6,6,0,2,3,3,2.2,1,-1.1,3,-1.9
S02000703,S02000693,5,0,0,0,-5,-5,-5,5,0,2,2.8,2,2,1,-1,3,-1.7
S02000703,S02000696,6,0,0,4,-6,-6,-2,10,4,3,1.6,4,0.8,2,-1.4,6,-0.7
S02000703,S02000699,6,0,0,5,-6,-6,-1,11,5,3,1.4,5,0.6,2,-1.4,6,-0.5
S02000703,S02000701,3,0,0,0,-3,-3,-3,3,0,1,2.1,1,1.5,1,-0.7,2,-1.3
S02000703,S02000702,5,0,0,10,-5,-5,5,15,10,5,0.2,6,-0.5,3,-1.7,9,0.5
S02000703,S02000703,7,4,0,7,-7,-3,0,18,11,6,0.6,8,1.2,3,-1.8,10,-1
S02000703,S02000705,8,4,3,5,-5,-4,-3,20,12,6,0.7,9,1.2,4,-0.4,11,-1
S02000703,S02000706,0,0,0,4,0,0,4,4,4,1,-1.1,2,-1.3,1,-0.9,2,1.1
S02000703,S02000707,8,0,0,4,-8,-8,-4,12,4,4,2.2,5,1.3,2,-1.5,7,-1.1
S02000703,S02000711,0,0,0,3,0,0,3,3,3,1,-1,1,-1.1,1,-0.7,2,1
S02000703,S02000712,3,6,0,8,-3,3,5,17,14,5,-1,7,0.7,3,-1.8,10,-0.6
S02000703,S02000716,5,0,0,0,-5,-5,-5,5,0,2,2.8,2,2,1,-1,3,-1.7
S02000703,S02001000,6,0,0,5,-6,-6,-1,11,5,3,1.4,5,0.6,2,-1.4,6,-0.5
S02000703,S02001010,5,0,0,3,-5,-5,-2,8,3,2,1.6,3,0.9,1,-1.2,5,-0.7
S02000703,S02001013,0,0,0,3,0,0,3,3,3,1,-1,1,-1.1,1,-0.7,2,1
S02000703,S02001184,4,0,0,0,-4,-4,-4,4,0,1,2.5,2,1.8,1,-0.9,2,-1.5
S02000703,S02001185,19,3,9,17,-10,-16,-2,48,29,15,1,20,0.4,9,0,28,-0.3
S02000703,S02001187,0,0,0,6,0,0,6,6,6,2,-1.4,3,-1.6,1,-1.1,3,1.4
S02000703,S02001192,3,0,3,0,0,-3,-3,6,3,2,0.8,3,0.3,1,1.8,3,-0.2
S02000703,S02001195,3,0,0,0,-3,-3,-3,3,0,1,2.1,1,1.5,1,-0.7,2,-1.3
S02000704,S02000260,0,3,0,0,0,3,0,3,3,1,-1,1,1.5,1,-0.7,2,-1.3
S02000704,S02000264,0,0,0,8,0,0,8,8,8,2,-1.6,3,-1.8,1,-1.2,5,1.6
S02000704,S02000278,0,0,0,3,0,0,3,3,3,1,-1,1,-1.1,1,-0.7,2,1
S02000704,S02000279,4,0,0,6,-4,-4,2,10,6,3,0.5,4,-0.1,2,-1.4,6,0.1
S02000704,S02000282,0,0,0,3,0,0,3,3,3,1,-1,1,-1.1,1,-0.7,2,1
S02000704,S02000284,0,0,0,3,0,0,3,3,3,1,-1,1,-1.1,1,-0.7,2,1
S02000704,S02000587,0,0,0,8,0,0,8,8,8,2,-1.6,3,-1.8,1,-1.2,5,1.6
S02000704,S02000602,0,0,0,4,0,0,4,4,4,1,-1.1,2,-1.3,1,-0.9,2,1.1
S02000704,S02000611,3,3,0,0,-3,0,-3,6,3,2,0.8,3,2.2,1,-1.1,3,-1.9
S02000704,S02000625,0,0,0,3,0,0,3,3,3,1,-1,1,-1.1,1,-0.7,2,1
S02000704,S02000628,5,0,0,0,-5,-5,-5,5,0,2,2.8,2,2,1,-1,3,-1.7
S02000704,S02000633,6,0,0,6,-6,-6,0,12,6,4,1.2,5,0.4,2,-1.5,7,-0.3
S02000704,S02000634,7,0,0,8,-7,-7,1,15,8,5,1.1,6,0.2,3,-1.7,9,-0.2
S02000704,S02000635,0,0,3,5,3,0,5,8,8,2,-1.6,3,-1.8,1,1.2,5,1.6
S02000704,S02000642,6,0,0,0,-6,-6,-6,6,0,2,3,3,2.2,1,-1.1,3,-1.9
S02000704,S02000644,3,0,0,0,-3,-3,-3,3,0,1,2.1,1,1.5,1,-0.7,2,-1.3
S02000704,S02000647,3,0,0,0,-3,-3,-3,3,0,1,2.1,1,1.5,1,-0.7,2,-1.3
S02000704,S02000651,4,0,5,6,1,-4,2,15,11,5,-0.3,6,-0.9,3,1.3,9,0.8
S02000704,S02000655,24,7,75,60,51,-17,36,166,142,52,-3.9,71,-4.7,31,8,95,4.1
S02000704,S02000656,3,0,0,3,-3,-3,0,6,3,2,0.8,3,0.3,1,-1.1,3,-0.2
S02000704,S02000658,26,3,6,40,-20,-23,14,75,49,23,0.5,32,-0.5,14,-2.1,43,0.4
S02000704,S02000660,5,0,3,3,-2,-5,-2,11,6,3,0.9,5,0.1,2,0.7,6,-0.1
S02000704,S02000661,12,0,0,13,-12,-12,1,25,13,8,1.5,11,0.4,5,-2.2,14,-0.4
S02000704,S02000664,10,3,0,0,-10,-7,-10,13,3,4,3,6,3.2,2,-1.6,7,-2.7
S02000704,S02000665,0,0,4,6,4,0,6,10,10,3,-1.8,4,-2.1,2,1.6,6,1.8
S02000704,S02000668,0,0,0,4,0,0,4,4,4,1,-1.1,2,-1.3,1,-0.9,2,1.1
S02000704,S02000669,8,4,5,22,-3,-4,14,39,31,12,-1.2,17,-1.1,7,-0.8,22,1
S02000704,S02000670,13,0,0,5,-13,-13,-8,18,5,6,3.1,8,1.9,3,-1.8,10,-1.7
S02000704,S02000672,3,3,6,21,3,0,18,33,30,10,-2.3,14,-2.1,6,0,19,1.8
S02000704,S02000674,0,0,0,4,0,0,4,4,4,1,-1.1,2,-1.3,1,-0.9,2,1.1
S02000704,S02000675,7,0,0,7,-7,-7,0,14,7,4,1.3,6,0.4,3,-1.6,8,-0.4
S02000704,S02000676,8,0,0,11,-8,-8,3,19,11,6,0.9,8,0,4,-1.9,11,0
S02000704,S02000681,0,0,0,7,0,0,7,7,7,2,-1.5,3,-1.7,1,-1.1,4,1.5
S02000704,S02000683,0,0,0,5,0,0,5,5,5,2,-1.2,2,-1.5,1,-1,3,1.3
S02000704,S02000684,0,6,0,4,0,6,4,10,10,3,-1.8,4,0.8,2,-1.4,6,-0.7
S02000704,S02000685,0,0,3,7,3,0,7,10,10,3,-1.8,4,-2.1,2,0.8,6,1.8
S02000704,S02000688,15,7,4,8,-11,-8,-7,34,19,11,1.4,14,2,6,-0.9,20,-1.7
S02000704,S02000689,10,0,0,8,-10,-10,-2,18,8,6,1.9,8,0.8,3,-1.8,10,-0.7
S02000704,S02000690,0,0,0,4,0,0,4,4,4,1,-1.1,2,-1.3,1,-0.9,2,1.1
S02000704,S02000691,11,0,0,4,-11,-11,-7,15,4,5,2.9,6,1.8,3,-1.7,9,-1.6
S02000704,S02000692,6,0,4,5,-2,-6,-1,15,9,5,0.6,6,-0.2,3,0.7,9,0.1
S02000704,S02000693,4,0,0,0,-4,-4,-4,4,0,1,2.5,2,1.8,1,-0.9,2,-1.5
S02000704,S02000694,3,0,0,0,-3,-3,-3,3,0,1,2.1,1,1.5,1,-0.7,2,-1.3
S02000704,S02000700,4,0,0,3,-4,-4,-1,7,3,2,1.2,3,0.6,1,-1.1,4,-0.5
S02000704,S02000701,6,6,3,10,-3,0,4,25,19,8,-0.6,11,0.4,5,-0.8,14,-0.4
S02000704,S02000702,12,0,0,7,-12,-12,-5,19,7,6,2.5,8,1.4,4,-1.9,11,-1.2
S02000704,S02000704,5,6,0,8,-5,1,3,19,14,6,-0.4,8,1,4,-1.9,11,-0.9
S02000704,S02000705,0,0,0,7,0,0,7,7,7,2,-1.5,3,-1.7,1,-1.1,4,1.5
S02000704,S02000708,3,0,0,0,-3,-3,-3,3,0,1,2.1,1,1.5,1,-0.7,2,-1.3
S02000704,S02000710,9,4,0,27,-9,-5,18,40,31,12,-1,17,-1,7,-2.7,23,0.8
S02000704,S02000716,5,0,0,0,-5,-5,-5,5,0,2,2.8,2,2,1,-1,3,-1.7
S02000704,S02000781,4,0,0,0,-4,-4,-4,4,0,1,2.5,2,1.8,1,-0.9,2,-1.5
S02000704,S02001013,0,5,3,0,3,5,0,8,8,2,-1.6,3,0.9,1,1.2,5,-0.7
S02000704,S02001184,0,0,0,3,0,0,3,3,3,1,-1,1,-1.1,1,-0.7,2,1
S02000704,S02001185,5,0,0,4,-5,-5,-1,9,4,3,1.3,4,0.6,2,-1.3,5,-0.5
S02000704,S02001189,0,0,0,6,0,0,6,6,6,2,-1.4,3,-1.6,1,-1.1,3,1.4
S02000705,S02000262,0,0,0,4,0,0,4,4,4,1,-1.1,2,-1.3,1,-0.9,2,1.1
S02000705,S02000263,0,0,8,4,8,0,4,12,12,4,-1.9,5,-2.3,2,3.9,7,1.9
S02000705,S02000266,0,0,0,7,0,0,7,7,7,2,-1.5,3,-1.7,1,-1.1,4,1.5
S02000705,S02000269,4,0,0,8,-4,-4,4,12,8,4,0.1,5,-0.5,2,-1.5,7,0.4
S02000705,S02000270,0,0,0,3,0,0,3,3,3,1,-1,1,-1.1,1,-0.7,2,1
S02000705,S02000271,0,0,0,5,0,0,5,5,5,2,-1.2,2,-1.5,1,-1,3,1.3
S02000705,S02000272,0,0,4,8,4,0,8,12,12,4,-1.9,5,-2.3,2,1.2,7,1.9
S02000705,S02000276,0,0,0,4,0,0,4,4,4,1,-1.1,2,-1.3,1,-0.9,2,1.1
S02000705,S02000279,0,0,0,13,0,0,13,13,13,4,-2,6,-2.4,2,-1.6,7,2
S02000705,S02000281,0,0,0,6,0,0,6,6,6,2,-1.4,3,-1.6,1,-1.1,3,1.4
S02000705,S02000282,0,0,0,3,0,0,3,3,3,1,-1,1,-1.1,1,-0.7,2,1
S02000705,S02000587,0,0,3,0,3,0,0,3,3,1,-1,1,-1.1,1,3.3,2,1
S02000705,S02000597,0,0,0,3,0,0,3,3,3,1,-1,1,-1.1,1,-0.7,2,1
S02000705,S02000599,0,3,0,3,0,3,3,6,6,2,-1.4,3,0.3,1,-1.1,3,-0.2
S02000705,S02000607,10,0,0,0,-10,-10,-10,10,0,3,3.9,4,2.8,2,-1.4,6,-2.4
S02000705,S02000609,0,0,0,7,0,0,7,7,7,2,-1.5,3,-1.7,1,-1.1,4,1.5
S02000705,S02000610,0,0,0,4,0,0,4,4,4,1,-1.1,2,-1.3,1,-0.9,2,1.1
S02000705,S02000611,0,5,0,3,0,5,3,8,8,2,-1.6,3,0.9,1,-1.2,5,-0.7
S02000705,S02000615,0,0,0,6,0,0,6,6,6,2,-1.4,3,-1.6,1,-1.1,3,1.4
S02000705,S02000620,0,0,0,3,0,0,3,3,3,1,-1,1,-1.1,1,-0.7,2,1
S02000705,S02000622,0,0,0,5,0,0,5,5,5,2,-1.2,2,-1.5,1,-1,3,1.3
S02000705,S02000628,5,0,0,4,-5,-5,-1,9,4,3,1.3,4,0.6,2,-1.3,5,-0.5
S02000705,S02000631,0,0,0,5,0,0,5,5,5,2,-1.2,2,-1.5,1,-1,3,1.3
S02000705,S02000632,4,0,0,0,-4,-4,-4,4,0,1,2.5,2,1.8,1,-0.9,2,-1.5
S02000705,S02000633,5,0,0,0,-5,-5,-5,5,0,2,2.8,2,2,1,-1,3,-1.7
S02000705,S02000634,9,0,8,10,-1,-9,1,27,18,8,0.2,11,-0.7,5,1.3,16,0.6
S02000705,S02000635,5,0,0,6,-5,-5,1,11,6,3,0.9,5,0.1,2,-1.4,6,-0.1
S02000705,S02000638,0,0,0,3,0,0,3,3,3,1,-1,1,-1.1,1,-0.7,2,1
S02000705,S02000644,5,0,23,0,18,-5,-5,28,23,9,-1.3,12,-2,5,7.8,16,1.7
S02000705,S02000647,0,0,0,4,0,0,4,4,4,1,-1.1,2,-1.3,1,-0.9,2,1.1
S02000705,S02000648,0,0,0,4,0,0,4,4,4,1,-1.1,2,-1.3,1,-0.9,2,1.1
S02000705,S02000651,0,0,17,7,17,0,7,24,24,7,-2.7,10,-3.2,4,6,14,2.7
S02000705,S02000655,76,18,179,94,103,-58,18,367,291,114,-3.6,156,-5,68,13.5,211,4.3
S02000705,S02000656,10,17,3,8,-7,7,-2,38,28,12,-0.5,16,2.7,7,-1.5,22,-2.3
S02000705,S02000658,56,4,33,77,-23,-52,21,170,114,53,0.4,72,-1.4,31,0.3,98,1.2
S02000705,S02000659,0,0,5,0,5,0,0,5,5,2,-1.2,2,-1.5,1,4.2,3,1.3
S02000705,S02000660,31,8,3,9,-28,-23,-22,51,20,16,3.8,22,3.7,9,-2.1,29,-3.2
S02000705,S02000661,31,0,18,16,-13,-31,-15,65,34,20,2.4,28,0.6,12,1.7,37,-0.5
S02000705,S02000664,40,3,0,20,-40,-37,-20,63,23,20,4.6,27,3.1,12,-3.4,36,-2.7
S02000705,S02000665,3,0,12,8,9,-3,5,23,20,7,-1.6,10,-2.2,4,3.8,13,1.9
S02000705,S02000667,4,0,0,0,-4,-4,-4,4,0,1,2.5,2,1.8,1,-0.9,2,-1.5
S02000705,S02000668,3,3,0,9,-3,0,6,15,12,5,-0.8,6,-0.2,3,-1.7,9,0.1
S02000705,S02000669,0,0,5,4,5,0,4,9,9,3,-1.7,4,-2,2,2.6,5,1.7
S02000705,S02000670,9,7,3,0,-6,-2,-9,19,10,6,1.3,8,2.8,4,-0.3,11,-2.4
S02000705,S02000671,0,0,3,5,3,0,5,8,8,2,-1.6,3,-1.8,1,1.2,5,1.6
S02000705,S02000672,6,3,10,64,4,-3,58,83,77,26,-3.9,35,-4.4,15,-1.4,48,3.8
S02000705,S02000673,3,3,0,5,-3,0,2,11,8,3,-0.2,5,0.6,2,-1.4,6,-0.5
S02000705,S02000675,0,0,0,6,0,0,6,6,6,2,-1.4,3,-1.6,1,-1.1,3,1.4
S02000705,S02000676,6,4,4,0,-2,-2,-6,14,8,4,0.8,6,1.7,3,0.9,8,-1.4
S02000705,S02000677,0,0,0,8,0,0,8,8,8,2,-1.6,3,-1.8,1,-1.2,5,1.6
S02000705,S02000679,0,3,0,5,0,3,5,8,8,2,-1.6,3,-0.2,1,-1.2,5,0.2
S02000705,S02000680,3,0,0,0,-3,-3,-3,3,0,1,2.1,1,1.5,1,-0.7,2,-1.3
S02000705,S02000681,7,0,0,11,-7,-7,4,18,11,6,0.6,8,-0.2,3,-1.8,10,0.2
S02000705,S02000684,10,22,5,7,-5,12,-3,44,34,14,-1,19,3.1,8,-1.1,25,-2.6
S02000705,S02000685,0,0,0,5,0,0,5,5,5,2,-1.2,2,-1.5,1,-1,3,1.3
S02000705,S02000688,4,0,0,9,-4,-4,5,13,9,4,0,6,-0.7,2,-1.6,7,0.6
S02000705,S02000689,72,3,11,28,-61,-69,-44,114,42,36,6.1,48,3.8,21,-2.2,66,-3.3
S02000705,S02000690,6,0,0,4,-6,-6,-2,10,4,3,1.6,4,0.8,2,-1.4,6,-0.7
S02000705,S02000691,15,0,0,0,-15,-15,-15,15,0,5,4.8,6,3.4,3,-1.7,9,-2.9
S02000705,S02000693,5,0,0,0,-5,-5,-5,5,0,2,2.8,2,2,1,-1,3,-1.7
S02000705,S02000696,4,0,0,0,-4,-4,-4,4,0,1,2.5,2,1.8,1,-0.9,2,-1.5
S02000705,S02000697,3,0,0,0,-3,-3,-3,3,0,1,2.1,1,1.5,1,-0.7,2,-1.3
S02000705,S02000698,0,0,0,5,0,0,5,5,5,2,-1.2,2,-1.5,1,-1,3,1.3
S02000705,S02000699,4,0,0,0,-4,-4,-4,4,0,1,2.5,2,1.8,1,-0.9,2,-1.5
S02000705,S02000701,7,0,0,3,-7,-7,-4,10,3,3,2.2,4,1.3,2,-1.4,6,-1.1
S02000705,S02000702,25,8,11,61,-14,-17,36,105,80,33,-1.3,45,-1.7,19,-1.9,60,1.5
S02000705,S02000705,9,11,6,24,-3,2,15,50,41,16,-1.7,21,-0.3,9,-1.1,29,0.2
S02000705,S02000709,3,0,0,5,-3,-3,2,8,5,2,0.3,3,-0.2,1,-1.2,5,0.2
S02000705,S02000710,0,8,9,7,9,8,7,24,24,7,-2.7,10,-0.7,4,2.2,14,0.6
S02000705,S02000711,0,3,0,9,0,3,9,12,12,4,-1.9,5,-0.9,2,-1.5,7,0.8
S02000705,S02000712,8,6,0,4,-8,-2,-4,18,10,6,1,8,2.3,3,-1.8,10,-2
S02000705,S02000715,0,0,0,6,0,0,6,6,6,2,-1.4,3,-1.6,1,-1.1,3,1.4
S02000705,S02000716,10,0,0,0,-10,-10,-10,10,0,3,3.9,4,2.8,2,-1.4,6,-2.4
S02000705,S02000781,0,0,0,3,0,0,3,3,3,1,-1,1,-1.1,1,-0.7,2,1
S02000705,S02000783,4,0,0,0,-4,-4,-4,4,0,1,2.5,2,1.8,1,-0.9,2,-1.5
S02000705,S02000993,5,0,0,0,-5,-5,-5,5,0,2,2.8,2,2,1,-1,3,-1.7
S02000705,S02001000,8,0,3,6,-5,-8,-2,17,9,5,1.2,7,0.3,3,-0.1,10,-0.2
S02000705,S02001010,12,3,5,3,-7,-9,-9,23,11,7,1.8,10,1.7,4,0.4,13,-1.4
S02000705,S02001013,4,11,0,13,-4,7,9,28,24,9,-1.6,12,0.9,5,-2.3,16,-0.8
S02000705,S02001014,0,0,0,3,0,0,3,3,3,1,-1,1,-1.1,1,-0.7,2,1
S02000705,S02001015,0,9,7,3,7,9,3,19,19,6,-2.4,8,0.3,4,1.9,11,-0.3
S02000705,S02001016,0,4,0,0,0,4,0,4,4,1,-1.1,2,1.8,1,-0.9,2,-1.5
S02000705,S02001161,0,3,0,0,0,3,0,3,3,1,-1,1,1.5,1,-0.7,2,-1.3
S02000705,S02001184,3,0,0,0,-3,-3,-3,3,0,1,2.1,1,1.5,1,-0.7,2,-1.3
S02000705,S02001185,21,7,15,19,-6,-14,-2,62,41,19,0.4,26,0.3,11,1,36,-0.3
S02000705,S02001186,0,0,0,3,0,0,3,3,3,1,-1,1,-1.1,1,-0.7,2,1
S02000705,S02001187,0,0,0,9,0,0,9,9,9,3,-1.7,4,-2,2,-1.3,5,1.7
S02000705,S02001188,4,0,0,0,-4,-4,-4,4,0,1,2.5,2,1.8,1,-0.9,2,-1.5
S02000705,S02001189,3,0,0,0,-3,-3,-3,3,0,1,2.1,1,1.5,1,-0.7,2,-1.3
S02000705,S02001192,7,0,3,3,-4,-7,-4,13,6,4,1.5,6,0.6,2,0.4,7,-0.5
S02000705,S02001193,3,0,0,0,-3,-3,-3,3,0,1,2.1,1,1.5,1,-0.7,2,-1.3
S02000705,S02001194,4,0,0,0,-4,-4,-4,4,0,1,2.5,2,1.8,1,-0.9,2,-1.5
S02000706,S02000263,0,0,3,0,3,0,0,3,3,1,-1,1,-1.1,1,3.3,2,1
S02000706,S02000281,3,3,0,0,-3,0,-3,6,3,2,0.8,3,2.2,1,-1.1,3,-1.9
S02000706,S02000284,0,4,0,0,0,4,0,4,4,1,-1.1,2,1.8,1,-0.9,2,-1.5
S02000706,S02000318,0,0,0,3,0,0,3,3,3,1,-1,1,-1.1,1,-0.7,2,1
S02000706,S02000597,0,0,0,7,0,0,7,7,7,2,-1.5,3,-1.7,1,-1.1,4,1.5
S02000706,S02000602,0,0,0,3,0,0,3,3,3,1,-1,1,-1.1,1,-0.7,2,1
S02000706,S02000631,0,0,4,0,4,0,0,4,4,1,-1.1,2,-1.3,1,3.8,2,1.1
S02000706,S02000633,5,0,0,0,-5,-5,-5,5,0,2,2.8,2,2,1,-1,3,-1.7
S02000706,S02000634,0,0,0,3,0,0,3,3,3,1,-1,1,-1.1,1,-0.7,2,1
S02000706,S02000647,3,0,0,0,-3,-3,-3,3,0,1,2.1,1,1.5,1,-0.7,2,-1.3
S02000706,S02000651,0,0,0,3,0,0,3,3,3,1,-1,1,-1.1,1,-0.7,2,1
S02000706,S02000655,24,11,69,24,45,-13,0,128,104,40,-2.5,54,-2.6,24,9.3,74,2.3
S02000706,S02000656,0,0,0,3,0,0,3,3,3,1,-1,1,-1.1,1,-0.7,2,1
S02000706,S02000658,16,5,6,14,-10,-11,-2,41,25,13,0.9,17,0.9,8,-0.6,24,-0.7
S02000706,S02000660,20,3,0,3,-20,-17,-17,26,6,8,4.2,11,3.6,5,-2.2,15,-3.1
S02000706,S02000661,13,3,5,10,-8,-10,-3,31,18,10,1.1,13,0.8,6,-0.3,18,-0.7
S02000706,S02000664,12,6,0,8,-12,-6,-4,26,14,8,1.4,11,2.1,5,-2.2,15,-1.8
S02000706,S02000665,4,0,3,0,-1,-4,-4,7,3,2,1.2,3,0.6,1,1.5,4,-0.5
S02000706,S02000668,0,0,0,4,0,0,4,4,4,1,-1.1,2,-1.3,1,-0.9,2,1.1
S02000706,S02000669,0,0,4,6,4,0,6,10,10,3,-1.8,4,-2.1,2,1.6,6,1.8
S02000706,S02000670,3,0,0,0,-3,-3,-3,3,0,1,2.1,1,1.5,1,-0.7,2,-1.3
S02000706,S02000672,0,0,0,14,0,0,14,14,14,4,-2.1,6,-2.4,3,-1.6,8,2.1
S02000706,S02000673,0,0,0,6,0,0,6,6,6,2,-1.4,3,-1.6,1,-1.1,3,1.4
S02000706,S02000679,4,0,0,0,-4,-4,-4,4,0,1,2.5,2,1.8,1,-0.9,2,-1.5
S02000706,S02000681,0,0,0,4,0,0,4,4,4,1,-1.1,2,-1.3,1,-0.9,2,1.1
S02000706,S02000684,7,12,4,3,-3,5,-4,26,19,8,-0.4,11,2.4,5,-0.4,15,-2.1
S02000706,S02000685,0,0,0,4,0,0,4,4,4,1,-1.1,2,-1.3,1,-0.9,2,1.1
S02000706,S02000688,3,0,0,0,-3,-3,-3,3,0,1,2.1,1,1.5,1,-0.7,2,-1.3
S02000706,S02000689,37,0,0,10,-37,-37,-27,47,10,15,5.8,20,3.8,9,-2.9,27,-3.3
S02000706,S02000690,0,0,0,3,0,0,3,3,3,1,-1,1,-1.1,1,-0.7,2,1
S02000706,S02000691,3,0,0,0,-3,-3,-3,3,0,1,2.1,1,1.5,1,-0.7,2,-1.3
S02000706,S02000693,3,0,0,0,-3,-3,-3,3,0,1,2.1,1,1.5,1,-0.7,2,-1.3
S02000706,S02000695,0,0,0,3,0,0,3,3,3,1,-1,1,-1.1,1,-0.7,2,1
S02000706,S02000696,0,4,0,6,0,4,6,10,10,3,-1.8,4,-0.1,2,-1.4,6,0.1
S02000706,S02000698,0,0,0,4,0,0,4,4,4,1,-1.1,2,-1.3,1,-0.9,2,1.1
S02000706,S02000699,13,0,3,0,-10,-13,-13,16,3,5,3.6,7,2.4,3,0,9,-2
S02000706,S02000701,0,0,0,4,0,0,4,4,4,1,-1.1,2,-1.3,1,-0.9,2,1.1
S02000706,S02000702,6,0,0,11,-6,-6,5,17,11,5,0.3,7,-0.5,3,-1.8,10,0.4
S02000706,S02000703,0,0,0,3,0,0,3,3,3,1,-1,1,-1.1,1,-0.7,2,1
S02000706,S02000705,0,3,0,12,0,3,12,15,15,5,-2.2,6,-1.3,3,-1.7,9,1.2
S02000706,S02000706,0,0,0,4,0,0,4,4,4,1,-1.1,2,-1.3,1,-0.9,2,1.1
S02000706,S02000707,4,0,0,0,-4,-4,-4,4,0,1,2.5,2,1.8,1,-0.9,2,-1.5
S02000706,S02000711,0,3,0,11,0,3,11,14,14,4,-2.1,6,-1.2,3,-1.6,8,1
S02000706,S02000712,14,3,4,8,-10,-11,-6,29,15,9,1.7,12,1.3,5,-0.6,17,-1.1
S02000706,S02000714,4,0,0,0,-4,-4,-4,4,0,1,2.5,2,1.8,1,-0.9,2,-1.5
S02000706,S02000716,8,0,0,4,-8,-8,-4,12,4,4,2.2,5,1.3,2,-1.5,7,-1.1
S02000706,S02001000,0,0,0,6,0,0,6,6,6,2,-1.4,3,-1.6,1,-1.1,3,1.4
S02000706,S02001010,3,0,5,0,2,-3,-3,8,5,2,0.3,3,-0.2,1,2.9,5,0.2
S02000706,S02001013,0,6,0,4,0,6,4,10,10,3,-1.8,4,0.8,2,-1.4,6,-0.7
S02000706,S02001160,0,0,0,3,0,0,3,3,3,1,-1,1,-1.1,1,-0.7,2,1
S02000706,S02001162,0,0,3,0,3,0,0,3,3,1,-1,1,-1.1,1,3.3,2,1
S02000706,S02001184,0,5,0,0,0,5,0,5,5,2,-1.2,2,2,1,-1,3,-1.7
S02000706,S02001185,14,7,7,9,-7,-7,-5,37,23,12,0.7,16,1.3,7,0.1,21,-1.1
S02000706,S02001189,3,0,0,0,-3,-3,-3,3,0,1,2.1,1,1.5,1,-0.7,2,-1.3
S02000706,S02001192,3,0,0,0,-3,-3,-3,3,0,1,2.1,1,1.5,1,-0.7,2,-1.3
S02000706,S02001194,4,0,0,0,-4,-4,-4,4,0,1,2.5,2,1.8,1,-0.9,2,-1.5
S02000707,S02000262,0,0,0,3,0,0,3,3,3,1,-1,1,-1.1,1,-0.7,2,1
S02000707,S02000269,4,0,0,0,-4,-4,-4,4,0,1,2.5,2,1.8,1,-0.9,2,-1.5
S02000707,S02000270,0,0,4,0,4,0,0,4,4,1,-1.1,2,-1.3,1,3.8,2,1.1
S02000707,S02000281,3,0,0,0,-3,-3,-3,3,0,1,2.1,1,1.5,1,-0.7,2,-1.3
S02000707,S02000284,4,0,0,0,-4,-4,-4,4,0,1,2.5,2,1.8,1,-0.9,2,-1.5
S02000707,S02000634,4,0,3,3,-1,-4,-1,10,6,3,0.5,4,-0.1,2,0.8,6,0.1
S02000707,S02000635,5,0,0,0,-5,-5,-5,5,0,2,2.8,2,2,1,-1,3,-1.7
S02000707,S02000651,4,0,0,0,-4,-4,-4,4,0,1,2.5,2,1.8,1,-0.9,2,-1.5
S02000707,S02000655,23,9,40,30,17,-14,7,102,79,32,-1.6,43,-1.7,19,4.9,59,1.5
S02000707,S02000656,3,3,3,0,0,0,-3,9,6,3,0.1,4,1.1,2,1,5,-1
S02000707,S02000658,26,0,4,20,-22,-26,-6,50,24,16,2.6,21,1,9,-1.7,29,-0.9
S02000707,S02000660,7,3,0,4,-7,-4,-3,14,7,4,1.3,6,1.7,3,-1.6,8,-1.4
S02000707,S02000661,9,0,4,7,-5,-9,-2,20,11,6,1.1,9,0.2,4,0.2,11,-0.1
S02000707,S02000664,3,5,0,7,-3,2,4,15,12,5,-0.8,6,0.6,3,-1.7,9,-0.6
S02000707,S02000667,3,0,0,0,-3,-3,-3,3,0,1,2.1,1,1.5,1,-0.7,2,-1.3
S02000707,S02000668,0,0,0,3,0,0,3,3,3,1,-1,1,-1.1,1,-0.7,2,1
S02000707,S02000669,0,0,0,4,0,0,4,4,4,1,-1.1,2,-1.3,1,-0.9,2,1.1
S02000707,S02000670,0,3,0,0,0,3,0,3,3,1,-1,1,1.5,1,-0.7,2,-1.3
S02000707,S02000671,0,0,0,10,0,0,10,10,10,3,-1.8,4,-2.1,2,-1.4,6,1.8
S02000707,S02000672,0,3,0,16,0,3,16,19,19,6,-2.4,8,-1.8,4,-1.9,11,1.5
S02000707,S02000673,0,5,0,0,0,5,0,5,5,2,-1.2,2,2,1,-1,3,-1.7
S02000707,S02000676,13,0,0,0,-13,-13,-13,13,0,4,4.4,6,3.2,2,-1.6,7,-2.7
S02000707,S02000679,0,3,0,0,0,3,0,3,3,1,-1,1,1.5,1,-0.7,2,-1.3
S02000707,S02000681,0,0,0,4,0,0,4,4,4,1,-1.1,2,-1.3,1,-0.9,2,1.1
S02000707,S02000682,0,0,0,4,0,0,4,4,4,1,-1.1,2,-1.3,1,-0.9,2,1.1
S02000707,S02000684,8,13,0,14,-8,5,6,35,27,11,-0.9,15,1.6,6,-2.5,20,-1.4
S02000707,S02000689,33,0,3,15,-30,-33,-18,51,18,16,4.3,22,2.4,9,-2.1,29,-2.1
S02000707,S02000690,4,0,0,0,-4,-4,-4,4,0,1,2.5,2,1.8,1,-0.9,2,-1.5
S02000707,S02000691,3,0,0,0,-3,-3,-3,3,0,1,2.1,1,1.5,1,-0.7,2,-1.3
S02000707,S02000696,8,5,0,3,-8,-3,-5,16,8,5,1.4,7,2.4,3,-1.7,9,-2
S02000707,S02000698,0,0,0,5,0,0,5,5,5,2,-1.2,2,-1.5,1,-1,3,1.3
S02000707,S02000699,3,0,0,0,-3,-3,-3,3,0,1,2.1,1,1.5,1,-0.7,2,-1.3
S02000707,S02000701,3,0,0,3,-3,-3,0,6,3,2,0.8,3,0.3,1,-1.1,3,-0.2
S02000707,S02000702,3,0,0,4,-3,-3,1,7,4,2,0.6,3,0,1,-1.1,4,0
S02000707,S02000705,8,0,0,7,-8,-8,-1,15,7,5,1.5,6,0.6,3,-1.7,9,-0.6
S02000707,S02000706,3,0,0,0,-3,-3,-3,3,0,1,2.1,1,1.5,1,-0.7,2,-1.3
S02000707,S02000707,15,0,0,8,-15,-15,-7,23,8,7,2.9,10,1.7,4,-2.1,13,-1.4
S02000707,S02000709,0,0,0,5,0,0,5,5,5,2,-1.2,2,-1.5,1,-1,3,1.3
S02000707,S02000711,0,0,0,15,0,0,15,15,15,5,-2.2,6,-2.5,3,-1.7,9,2.2
S02000707,S02000712,8,6,4,4,-4,-2,-4,22,14,7,0.4,9,1.5,4,0,13,-1.3
S02000707,S02000714,0,0,0,3,0,0,3,3,3,1,-1,1,-1.1,1,-0.7,2,1
S02000707,S02000716,9,0,0,4,-9,-9,-5,13,4,4,2.5,6,1.5,2,-1.6,7,-1.3
S02000707,S02001010,10,0,0,0,-10,-10,-10,10,0,3,3.9,4,2.8,2,-1.4,6,-2.4
S02000707,S02001013,0,4,0,4,0,4,4,8,8,2,-1.6,3,0.3,1,-1.2,5,-0.3
S02000707,S02001014,0,5,0,0,0,5,0,5,5,2,-1.2,2,2,1,-1,3,-1.7
S02000707,S02001185,16,10,6,32,-10,-6,16,64,48,20,-0.9,27,-0.2,12,-1.7,37,0.2
S02000707,S02001186,0,0,0,3,0,0,3,3,3,1,-1,1,-1.1,1,-0.7,2,1
S02000707,S02001187,0,0,0,8,0,0,8,8,8,2,-1.6,3,-1.8,1,-1.2,5,1.6
S02000707,S02001188,4,0,0,0,-4,-4,-4,4,0,1,2.5,2,1.8,1,-0.9,2,-1.5
S02000707,S02001189,0,0,0,4,0,0,4,4,4,1,-1.1,2,-1.3,1,-0.9,2,1.1
S02000707,S02001192,0,0,0,6,0,0,6,6,6,2,-1.4,3,-1.6,1,-1.1,3,1.4
S02000707,S02001193,3,0,0,0,-3,-3,-3,3,0,1,2.1,1,1.5,1,-0.7,2,-1.3
S02000707,S02001198,3,0,0,4,-3,-3,1,7,4,2,0.6,3,0,1,-1.1,4,0
S02000707,S02001199,0,3,0,0,0,3,0,3,3,1,-1,1,1.5,1,-0.7,2,-1.3
S02000708,S02000260,8,0,0,3,-8,-8,-5,11,3,3,2.5,5,1.5,2,-1.4,6,-1.3
S02000708,S02000262,0,0,0,5,0,0,5,5,5,2,-1.2,2,-1.5,1,-1,3,1.3
S02000708,S02000264,3,0,0,18,-3,-3,15,21,18,7,-1.4,9,-2,4,-2,12,1.7
S02000708,S02000270,0,5,5,0,5,5,0,10,10,3,-1.8,4,0.4,2,2.3,6,-0.3
S02000708,S02000326,0,0,3,0,3,0,0,3,3,1,-1,1,-1.1,1,3.3,2,1
S02000708,S02000610,0,0,3,0,3,0,0,3,3,1,-1,1,-1.1,1,3.3,2,1
S02000708,S02000614,0,0,0,4,0,0,4,4,4,1,-1.1,2,-1.3,1,-0.9,2,1.1
S02000708,S02000633,4,0,0,0,-4,-4,-4,4,0,1,2.5,2,1.8,1,-0.9,2,-1.5
S02000708,S02000634,5,0,4,7,-1,-5,2,16,11,5,0,7,-0.7,3,0.6,9,0.6
S02000708,S02000644,0,0,0,3,0,0,3,3,3,1,-1,1,-1.1,1,-0.7,2,1
S02000708,S02000651,0,0,0,4,0,0,4,4,4,1,-1.1,2,-1.3,1,-0.9,2,1.1
S02000708,S02000655,28,4,39,51,11,-24,23,122,94,38,-1.6,52,-2.8,23,3.5,70,2.4
S02000708,S02000658,51,4,13,39,-38,-47,-12,107,56,33,3.1,46,1.4,20,-1.5,61,-1.2
S02000708,S02000661,0,0,6,0,6,0,0,6,6,2,-1.4,3,-1.6,1,4.6,3,1.4
S02000708,S02000663,0,0,0,4,0,0,4,4,4,1,-1.1,2,-1.3,1,-0.9,2,1.1
S02000708,S02000664,4,0,0,0,-4,-4,-4,4,0,1,2.5,2,1.8,1,-0.9,2,-1.5
S02000708,S02000665,0,0,0,6,0,0,6,6,6,2,-1.4,3,-1.6,1,-1.1,3,1.4
S02000708,S02000666,8,0,3,13,-5,-8,5,24,16,7,0.2,10,-0.7,4,-0.7,14,0.6
S02000708,S02000669,0,0,0,11,0,0,11,11,11,3,-1.9,5,-2.2,2,-1.4,6,1.9
S02000708,S02000670,8,4,0,14,-8,-4,6,26,18,8,0,11,0.3,5,-2.2,15,-0.2
S02000708,S02000676,8,4,9,21,1,-4,13,42,34,13,-1.4,18,-1.4,8,0.4,24,1.2
S02000708,S02000680,4,0,0,5,-4,-4,1,9,5,3,0.7,4,0.1,2,-1.3,5,-0.1
S02000708,S02000681,0,0,0,4,0,0,4,4,4,1,-1.1,2,-1.3,1,-0.9,2,1.1
S02000708,S02000684,0,3,0,0,0,3,0,3,3,1,-1,1,1.5,1,-0.7,2,-1.3
S02000708,S02000685,4,0,0,6,-4,-4,2,10,6,3,0.5,4,-0.1,2,-1.4,6,0.1
S02000708,S02000688,0,0,0,4,0,0,4,4,4,1,-1.1,2,-1.3,1,-0.9,2,1.1
S02000708,S02000689,5,0,0,0,-5,-5,-5,5,0,2,2.8,2,2,1,-1,3,-1.7
S02000708,S02000691,17,0,0,4,-17,-17,-13,21,4,7,4.1,9,2.7,4,-2,12,-2.3
S02000708,S02000692,19,0,0,12,-19,-19,-7,31,12,10,3,13,1.6,6,-2.4,18,-1.4
S02000708,S02000693,4,0,0,0,-4,-4,-4,4,0,1,2.5,2,1.8,1,-0.9,2,-1.5
S02000708,S02000694,4,0,0,3,-4,-4,-1,7,3,2,1.2,3,0.6,1,-1.1,4,-0.5
S02000708,S02000695,0,0,0,5,0,0,5,5,5,2,-1.2,2,-1.5,1,-1,3,1.3
S02000708,S02000700,3,0,0,4,-3,-3,1,7,4,2,0.6,3,0,1,-1.1,4,0
S02000708,S02000701,6,13,3,14,-3,7,8,36,30,11,-1.6,15,0.9,7,-1.4,21,-0.8
S02000708,S02000708,10,0,4,16,-6,-10,6,30,20,9,0.2,13,-0.8,6,-0.7,17,0.7
S02000708,S02000710,0,0,0,3,0,0,3,3,3,1,-1,1,-1.1,1,-0.7,2,1
S02000708,S02000713,0,6,0,3,0,6,3,9,9,3,-1.7,4,1.1,2,-1.3,5,-1
S02000708,S02000715,0,0,0,3,0,0,3,3,3,1,-1,1,-1.1,1,-0.7,2,1
S02000708,S02001015,0,4,0,0,0,4,0,4,4,1,-1.1,2,1.8,1,-0.9,2,-1.5
S02000709,S02000263,0,0,7,0,7,0,0,7,7,2,-1.5,3,-1.7,1,5,4,1.5
S02000709,S02000269,0,0,0,7,0,0,7,7,7,2,-1.5,3,-1.7,1,-1.1,4,1.5
S02000709,S02000276,0,0,0,5,0,0,5,5,5,2,-1.2,2,-1.5,1,-1,3,1.3
S02000709,S02000278,0,0,0,3,0,0,3,3,3,1,-1,1,-1.1,1,-0.7,2,1
S02000709,S02000279,3,0,0,7,-3,-3,4,10,7,3,-0.1,4,-0.6,2,-1.4,6,0.5
S02000709,S02000281,3,0,0,0,-3,-3,-3,3,0,1,2.1,1,1.5,1,-0.7,2,-1.3
S02000709,S02000282,0,0,3,0,3,0,0,3,3,1,-1,1,-1.1,1,3.3,2,1
S02000709,S02000599,5,0,0,0,-5,-5,-5,5,0,2,2.8,2,2,1,-1,3,-1.7
S02000709,S02000610,0,3,0,0,0,3,0,3,3,1,-1,1,1.5,1,-0.7,2,-1.3
S02000709,S02000611,0,3,0,0,0,3,0,3,3,1,-1,1,1.5,1,-0.7,2,-1.3
S02000709,S02000625,0,0,0,5,0,0,5,5,5,2,-1.2,2,-1.5,1,-1,3,1.3
S02000709,S02000633,3,0,3,6,0,-3,3,12,9,4,-0.4,5,-0.9,2,0.5,7,0.8
S02000709,S02000634,7,3,3,7,-4,-4,0,20,13,6,0.3,9,0.5,4,-0.4,11,-0.4
S02000709,S02000635,5,0,0,7,-5,-5,2,12,7,4,0.7,5,0,2,-1.5,7,0
S02000709,S02000642,0,3,0,0,0,3,0,3,3,1,-1,1,1.5,1,-0.7,2,-1.3
S02000709,S02000643,3,0,0,0,-3,-3,-3,3,0,1,2.1,1,1.5,1,-0.7,2,-1.3
S02000709,S02000644,3,0,4,0,1,-3,-3,7,4,2,0.6,3,0,1,2.4,4,0
S02000709,S02000647,3,0,0,0,-3,-3,-3,3,0,1,2.1,1,1.5,1,-0.7,2,-1.3
S02000709,S02000651,0,0,12,4,12,0,4,16,16,5,-2.2,7,-2.6,3,5.3,9,2.2
S02000709,S02000655,47,18,114,60,67,-29,13,239,192,74,-3.2,102,-3.6,44,10.5,137,3.1
S02000709,S02000656,4,15,3,5,-1,11,1,27,23,8,-1.5,11,2.2,5,-0.9,16,-1.9
S02000709,S02000658,37,0,11,43,-26,-37,6,91,54,28,1.6,39,-0.3,17,-1.4,52,0.2
S02000709,S02000659,5,0,0,3,-5,-5,-2,8,3,2,1.6,3,0.9,1,-1.2,5,-0.7
S02000709,S02000660,18,0,0,0,-18,-18,-18,18,0,6,5.2,8,3.7,3,-1.8,10,-3.2
S02000709,S02000661,30,4,9,11,-21,-26,-19,54,24,17,3.2,23,2.3,10,-0.3,31,-2
S02000709,S02000664,28,0,3,9,-25,-28,-19,40,12,12,4.4,17,2.7,7,-1.6,23,-2.3
S02000709,S02000665,0,3,0,5,0,3,5,8,8,2,-1.6,3,-0.2,1,-1.2,5,0.2
S02000709,S02000666,4,0,0,3,-4,-4,-1,7,3,2,1.2,3,0.6,1,-1.1,4,-0.5
S02000709,S02000667,3,0,0,0,-3,-3,-3,3,0,1,2.1,1,1.5,1,-0.7,2,-1.3
S02000709,S02000668,7,0,0,7,-7,-7,0,14,7,4,1.3,6,0.4,3,-1.6,8,-0.4
S02000709,S02000669,0,0,7,7,7,0,7,14,14,4,-2.1,6,-2.4,3,2.7,8,2.1
S02000709,S02000670,4,9,0,0,-4,5,-4,13,9,4,0,6,3.2,2,-1.6,7,-2.7
S02000709,S02000671,0,0,0,4,0,0,4,4,4,1,-1.1,2,-1.3,1,-0.9,2,1.1
S02000709,S02000672,7,0,7,36,0,-7,29,50,43,16,-2.2,21,-3.1,9,-0.7,29,2.7
S02000709,S02000673,3,0,0,8,-3,-3,5,11,8,3,-0.2,5,-0.8,2,-1.4,6,0.7
S02000709,S02000674,0,0,0,4,0,0,4,4,4,1,-1.1,2,-1.3,1,-0.9,2,1.1
S02000709,S02000675,6,0,0,0,-6,-6,-6,6,0,2,3,3,2.2,1,-1.1,3,-1.9
S02000709,S02000676,8,8,0,7,-8,0,-1,23,15,7,0.3,10,2,4,-2.1,13,-1.7
S02000709,S02000677,4,3,0,7,-4,-1,3,14,10,4,-0.2,6,0.4,3,-1.6,8,-0.4
S02000709,S02000679,4,0,0,9,-4,-4,5,13,9,4,0,6,-0.7,2,-1.6,7,0.6
S02000709,S02000681,6,0,3,5,-3,-6,-1,14,8,4,0.8,6,0,3,0.3,8,0
S02000709,S02000682,0,0,4,3,4,0,3,7,7,2,-1.5,3,-1.7,1,2.4,4,1.5
S02000709,S02000684,15,15,5,15,-10,0,0,50,35,16,-0.1,21,1.9,9,-1.4,29,-1.6
S02000709,S02000685,3,0,0,3,-3,-3,0,6,3,2,0.8,3,0.3,1,-1.1,3,-0.2
S02000709,S02000688,4,0,0,3,-4,-4,-1,7,3,2,1.2,3,0.6,1,-1.1,4,-0.5
S02000709,S02000689,76,3,5,31,-71,-73,-45,115,39,36,6.7,49,4.3,21,-3.5,66,-3.7
S02000709,S02000690,6,0,0,3,-6,-6,-3,9,3,3,1.9,4,1.1,2,-1.3,5,-1
S02000709,S02000691,8,0,0,5,-8,-8,-3,13,5,4,2,6,1.1,2,-1.6,7,-0.9
S02000709,S02000692,4,0,0,7,-4,-4,3,11,7,3,0.3,5,-0.3,2,-1.4,6,0.3
S02000709,S02000696,3,3,0,3,-3,0,0,9,6,3,0.1,4,1.1,2,-1.3,5,-1
S02000709,S02000698,0,0,0,6,0,0,6,6,6,2,-1.4,3,-1.6,1,-1.1,3,1.4
S02000709,S02000699,7,0,0,0,-7,-7,-7,7,0,2,3.3,3,2.3,1,-1.1,4,-2
S02000709,S02000702,12,0,4,31,-8,-12,19,47,35,15,-0.7,20,-1.8,9,-1.6,27,1.5
S02000709,S02000705,15,9,0,31,-15,-6,16,55,40,17,-0.5,23,0.1,10,-3.2,32,-0.1
S02000709,S02000706,4,0,0,0,-4,-4,-4,4,0,1,2.5,2,1.8,1,-0.9,2,-1.5
S02000709,S02000707,0,0,0,3,0,0,3,3,3,1,-1,1,-1.1,1,-0.7,2,1
S02000709,S02000709,3,6,3,10,0,3,7,22,19,7,-1.5,9,-0.1,4,-0.5,13,0.1
S02000709,S02000710,0,0,3,5,3,0,5,8,8,2,-1.6,3,-1.8,1,1.2,5,1.6
S02000709,S02000711,0,3,0,14,0,3,14,17,17,5,-2.3,7,-1.6,3,-1.8,10,1.4
S02000709,S02000712,18,15,0,6,-18,-3,-12,39,21,12,1.7,17,4,7,-2.7,22,-3.5
S02000709,S02000714,5,0,0,0,-5,-5,-5,5,0,2,2.8,2,2,1,-1,3,-1.7
S02000709,S02000716,15,0,0,7,-15,-15,-8,22,7,7,3.1,9,1.8,4,-2,13,-1.6
S02000709,S02000784,0,0,0,3,0,0,3,3,3,1,-1,1,-1.1,1,-0.7,2,1
S02000709,S02000785,5,0,0,0,-5,-5,-5,5,0,2,2.8,2,2,1,-1,3,-1.7
S02000709,S02001000,6,0,0,8,-6,-6,2,14,8,4,0.8,6,0,3,-1.6,8,0
S02000709,S02001010,4,3,0,6,-4,-1,2,13,9,4,0,6,0.6,2,-1.6,7,-0.5
S02000709,S02001013,0,6,0,3,0,6,3,9,9,3,-1.7,4,1.1,2,-1.3,5,-1
S02000709,S02001014,0,4,0,0,0,4,0,4,4,1,-1.1,2,1.8,1,-0.9,2,-1.5
S02000709,S02001015,0,9,0,0,0,9,0,9,9,3,-1.7,4,2.6,2,-1.3,5,-2.3
S02000709,S02001185,25,10,10,37,-15,-15,12,82,57,26,-0.1,35,0,15,-1.3,47,0
S02000709,S02001189,0,0,0,3,0,0,3,3,3,1,-1,1,-1.1,1,-0.7,2,1
S02000710,S02000263,4,0,0,0,-4,-4,-4,4,0,1,2.5,2,1.8,1,-0.9,2,-1.5
S02000710,S02000264,0,0,0,7,0,0,7,7,7,2,-1.5,3,-1.7,1,-1.1,4,1.5
S02000710,S02000266,0,0,0,7,0,0,7,7,7,2,-1.5,3,-1.7,1,-1.1,4,1.5
S02000710,S02000269,0,0,0,8,0,0,8,8,8,2,-1.6,3,-1.8,1,-1.2,5,1.6
S02000710,S02000270,0,0,5,0,5,0,0,5,5,2,-1.2,2,-1.5,1,4.2,3,1.3
S02000710,S02000272,0,0,3,0,3,0,0,3,3,1,-1,1,-1.1,1,3.3,2,1
S02000710,S02000273,0,0,0,3,0,0,3,3,3,1,-1,1,-1.1,1,-0.7,2,1
S02000710,S02000278,3,0,0,0,-3,-3,-3,3,0,1,2.1,1,1.5,1,-0.7,2,-1.3
S02000710,S02000279,0,0,0,12,0,0,12,12,12,4,-1.9,5,-2.3,2,-1.5,7,1.9
S02000710,S02000281,0,3,0,3,0,3,3,6,6,2,-1.4,3,0.3,1,-1.1,3,-0.2
S02000710,S02000597,0,0,0,4,0,0,4,4,4,1,-1.1,2,-1.3,1,-0.9,2,1.1
S02000710,S02000622,0,0,3,0,3,0,0,3,3,1,-1,1,-1.1,1,3.3,2,1
S02000710,S02000624,0,0,0,3,0,0,3,3,3,1,-1,1,-1.1,1,-0.7,2,1
S02000710,S02000628,6,0,0,3,-6,-6,-3,9,3,3,1.9,4,1.1,2,-1.3,5,-1
S02000710,S02000629,3,0,0,0,-3,-3,-3,3,0,1,2.1,1,1.5,1,-0.7,2,-1.3
S02000710,S02000633,0,3,0,8,0,3,8,11,11,3,-1.9,5,-0.8,2,-1.4,6,0.7
S02000710,S02000634,6,0,0,0,-6,-6,-6,6,0,2,3,3,2.2,1,-1.1,3,-1.9
S02000710,S02000640,0,0,0,3,0,0,3,3,3,1,-1,1,-1.1,1,-0.7,2,1
S02000710,S02000644,0,3,4,3,4,3,3,10,10,3,-1.8,4,-0.6,2,1.6,6,0.5
S02000710,S02000651,4,0,3,0,-1,-4,-4,7,3,2,1.2,3,0.6,1,1.5,4,-0.5
S02000710,S02000655,39,7,92,49,53,-32,10,187,148,58,-2.5,80,-3.8,35,9.8,107,3.2
S02000710,S02000656,4,5,0,0,-4,1,-4,9,5,3,0.7,4,2.6,2,-1.3,5,-2.3
S02000710,S02000657,0,0,0,3,0,0,3,3,3,1,-1,1,-1.1,1,-0.7,2,1
S02000710,S02000658,37,4,6,44,-31,-33,7,91,54,28,1.6,39,0.4,17,-2.6,52,-0.3
S02000710,S02000659,0,0,4,0,4,0,0,4,4,1,-1.1,2,-1.3,1,3.8,2,1.1
S02000710,S02000660,11,5,4,7,-7,-6,-4,27,16,8,0.9,11,1.3,5,-0.4,16,-1.1
S02000710,S02000661,12,0,7,5,-5,-12,-7,24,12,7,1.7,10,0.6,4,1.2,14,-0.5
S02000710,S02000663,0,0,3,0,3,0,0,3,3,1,-1,1,-1.1,1,3.3,2,1
S02000710,S02000664,12,0,0,7,-12,-12,-5,19,7,6,2.5,8,1.4,4,-1.9,11,-1.2
S02000710,S02000665,0,0,5,5,5,0,5,10,10,3,-1.8,4,-2.1,2,2.3,6,1.8
S02000710,S02000666,0,0,3,0,3,0,0,3,3,1,-1,1,-1.1,1,3.3,2,1
S02000710,S02000667,4,0,0,3,-4,-4,-1,7,3,2,1.2,3,0.6,1,-1.1,4,-0.5
S02000710,S02000669,6,0,7,12,1,-6,6,25,19,8,-0.6,11,-1.4,5,1.1,14,1.2
S02000710,S02000670,9,9,0,3,-9,0,-6,21,12,7,1,9,3,4,-2,12,-2.6
S02000710,S02000671,0,0,0,5,0,0,5,5,5,2,-1.2,2,-1.5,1,-1,3,1.3
S02000710,S02000672,6,3,8,37,2,-3,31,54,48,17,-2.6,23,-2.9,10,-0.6,31,2.5
S02000710,S02000674,3,0,0,0,-3,-3,-3,3,0,1,2.1,1,1.5,1,-0.7,2,-1.3
S02000710,S02000675,6,0,3,9,-3,-6,3,18,12,6,0.2,8,-0.6,3,-0.2,10,0.5
S02000710,S02000676,10,5,0,6,-10,-5,-4,21,11,7,1.4,9,2,4,-2,12,-1.7
S02000710,S02000681,0,0,0,4,0,0,4,4,4,1,-1.1,2,-1.3,1,-0.9,2,1.1
S02000710,S02000683,0,0,0,5,0,0,5,5,5,2,-1.2,2,-1.5,1,-1,3,1.3
S02000710,S02000684,7,5,0,0,-7,-2,-7,12,5,4,1.7,5,3.1,2,-1.5,7,-2.6
S02000710,S02000685,4,0,0,5,-4,-4,1,9,5,3,0.7,4,0.1,2,-1.3,5,-0.1
S02000710,S02000688,7,0,0,17,-7,-7,10,24,17,7,-0.2,10,-1,4,-2.1,14,0.9
S02000710,S02000689,27,0,0,6,-27,-27,-21,33,6,10,5.2,14,3.5,6,-2.5,19,-3
S02000710,S02000690,3,0,0,0,-3,-3,-3,3,0,1,2.1,1,1.5,1,-0.7,2,-1.3
S02000710,S02000691,8,0,0,4,-8,-8,-4,12,4,4,2.2,5,1.3,2,-1.5,7,-1.1
S02000710,S02000692,4,0,0,11,-4,-4,7,15,11,5,-0.3,6,-0.9,3,-1.7,9,0.8
S02000710,S02000693,9,0,0,0,-9,-9,-9,9,0,3,3.7,4,2.6,2,-1.3,5,-2.3
S02000710,S02000697,3,0,0,0,-3,-3,-3,3,0,1,2.1,1,1.5,1,-0.7,2,-1.3
S02000710,S02000700,8,3,0,10,-8,-5,2,21,13,7,0.6,9,0.7,4,-2,12,-0.6
S02000710,S02000701,0,10,0,0,0,10,0,10,10,3,-1.8,4,2.8,2,-1.4,6,-2.4
S02000710,S02000702,12,5,3,14,-9,-7,2,34,22,11,0.4,14,0.7,6,-1.3,20,-0.6
S02000710,S02000704,3,0,0,8,-3,-3,5,11,8,3,-0.2,5,-0.8,2,-1.4,6,0.7
S02000710,S02000709,3,0,0,0,-3,-3,-3,3,0,1,2.1,1,1.5,1,-0.7,2,-1.3
S02000710,S02000710,11,4,16,60,5,-7,49,91,80,28,-3.3,39,-3.8,17,-0.2,52,3.3
S02000710,S02000711,0,0,0,5,0,0,5,5,5,2,-1.2,2,-1.5,1,-1,3,1.3
S02000710,S02000712,0,3,0,4,0,3,4,7,7,2,-1.5,3,0,1,-1.1,4,0
S02000710,S02000713,3,4,0,0,-3,1,-3,7,4,2,0.6,3,2.3,1,-1.1,4,-2
S02000710,S02001000,0,0,0,5,0,0,5,5,5,2,-1.2,2,-1.5,1,-1,3,1.3
S02000710,S02001007,0,3,0,0,0,3,0,3,3,1,-1,1,1.5,1,-0.7,2,-1.3
S02000710,S02001010,9,0,0,0,-9,-9,-9,9,0,3,3.7,4,2.6,2,-1.3,5,-2.3
S02000710,S02001013,0,5,0,5,0,5,5,10,10,3,-1.8,4,0.4,2,-1.4,6,-0.3
S02000710,S02001015,0,3,0,3,0,3,3,6,6,2,-1.4,3,0.3,1,-1.1,3,-0.2
S02000710,S02001162,0,0,0,3,0,0,3,3,3,1,-1,1,-1.1,1,-0.7,2,1
S02000710,S02001185,9,4,0,12,-9,-5,3,25,16,8,0.4,11,0.7,5,-2.2,14,-0.6
S02000710,S02001192,5,0,0,0,-5,-5,-5,5,0,2,2.8,2,2,1,-1,3,-1.7
S02000711,S02000269,0,0,0,3,0,0,3,3,3,1,-1,1,-1.1,1,-0.7,2,1
S02000711,S02000278,3,0,0,0,-3,-3,-3,3,0,1,2.1,1,1.5,1,-0.7,2,-1.3
S02000711,S02000279,3,0,0,0,-3,-3,-3,3,0,1,2.1,1,1.5,1,-0.7,2,-1.3
S02000711,S02000328,3,0,0,0,-3,-3,-3,3,0,1,2.1,1,1.5,1,-0.7,2,-1.3
S02000711,S02000607,3,0,0,0,-3,-3,-3,3,0,1,2.1,1,1.5,1,-0.7,2,-1.3
S02000711,S02000611,0,0,0,5,0,0,5,5,5,2,-1.2,2,-1.5,1,-1,3,1.3
S02000711,S02000625,0,0,0,3,0,0,3,3,3,1,-1,1,-1.1,1,-0.7,2,1
S02000711,S02000634,7,0,0,4,-7,-7,-3,11,4,3,1.9,5,1.1,2,-1.4,6,-0.9
S02000711,S02000644,3,0,0,0,-3,-3,-3,3,0,1,2.1,1,1.5,1,-0.7,2,-1.3
S02000711,S02000649,0,3,0,0,0,3,0,3,3,1,-1,1,1.5,1,-0.7,2,-1.3
S02000711,S02000651,4,0,0,6,-4,-4,2,10,6,3,0.5,4,-0.1,2,-1.4,6,0.1
S02000711,S02000655,22,5,55,24,33,-17,2,106,84,33,-1.9,45,-2.7,20,8,61,2.3
S02000711,S02000656,4,12,0,0,-4,8,-4,16,12,5,-0.4,7,3.5,3,-1.7,9,-3
S02000711,S02000658,20,0,6,23,-14,-20,3,49,29,15,1.2,21,-0.2,9,-1,28,0.2
S02000711,S02000659,0,0,5,0,5,0,0,5,5,2,-1.2,2,-1.5,1,4.2,3,1.3
S02000711,S02000660,11,0,0,0,-11,-11,-11,11,0,3,4.1,5,2.9,2,-1.4,6,-2.5
S02000711,S02000661,14,0,7,5,-7,-14,-9,26,12,8,2.1,11,0.9,5,1,15,-0.8
S02000711,S02000663,0,3,0,0,0,3,0,3,3,1,-1,1,1.5,1,-0.7,2,-1.3
S02000711,S02000664,17,0,0,5,-17,-17,-12,22,5,7,3.9,9,2.5,4,-2,13,-2.1
S02000711,S02000665,0,0,3,4,3,0,4,7,7,2,-1.5,3,-1.7,1,1.5,4,1.5
S02000711,S02000666,0,0,0,3,0,0,3,3,3,1,-1,1,-1.1,1,-0.7,2,1
S02000711,S02000668,4,0,0,3,-4,-4,-1,7,3,2,1.2,3,0.6,1,-1.1,4,-0.5
S02000711,S02000669,3,0,3,3,0,-3,0,9,6,3,0.1,4,-0.4,2,1,5,0.4
S02000711,S02000670,3,7,0,0,-3,4,-3,10,7,3,-0.1,4,2.8,2,-1.4,6,-2.4
S02000711,S02000672,0,3,0,18,0,3,18,21,21,7,-2.6,9,-2,4,-2,12,1.7
S02000711,S02000673,3,3,0,4,-3,0,1,10,7,3,-0.1,4,0.8,2,-1.4,6,-0.7
S02000711,S02000675,4,0,0,0,-4,-4,-4,4,0,1,2.5,2,1.8,1,-0.9,2,-1.5
S02000711,S02000676,6,0,0,0,-6,-6,-6,6,0,2,3,3,2.2,1,-1.1,3,-1.9
S02000711,S02000681,0,0,0,6,0,0,6,6,6,2,-1.4,3,-1.6,1,-1.1,3,1.4
S02000711,S02000683,0,0,0,3,0,0,3,3,3,1,-1,1,-1.1,1,-0.7,2,1
S02000711,S02000684,9,22,0,5,-9,13,-4,36,27,11,-0.7,15,4,7,-2.6,21,-3.4
S02000711,S02000685,0,4,0,0,0,4,0,4,4,1,-1.1,2,1.8,1,-0.9,2,-1.5
S02000711,S02000688,4,0,0,3,-4,-4,-1,7,3,2,1.2,3,0.6,1,-1.1,4,-0.5
S02000711,S02000689,44,0,0,16,-44,-44,-28,60,16,19,5.9,26,3.7,11,-3.3,34,-3.1
S02000711,S02000690,5,0,0,0,-5,-5,-5,5,0,2,2.8,2,2,1,-1,3,-1.7
S02000711,S02000691,4,0,0,0,-4,-4,-4,4,0,1,2.5,2,1.8,1,-0.9,2,-1.5
S02000711,S02000692,0,0,0,3,0,0,3,3,3,1,-1,1,-1.1,1,-0.7,2,1
S02000711,S02000696,7,0,0,0,-7,-7,-7,7,0,2,3.3,3,2.3,1,-1.1,4,-2
S02000711,S02000698,0,0,0,5,0,0,5,5,5,2,-1.2,2,-1.5,1,-1,3,1.3
S02000711,S02000699,0,0,0,6,0,0,6,6,6,2,-1.4,3,-1.6,1,-1.1,3,1.4
S02000711,S02000702,5,3,3,10,-2,-2,5,21,16,7,-0.6,9,-0.3,4,-0.4,12,0.3
S02000711,S02000705,8,3,0,5,-8,-5,-3,16,8,5,1.4,7,1.6,3,-1.7,9,-1.4
S02000711,S02000707,4,0,0,4,-4,-4,0,8,4,2,1,3,0.3,1,-1.2,5,-0.3
S02000711,S02000709,0,0,0,4,0,0,4,4,4,1,-1.1,2,-1.3,1,-0.9,2,1.1
S02000711,S02000711,7,3,0,16,-7,-4,9,26,19,8,-0.4,11,-0.3,5,-2.2,15,0.3
S02000711,S02000712,16,16,3,14,-13,0,-2,49,33,15,0.2,21,2.4,9,-2,28,-2.1
S02000711,S02000715,0,0,0,5,0,0,5,5,5,2,-1.2,2,-1.5,1,-1,3,1.3
S02000711,S02000716,10,0,0,6,-10,-10,-4,16,6,5,2.2,7,1.2,3,-1.7,9,-1.1
S02000711,S02000999,0,0,0,4,0,0,4,4,4,1,-1.1,2,-1.3,1,-0.9,2,1.1
S02000711,S02001000,0,0,0,3,0,0,3,3,3,1,-1,1,-1.1,1,-0.7,2,1
S02000711,S02001010,6,0,0,5,-6,-6,-1,11,5,3,1.4,5,0.6,2,-1.4,6,-0.5
S02000711,S02001013,0,9,0,5,0,9,5,14,14,4,-2.1,6,1.2,3,-1.6,8,-1.1
S02000711,S02001015,0,5,0,4,0,5,4,9,9,3,-1.7,4,0.6,2,-1.3,5,-0.5
S02000711,S02001148,0,0,0,3,0,0,3,3,3,1,-1,1,-1.1,1,-0.7,2,1
S02000711,S02001184,0,4,0,0,0,4,0,4,4,1,-1.1,2,1.8,1,-0.9,2,-1.5
S02000711,S02001185,17,11,7,11,-10,-6,-6,46,29,14,0.7,20,1.9,9,-0.5,26,-1.6
S02000711,S02001186,0,0,0,5,0,0,5,5,5,2,-1.2,2,-1.5,1,-1,3,1.3
S02000711,S02001187,4,0,0,0,-4,-4,-4,4,0,1,2.5,2,1.8,1,-0.9,2,-1.5
S02000711,S02001188,0,0,0,4,0,0,4,4,4,1,-1.1,2,-1.3,1,-0.9,2,1.1
S02000711,S02001192,4,3,0,3,-4,-1,-1,10,6,3,0.5,4,1.3,2,-1.4,6,-1.1
S02000711,S02001199,0,3,0,0,0,3,0,3,3,1,-1,1,1.5,1,-0.7,2,-1.3
S02000712,S02000260,0,0,0,3,0,0,3,3,3,1,-1,1,-1.1,1,-0.7,2,1
S02000712,S02000269,3,0,0,5,-3,-3,2,8,5,2,0.3,3,-0.2,1,-1.2,5,0.2
S02000712,S02000616,0,0,0,3,0,0,3,3,3,1,-1,1,-1.1,1,-0.7,2,1
S02000712,S02000628,3,0,0,0,-3,-3,-3,3,0,1,2.1,1,1.5,1,-0.7,2,-1.3
S02000712,S02000632,0,0,0,4,0,0,4,4,4,1,-1.1,2,-1.3,1,-0.9,2,1.1
S02000712,S02000633,0,0,0,3,0,0,3,3,3,1,-1,1,-1.1,1,-0.7,2,1
S02000712,S02000644,5,0,0,0,-5,-5,-5,5,0,2,2.8,2,2,1,-1,3,-1.7
S02000712,S02000651,0,0,4,0,4,0,0,4,4,1,-1.1,2,-1.3,1,3.8,2,1.1
S02000712,S02000655,9,0,33,26,24,-9,17,68,59,21,-2.6,29,-3.7,13,5.8,39,3.2
S02000712,S02000656,5,9,0,0,-5,4,-5,14,9,4,0.3,6,3.3,3,-1.6,8,-2.8
S02000712,S02000658,10,5,7,35,-3,-5,25,57,47,18,-1.8,24,-1.9,11,-1.1,33,1.6
S02000712,S02000660,3,0,3,0,0,-3,-3,6,3,2,0.8,3,0.3,1,1.8,3,-0.2
S02000712,S02000661,15,0,8,4,-7,-15,-11,27,12,8,2.3,11,1,5,1.3,16,-0.9
S02000712,S02000664,6,0,0,5,-6,-6,-1,11,5,3,1.4,5,0.6,2,-1.4,6,-0.5
S02000712,S02000670,4,4,0,0,-4,0,-4,8,4,2,1,3,2.5,1,-1.2,5,-2.1
S02000712,S02000672,0,0,0,17,0,0,17,17,17,5,-2.3,7,-2.7,3,-1.8,10,2.3
S02000712,S02000673,0,0,4,3,4,0,3,7,7,2,-1.5,3,-1.7,1,2.4,4,1.5
S02000712,S02000674,0,0,0,3,0,0,3,3,3,1,-1,1,-1.1,1,-0.7,2,1
S02000712,S02000676,6,0,0,0,-6,-6,-6,6,0,2,3,3,2.2,1,-1.1,3,-1.9
S02000712,S02000681,0,0,4,4,4,0,4,8,8,2,-1.6,3,-1.8,1,2.1,5,1.6
S02000712,S02000684,12,10,0,6,-12,-2,-6,28,16,9,1.1,12,2.9,5,-2.3,16,-2.5
S02000712,S02000685,0,3,0,3,0,3,3,6,6,2,-1.4,3,0.3,1,-1.1,3,-0.2
S02000712,S02000686,3,0,0,0,-3,-3,-3,3,0,1,2.1,1,1.5,1,-0.7,2,-1.3
S02000712,S02000688,6,3,0,7,-6,-3,1,16,10,5,0.5,7,0.8,3,-1.7,9,-0.7
S02000712,S02000689,27,0,0,14,-27,-27,-13,41,14,13,4,17,2.3,8,-2.8,24,-2
S02000712,S02000690,0,0,0,3,0,0,3,3,3,1,-1,1,-1.1,1,-0.7,2,1
S02000712,S02000691,3,0,0,0,-3,-3,-3,3,0,1,2.1,1,1.5,1,-0.7,2,-1.3
S02000712,S02000692,3,0,0,0,-3,-3,-3,3,0,1,2.1,1,1.5,1,-0.7,2,-1.3
S02000712,S02000701,3,0,0,0,-3,-3,-3,3,0,1,2.1,1,1.5,1,-0.7,2,-1.3
S02000712,S02000702,3,0,3,10,0,-3,7,16,13,5,-0.9,7,-1.5,3,0,9,1.3
S02000712,S02000705,5,0,0,7,-5,-5,2,12,7,4,0.7,5,0,2,-1.5,7,0
S02000712,S02000709,0,0,0,5,0,0,5,5,5,2,-1.2,2,-1.5,1,-1,3,1.3
S02000712,S02000711,6,6,0,26,-6,0,20,38,32,12,-1.7,16,-1,7,-2.7,22,0.9
S02000712,S02000712,28,16,3,17,-25,-12,-11,64,36,20,1.8,27,3.2,12,-2.6,37,-2.8
S02000712,S02000714,0,0,0,5,0,0,5,5,5,2,-1.2,2,-1.5,1,-1,3,1.3
S02000712,S02000715,6,0,3,5,-3,-6,-1,14,8,4,0.8,6,0,3,0.3,8,0
S02000712,S02000716,13,0,7,23,-6,-13,10,43,30,13,-0.1,18,-1.2,8,-0.3,25,1.1
S02000712,S02000784,3,0,0,0,-3,-3,-3,3,0,1,2.1,1,1.5,1,-0.7,2,-1.3
S02000712,S02001010,4,0,5,3,1,-4,-1,12,8,4,0.1,5,-0.5,2,1.9,7,0.4
S02000712,S02001013,0,0,0,6,0,0,6,6,6,2,-1.4,3,-1.6,1,-1.1,3,1.4
S02000712,S02001015,0,3,0,0,0,3,0,3,3,1,-1,1,1.5,1,-0.7,2,-1.3
S02000712,S02001185,19,12,11,38,-8,-7,19,80,61,25,-1.2,34,-0.5,15,-1,46,0.4
S02000712,S02001186,4,0,0,3,-4,-4,-1,7,3,2,1.2,3,0.6,1,-1.1,4,-0.5
S02000712,S02001187,0,0,0,4,0,0,4,4,4,1,-1.1,2,-1.3,1,-0.9,2,1.1
S02000713,S02000260,0,4,0,0,0,4,0,4,4,1,-1.1,2,1.8,1,-0.9,2,-1.5
S02000713,S02000263,0,0,0,3,0,0,3,3,3,1,-1,1,-1.1,1,-0.7,2,1
S02000713,S02000264,3,0,0,15,-3,-3,12,18,15,6,-1.1,8,-1.7,3,-1.8,10,1.4
S02000713,S02000266,0,0,0,3,0,0,3,3,3,1,-1,1,-1.1,1,-0.7,2,1
S02000713,S02000269,0,0,0,10,0,0,10,10,10,3,-1.8,4,-2.1,2,-1.4,6,1.8
S02000713,S02000270,0,0,3,3,3,0,3,6,6,2,-1.4,3,-1.6,1,1.8,3,1.4
S02000713,S02000271,3,0,0,0,-3,-3,-3,3,0,1,2.1,1,1.5,1,-0.7,2,-1.3
S02000713,S02000275,0,3,0,0,0,3,0,3,3,1,-1,1,1.5,1,-0.7,2,-1.3
S02000713,S02000279,0,0,0,5,0,0,5,5,5,2,-1.2,2,-1.5,1,-1,3,1.3
S02000713,S02000281,3,0,0,0,-3,-3,-3,3,0,1,2.1,1,1.5,1,-0.7,2,-1.3
S02000713,S02000318,0,0,0,3,0,0,3,3,3,1,-1,1,-1.1,1,-0.7,2,1
S02000713,S02000597,0,0,0,3,0,0,3,3,3,1,-1,1,-1.1,1,-0.7,2,1
S02000713,S02000599,6,0,0,0,-6,-6,-6,6,0,2,3,3,2.2,1,-1.1,3,-1.9
S02000713,S02000602,0,0,0,5,0,0,5,5,5,2,-1.2,2,-1.5,1,-1,3,1.3
S02000713,S02000611,0,0,0,3,0,0,3,3,3,1,-1,1,-1.1,1,-0.7,2,1
S02000713,S02000628,4,0,0,0,-4,-4,-4,4,0,1,2.5,2,1.8,1,-0.9,2,-1.5
S02000713,S02000633,0,7,0,0,0,7,0,7,7,2,-1.5,3,2.3,1,-1.1,4,-2
S02000713,S02000634,22,0,3,7,-19,-22,-15,32,10,10,3.8,14,2.3,6,-1.2,18,-2
S02000713,S02000635,3,0,0,5,-3,-3,2,8,5,2,0.3,3,-0.2,1,-1.2,5,0.2
S02000713,S02000638,4,0,0,0,-4,-4,-4,4,0,1,2.5,2,1.8,1,-0.9,2,-1.5
S02000713,S02000642,0,0,0,4,0,0,4,4,4,1,-1.1,2,-1.3,1,-0.9,2,1.1
S02000713,S02000644,0,3,7,4,7,3,4,14,14,4,-2.1,6,-1.2,3,2.7,8,1
S02000713,S02000647,0,0,0,4,0,0,4,4,4,1,-1.1,2,-1.3,1,-0.9,2,1.1
S02000713,S02000648,0,0,0,3,0,0,3,3,3,1,-1,1,-1.1,1,-0.7,2,1
S02000713,S02000649,0,0,0,6,0,0,6,6,6,2,-1.4,3,-1.6,1,-1.1,3,1.4
S02000713,S02000651,3,0,10,7,7,-3,4,20,17,6,-1.3,9,-1.9,4,3.3,11,1.6
S02000713,S02000655,39,6,99,51,60,-33,12,195,156,61,-2.8,83,-4.2,36,10.5,112,3.6
S02000713,S02000656,6,13,0,3,-6,7,-3,22,16,7,-0.3,9,3.2,4,-2,13,-2.7
S02000713,S02000658,49,10,13,58,-36,-39,9,130,81,40,1.3,55,0.5,24,-2.3,75,-0.4
S02000713,S02000660,4,0,0,0,-4,-4,-4,4,0,1,2.5,2,1.8,1,-0.9,2,-1.5
S02000713,S02000661,14,3,0,9,-14,-11,-5,26,12,8,2.1,11,1.8,5,-2.2,15,-1.5
S02000713,S02000664,15,0,0,5,-15,-15,-10,20,5,6,3.5,9,2.2,4,-1.9,11,-1.9
S02000713,S02000665,3,0,3,0,0,-3,-3,6,3,2,0.8,3,0.3,1,1.8,3,-0.2
S02000713,S02000666,0,0,0,7,0,0,7,7,7,2,-1.5,3,-1.7,1,-1.1,4,1.5
S02000713,S02000668,3,0,0,0,-3,-3,-3,3,0,1,2.1,1,1.5,1,-0.7,2,-1.3
S02000713,S02000669,4,0,6,13,2,-4,9,23,19,7,-1.2,10,-1.8,4,0.8,13,1.6
S02000713,S02000670,20,11,0,3,-20,-9,-17,34,14,11,2.9,14,4.3,6,-2.5,20,-3.7
S02000713,S02000672,3,0,0,30,-3,-3,27,33,30,10,-2.3,14,-2.9,6,-2.5,19,2.5
S02000713,S02000675,6,0,0,8,-6,-6,2,14,8,4,0.8,6,0,3,-1.6,8,0
S02000713,S02000676,22,7,6,11,-16,-15,-11,46,24,14,2,20,2.1,9,-0.9,26,-1.8
S02000713,S02000679,0,0,0,3,0,0,3,3,3,1,-1,1,-1.1,1,-0.7,2,1
S02000713,S02000680,4,0,0,3,-4,-4,-1,7,3,2,1.2,3,0.6,1,-1.1,4,-0.5
S02000713,S02000681,0,0,0,4,0,0,4,4,4,1,-1.1,2,-1.3,1,-0.9,2,1.1
S02000713,S02000683,0,0,0,4,0,0,4,4,4,1,-1.1,2,-1.3,1,-0.9,2,1.1
S02000713,S02000684,14,11,0,4,-14,-3,-10,29,15,9,1.7,12,3.6,5,-2.3,17,-3.1
S02000713,S02000685,6,6,0,8,-6,0,2,20,14,6,-0.1,9,1.2,4,-1.9,11,-1
S02000713,S02000688,13,6,0,14,-13,-7,1,33,20,10,0.8,14,1.3,6,-2.5,19,-1.1
S02000713,S02000689,26,0,0,13,-26,-26,-13,39,13,12,4,17,2.3,7,-2.7,22,-2
S02000713,S02000691,24,0,0,4,-24,-24,-20,28,4,9,5.2,12,3.5,5,-2.3,16,-3
S02000713,S02000692,14,0,0,8,-14,-14,-6,22,8,7,2.7,9,1.5,4,-2,13,-1.3
S02000713,S02000693,10,0,0,8,-10,-10,-2,18,8,6,1.9,8,0.8,3,-1.8,10,-0.7
S02000713,S02000695,0,0,0,5,0,0,5,5,5,2,-1.2,2,-1.5,1,-1,3,1.3
S02000713,S02000696,3,0,0,0,-3,-3,-3,3,0,1,2.1,1,1.5,1,-0.7,2,-1.3
S02000713,S02000697,5,0,0,0,-5,-5,-5,5,0,2,2.8,2,2,1,-1,3,-1.7
S02000713,S02000700,5,0,0,4,-5,-5,-1,9,4,3,1.3,4,0.6,2,-1.3,5,-0.5
S02000713,S02000701,11,16,3,15,-8,5,4,45,34,14,-0.8,19,1.8,8,-1.8,26,-1.5
S02000713,S02000702,6,4,4,4,-2,-2,-2,18,12,6,0.2,8,0.8,3,0.4,10,-0.7
S02000713,S02000704,0,4,0,10,0,4,10,14,14,4,-2.1,6,-0.8,3,-1.6,8,0.7
S02000713,S02000705,0,0,0,4,0,0,4,4,4,1,-1.1,2,-1.3,1,-0.9,2,1.1
S02000713,S02000708,0,0,0,7,0,0,7,7,7,2,-1.5,3,-1.7,1,-1.1,4,1.5
S02000713,S02000710,14,0,8,44,-6,-14,30,66,52,21,-1.4,28,-2.7,12,-1.2,38,2.3
S02000713,S02000712,3,7,0,0,-3,4,-3,10,7,3,-0.1,4,2.8,2,-1.4,6,-2.4
S02000713,S02000713,3,4,0,9,-3,1,6,16,13,5,-0.9,7,0.1,3,-1.7,9,-0.1
S02000713,S02000716,6,0,0,3,-6,-6,-3,9,3,3,1.9,4,1.1,2,-1.3,5,-1
S02000713,S02001000,0,0,0,3,0,0,3,3,3,1,-1,1,-1.1,1,-0.7,2,1
S02000713,S02001010,6,0,0,0,-6,-6,-6,6,0,2,3,3,2.2,1,-1.1,3,-1.9
S02000713,S02001013,3,6,0,4,-3,3,1,13,10,4,-0.5,6,1.5,2,-1.6,7,-1.3
S02000713,S02001015,0,5,0,0,0,5,0,5,5,2,-1.2,2,2,1,-1,3,-1.7
S02000713,S02001162,0,0,0,3,0,0,3,3,3,1,-1,1,-1.1,1,-0.7,2,1
S02000713,S02001185,7,5,6,7,-1,-2,0,25,18,8,-0.3,11,0.4,5,0.6,14,-0.4
S02000713,S02001192,0,0,0,3,0,0,3,3,3,1,-1,1,-1.1,1,-0.7,2,1
S02000713,S02001197,0,3,0,0,0,3,0,3,3,1,-1,1,1.5,1,-0.7,2,-1.3
S02000714,S02000263,0,0,0,3,0,0,3,3,3,1,-1,1,-1.1,1,-0.7,2,1
S02000714,S02000266,0,0,0,4,0,0,4,4,4,1,-1.1,2,-1.3,1,-0.9,2,1.1
S02000714,S02000269,0,0,0,4,0,0,4,4,4,1,-1.1,2,-1.3,1,-0.9,2,1.1
S02000714,S02000611,0,4,0,0,0,4,0,4,4,1,-1.1,2,1.8,1,-0.9,2,-1.5
S02000714,S02000633,3,0,0,0,-3,-3,-3,3,0,1,2.1,1,1.5,1,-0.7,2,-1.3
S02000714,S02000634,3,0,0,0,-3,-3,-3,3,0,1,2.1,1,1.5,1,-0.7,2,-1.3
S02000714,S02000635,0,0,0,4,0,0,4,4,4,1,-1.1,2,-1.3,1,-0.9,2,1.1
S02000714,S02000655,16,0,54,45,38,-16,29,115,99,36,-3.3,49,-4.7,21,7.1,66,4
S02000714,S02000656,3,6,0,4,-3,3,1,13,10,4,-0.5,6,1.5,2,-1.6,7,-1.3
S02000714,S02000658,16,3,0,19,-16,-13,3,38,22,12,1.2,16,0.7,7,-2.7,22,-0.6
S02000714,S02000660,6,0,0,0,-6,-6,-6,6,0,2,3,3,2.2,1,-1.1,3,-1.9
S02000714,S02000661,10,0,3,0,-7,-10,-10,13,3,4,3,6,1.9,2,0.4,7,-1.6
S02000714,S02000664,8,0,0,8,-8,-8,0,16,8,5,1.4,7,0.5,3,-1.7,9,-0.4
S02000714,S02000668,6,0,0,8,-6,-6,2,14,8,4,0.8,6,0,3,-1.6,8,0
S02000714,S02000670,8,10,0,0,-8,2,-8,18,10,6,1,8,3.7,3,-1.8,10,-3.2
S02000714,S02000671,0,0,0,8,0,0,8,8,8,2,-1.6,3,-1.8,1,-1.2,5,1.6
S02000714,S02000672,0,0,0,14,0,0,14,14,14,4,-2.1,6,-2.4,3,-1.6,8,2.1
S02000714,S02000673,5,0,0,0,-5,-5,-5,5,0,2,2.8,2,2,1,-1,3,-1.7
S02000714,S02000676,4,4,0,0,-4,0,-4,8,4,2,1,3,2.5,1,-1.2,5,-2.1
S02000714,S02000679,0,0,0,7,0,0,7,7,7,2,-1.5,3,-1.7,1,-1.1,4,1.5
S02000714,S02000680,0,0,0,3,0,0,3,3,3,1,-1,1,-1.1,1,-0.7,2,1
S02000714,S02000681,0,0,0,4,0,0,4,4,4,1,-1.1,2,-1.3,1,-0.9,2,1.1
S02000714,S02000684,4,10,0,12,-4,6,8,26,22,8,-1.4,11,0.9,5,-2.2,15,-0.8
S02000714,S02000689,31,0,4,11,-27,-31,-20,46,15,14,4.4,20,2.6,9,-1.5,26,-2.2
S02000714,S02000690,4,0,0,3,-4,-4,-1,7,3,2,1.2,3,0.6,1,-1.1,4,-0.5
S02000714,S02000691,3,0,0,0,-3,-3,-3,3,0,1,2.1,1,1.5,1,-0.7,2,-1.3
S02000714,S02000693,3,0,0,0,-3,-3,-3,3,0,1,2.1,1,1.5,1,-0.7,2,-1.3
S02000714,S02000696,0,4,0,0,0,4,0,4,4,1,-1.1,2,1.8,1,-0.9,2,-1.5
S02000714,S02000699,3,0,0,0,-3,-3,-3,3,0,1,2.1,1,1.5,1,-0.7,2,-1.3
S02000714,S02000702,3,0,0,5,-3,-3,2,8,5,2,0.3,3,-0.2,1,-1.2,5,0.2
S02000714,S02000705,4,0,0,6,-4,-4,2,10,6,3,0.5,4,-0.1,2,-1.4,6,0.1
S02000714,S02000707,6,0,0,0,-6,-6,-6,6,0,2,3,3,2.2,1,-1.1,3,-1.9
S02000714,S02000709,4,0,0,0,-4,-4,-4,4,0,1,2.5,2,1.8,1,-0.9,2,-1.5
S02000714,S02000711,4,0,0,24,-4,-4,20,28,24,9,-1.6,12,-2.3,5,-2.3,16,2
S02000714,S02000712,8,28,6,13,-2,20,5,55,47,17,-2.2,23,2.6,10,-1.3,32,-2.2
S02000714,S02000714,7,0,0,10,-7,-7,3,17,10,5,0.7,7,-0.1,3,-1.8,10,0.1
S02000714,S02000715,0,0,0,6,0,0,6,6,6,2,-1.4,3,-1.6,1,-1.1,3,1.4
S02000714,S02000716,22,0,0,15,-22,-22,-7,37,15,12,3.1,16,1.6,7,-2.6,21,-1.4
S02000714,S02000984,3,0,0,0,-3,-3,-3,3,0,1,2.1,1,1.5,1,-0.7,2,-1.3
S02000714,S02000999,0,0,0,7,0,0,7,7,7,2,-1.5,3,-1.7,1,-1.1,4,1.5
S02000714,S02001010,5,3,0,4,-5,-2,-1,12,7,4,0.7,5,1.3,2,-1.5,7,-1.1
S02000714,S02001013,0,6,0,7,0,6,7,13,13,4,-2,6,0.2,2,-1.6,7,-0.2
S02000714,S02001184,4,0,0,0,-4,-4,-4,4,0,1,2.5,2,1.8,1,-0.9,2,-1.5
S02000714,S02001185,22,15,29,44,7,-7,22,110,88,34,-2.1,47,-1.4,20,1.9,63,1.2
S02000714,S02001186,0,0,0,5,0,0,5,5,5,2,-1.2,2,-1.5,1,-1,3,1.3
S02000714,S02001187,0,0,3,8,3,0,8,11,11,3,-1.9,5,-2.2,2,0.7,6,1.9
S02000714,S02001189,0,0,0,6,0,0,6,6,6,2,-1.4,3,-1.6,1,-1.1,3,1.4
S02000714,S02001192,5,0,0,0,-5,-5,-5,5,0,2,2.8,2,2,1,-1,3,-1.7
S02000714,S02001195,0,0,0,3,0,0,3,3,3,1,-1,1,-1.1,1,-0.7,2,1
S02000715,S02000260,0,4,0,0,0,4,0,4,4,1,-1.1,2,1.8,1,-0.9,2,-1.5
S02000715,S02000269,3,0,0,16,-3,-3,13,19,16,6,-1.2,8,-1.8,4,-1.9,11,1.5
S02000715,S02000279,0,0,0,10,0,0,10,10,10,3,-1.8,4,-2.1,2,-1.4,6,1.8
S02000715,S02000610,4,0,0,0,-4,-4,-4,4,0,1,2.5,2,1.8,1,-0.9,2,-1.5
S02000715,S02000634,7,0,0,6,-7,-7,-1,13,6,4,1.5,6,0.6,2,-1.6,7,-0.5
S02000715,S02000655,18,4,30,13,12,-14,-5,65,47,20,-0.5,28,-1.1,12,5.2,37,0.9
S02000715,S02000656,0,3,0,0,0,3,0,3,3,1,-1,1,1.5,1,-0.7,2,-1.3
S02000715,S02000658,12,0,8,11,-4,-12,-1,31,19,10,0.8,13,-0.3,6,0.9,18,0.3
S02000715,S02000660,9,0,0,0,-9,-9,-9,9,0,3,3.7,4,2.6,2,-1.3,5,-2.3
S02000715,S02000661,7,0,5,6,-2,-7,-1,18,11,6,0.6,8,-0.2,3,0.9,10,0.2
S02000715,S02000664,9,0,0,5,-9,-9,-4,14,5,4,2.2,6,1.2,3,-1.6,8,-1.1
S02000715,S02000668,4,0,0,0,-4,-4,-4,4,0,1,2.5,2,1.8,1,-0.9,2,-1.5
S02000715,S02000669,0,0,4,5,4,0,5,9,9,3,-1.7,4,-2,2,1.8,5,1.7
S02000715,S02000670,0,4,0,0,0,4,0,4,4,1,-1.1,2,1.8,1,-0.9,2,-1.5
S02000715,S02000672,0,0,0,6,0,0,6,6,6,2,-1.4,3,-1.6,1,-1.1,3,1.4
S02000715,S02000674,0,0,0,4,0,0,4,4,4,1,-1.1,2,-1.3,1,-0.9,2,1.1
S02000715,S02000684,6,6,0,3,-6,0,-3,15,9,5,0.6,6,2.2,3,-1.7,9,-1.9
S02000715,S02000688,0,3,0,0,0,3,0,3,3,1,-1,1,1.5,1,-0.7,2,-1.3
S02000715,S02000689,29,0,0,14,-29,-29,-15,43,14,13,4.3,18,2.5,8,-2.8,25,-2.2
S02000715,S02000690,6,0,0,0,-6,-6,-6,6,0,2,3,3,2.2,1,-1.1,3,-1.9
S02000715,S02000696,3,0,0,7,-3,-3,4,10,7,3,-0.1,4,-0.6,2,-1.4,6,0.5
S02000715,S02000702,3,0,0,3,-3,-3,0,6,3,2,0.8,3,0.3,1,-1.1,3,-0.2
S02000715,S02000705,5,0,0,3,-5,-5,-2,8,3,2,1.6,3,0.9,1,-1.2,5,-0.7
S02000715,S02000707,3,0,0,0,-3,-3,-3,3,0,1,2.1,1,1.5,1,-0.7,2,-1.3
S02000715,S02000709,0,0,0,3,0,0,3,3,3,1,-1,1,-1.1,1,-0.7,2,1
S02000715,S02000711,3,0,3,17,0,-3,14,23,20,7,-1.6,10,-2.2,4,-0.6,13,1.9
S02000715,S02000712,15,12,0,10,-15,-3,-5,37,22,12,1,16,2.8,7,-2.6,21,-2.4
S02000715,S02000714,0,0,0,5,0,0,5,5,5,2,-1.2,2,-1.5,1,-1,3,1.3
S02000715,S02000715,6,0,3,24,-3,-6,18,33,27,10,-1.3,14,-2.1,6,-1.3,19,1.8
S02000715,S02000716,10,0,5,6,-5,-10,-4,21,11,7,1.4,9,0.4,4,0.6,12,-0.3
S02000715,S02001010,0,0,3,0,3,0,0,3,3,1,-1,1,-1.1,1,3.3,2,1
S02000715,S02001013,0,0,0,5,0,0,5,5,5,2,-1.2,2,-1.5,1,-1,3,1.3
S02000715,S02001015,3,0,0,0,-3,-3,-3,3,0,1,2.1,1,1.5,1,-0.7,2,-1.3
S02000715,S02001185,14,0,8,13,-6,-14,-1,35,21,11,0.9,15,-0.2,6,0.6,20,0.2
S02000715,S02001186,0,0,0,3,0,0,3,3,3,1,-1,1,-1.1,1,-0.7,2,1
S02000715,S02001188,3,0,0,0,-3,-3,-3,3,0,1,2.1,1,1.5,1,-0.7,2,-1.3
S02000715,S02001189,0,0,0,4,0,0,4,4,4,1,-1.1,2,-1.3,1,-0.9,2,1.1
S02000715,S02001193,3,0,0,0,-3,-3,-3,3,0,1,2.1,1,1.5,1,-0.7,2,-1.3
S02000716,S02000263,5,0,0,0,-5,-5,-5,5,0,2,2.8,2,2,1,-1,3,-1.7
S02000716,S02000271,0,0,4,0,4,0,0,4,4,1,-1.1,2,-1.3,1,3.8,2,1.1
S02000716,S02000272,0,0,0,4,0,0,4,4,4,1,-1.1,2,-1.3,1,-0.9,2,1.1
S02000716,S02000276,0,0,0,3,0,0,3,3,3,1,-1,1,-1.1,1,-0.7,2,1
S02000716,S02000625,0,0,0,4,0,0,4,4,4,1,-1.1,2,-1.3,1,-0.9,2,1.1
S02000716,S02000628,0,4,0,0,0,4,0,4,4,1,-1.1,2,1.8,1,-0.9,2,-1.5
S02000716,S02000634,4,0,0,0,-4,-4,-4,4,0,1,2.5,2,1.8,1,-0.9,2,-1.5
S02000716,S02000649,0,0,0,5,0,0,5,5,5,2,-1.2,2,-1.5,1,-1,3,1.3
S02000716,S02000651,3,0,0,0,-3,-3,-3,3,0,1,2.1,1,1.5,1,-0.7,2,-1.3
S02000716,S02000655,8,5,20,18,12,-3,10,51,43,16,-2,22,-1.9,9,3.4,29,1.6
S02000716,S02000658,10,0,3,9,-7,-10,-1,22,12,7,1.2,9,0.2,4,-0.5,13,-0.2
S02000716,S02000659,0,0,3,0,3,0,0,3,3,1,-1,1,-1.1,1,3.3,2,1
S02000716,S02000660,6,0,0,0,-6,-6,-6,6,0,2,3,3,2.2,1,-1.1,3,-1.9
S02000716,S02000661,3,0,4,4,1,-3,1,11,8,3,-0.2,5,-0.8,2,1.4,6,0.7
S02000716,S02000664,6,0,0,6,-6,-6,0,12,6,4,1.2,5,0.4,2,-1.5,7,-0.3
S02000716,S02000670,0,3,0,0,0,3,0,3,3,1,-1,1,1.5,1,-0.7,2,-1.3
S02000716,S02000672,0,3,0,10,0,3,10,13,13,4,-2,6,-1.1,2,-1.6,7,0.9
S02000716,S02000673,3,0,0,0,-3,-3,-3,3,0,1,2.1,1,1.5,1,-0.7,2,-1.3
S02000716,S02000675,3,0,0,0,-3,-3,-3,3,0,1,2.1,1,1.5,1,-0.7,2,-1.3
S02000716,S02000676,5,0,0,3,-5,-5,-2,8,3,2,1.6,3,0.9,1,-1.2,5,-0.7
S02000716,S02000684,5,5,12,6,7,0,1,28,23,9,-1.3,12,-0.6,5,3,16,0.5
S02000716,S02000689,21,4,0,12,-21,-17,-9,37,16,12,2.8,16,2.3,7,-2.6,21,-2
S02000716,S02000692,0,0,0,3,0,0,3,3,3,1,-1,1,-1.1,1,-0.7,2,1
S02000716,S02000696,3,0,0,0,-3,-3,-3,3,0,1,2.1,1,1.5,1,-0.7,2,-1.3
S02000716,S02000699,3,0,0,0,-3,-3,-3,3,0,1,2.1,1,1.5,1,-0.7,2,-1.3
S02000716,S02000702,0,3,3,9,3,3,9,15,15,5,-2.2,6,-1.3,3,0.1,9,1.2
S02000716,S02000705,4,0,0,0,-4,-4,-4,4,0,1,2.5,2,1.8,1,-0.9,2,-1.5
S02000716,S02000706,5,0,0,0,-5,-5,-5,5,0,2,2.8,2,2,1,-1,3,-1.7
S02000716,S02000707,3,0,0,0,-3,-3,-3,3,0,1,2.1,1,1.5,1,-0.7,2,-1.3
S02000716,S02000711,0,3,0,23,0,3,23,26,26,8,-2.8,11,-2.4,5,-2.2,15,2.1
S02000716,S02000712,19,17,0,11,-19,-2,-8,47,28,15,1.1,20,3.6,9,-2.9,27,-3.1
S02000716,S02000714,3,0,0,5,-3,-3,2,8,5,2,0.3,3,-0.2,1,-1.2,5,0.2
S02000716,S02000715,0,0,0,5,0,0,5,5,5,2,-1.2,2,-1.5,1,-1,3,1.3
S02000716,S02000716,16,3,0,19,-16,-13,3,38,22,12,1.2,16,0.7,7,-2.7,22,-0.6
S02000716,S02001004,4,0,0,0,-4,-4,-4,4,0,1,2.5,2,1.8,1,-0.9,2,-1.5
S02000716,S02001185,10,6,13,25,3,-4,15,54,44,17,-1.7,23,-1.5,10,1,31,1.3
S02000716,S02001186,0,0,0,4,0,0,4,4,4,1,-1.1,2,-1.3,1,-0.9,2,1.1
S02000716,S02001187,0,0,0,3,0,0,3,3,3,1,-1,1,-1.1,1,-0.7,2,1
S02000716,S02001189,0,0,0,4,0,0,4,4,4,1,-1.1,2,-1.3,1,-0.9,2,1.1
S02000771,S02000607,3,0,0,0,-3,-3,-3,3,0,1,2.1,1,1.5,1,-0.7,2,-1.3
S02000771,S02000608,3,0,0,0,-3,-3,-3,3,0,1,2.1,1,1.5,1,-0.7,2,-1.3
S02000771,S02000625,0,0,0,4,0,0,4,4,4,1,-1.1,2,-1.3,1,-0.9,2,1.1
S02000771,S02000633,0,3,0,0,0,3,0,3,3,1,-1,1,1.5,1,-0.7,2,-1.3
S02000771,S02000634,0,0,5,0,5,0,0,5,5,2,-1.2,2,-1.5,1,4.2,3,1.3
S02000771,S02000642,0,0,0,3,0,0,3,3,3,1,-1,1,-1.1,1,-0.7,2,1
S02000771,S02000644,0,0,6,0,6,0,0,6,6,2,-1.4,3,-1.6,1,4.6,3,1.4
S02000771,S02000651,0,0,4,0,4,0,0,4,4,1,-1.1,2,-1.3,1,3.8,2,1.1
S02000771,S02000655,16,4,70,17,54,-12,1,107,91,33,-3,46,-3.8,20,11.3,61,3.3
S02000771,S02000656,4,3,0,0,-4,-1,-4,7,3,2,1.2,3,2.3,1,-1.1,4,-2
S02000771,S02000658,8,0,7,8,-1,-8,0,23,15,7,0.3,10,-0.6,4,1.3,13,0.5
S02000771,S02000660,8,0,0,0,-8,-8,-8,8,0,2,3.5,3,2.5,1,-1.2,5,-2.1
S02000771,S02000661,11,0,3,3,-8,-11,-8,17,6,5,2.5,7,1.4,3,-0.1,10,-1.2
S02000771,S02000664,3,0,0,0,-3,-3,-3,3,0,1,2.1,1,1.5,1,-0.7,2,-1.3
S02000771,S02000665,0,0,9,3,9,0,3,12,12,4,-1.9,5,-2.3,2,4.6,7,1.9
S02000771,S02000672,0,0,0,7,0,0,7,7,7,2,-1.5,3,-1.7,1,-1.1,4,1.5
S02000771,S02000689,6,0,0,0,-6,-6,-6,6,0,2,3,3,2.2,1,-1.1,3,-1.9
S02000771,S02000697,0,0,0,3,0,0,3,3,3,1,-1,1,-1.1,1,-0.7,2,1
S02000771,S02000710,0,4,0,0,0,4,0,4,4,1,-1.1,2,1.8,1,-0.9,2,-1.5
S02000771,S02000771,14,6,7,42,-7,-8,28,69,55,21,-1.6,29,-1.7,13,-1.6,40,1.5
S02000771,S02000772,8,0,6,7,-2,-8,-1,21,13,7,0.6,9,-0.3,4,1.1,12,0.3
S02000771,S02000775,4,0,0,3,-4,-4,-1,7,3,2,1.2,3,0.6,1,-1.1,4,-0.5
S02000771,S02000776,3,7,0,6,-3,4,3,16,13,5,-0.9,7,1.2,3,-1.7,9,-1.1
S02000771,S02000778,5,0,0,3,-5,-5,-2,8,3,2,1.6,3,0.9,1,-1.2,5,-0.7
S02000771,S02000780,5,0,0,0,-5,-5,-5,5,0,2,2.8,2,2,1,-1,3,-1.7
S02000771,S02000781,10,0,8,10,-2,-10,0,28,18,9,0.4,12,-0.6,5,1.2,16,0.5
S02000771,S02000783,17,0,3,0,-14,-17,-17,20,3,6,4.3,9,2.9,4,-0.4,11,-2.5
S02000771,S02000784,4,3,3,3,-1,-1,-1,13,9,4,0,6,0.6,2,0.4,7,-0.5
S02000771,S02000786,0,0,0,3,0,0,3,3,3,1,-1,1,-1.1,1,-0.7,2,1
S02000771,S02000787,3,0,0,0,-3,-3,-3,3,0,1,2.1,1,1.5,1,-0.7,2,-1.3
S02000771,S02000923,0,4,0,0,0,4,0,4,4,1,-1.1,2,1.8,1,-0.9,2,-1.5
S02000771,S02000988,0,0,0,4,0,0,4,4,4,1,-1.1,2,-1.3,1,-0.9,2,1.1
S02000771,S02000993,15,0,0,0,-15,-15,-15,15,0,5,4.8,6,3.4,3,-1.7,9,-2.9
S02000771,S02000994,3,0,4,0,1,-3,-3,7,4,2,0.6,3,0,1,2.4,4,0
S02000771,S02000998,0,0,3,3,3,0,3,6,6,2,-1.4,3,-1.6,1,1.8,3,1.4
S02000771,S02000999,0,0,0,3,0,0,3,3,3,1,-1,1,-1.1,1,-0.7,2,1
S02000771,S02001000,11,0,0,6,-11,-11,-5,17,6,5,2.5,7,1.4,3,-1.8,10,-1.2
S02000771,S02001004,0,0,0,3,0,0,3,3,3,1,-1,1,-1.1,1,-0.7,2,1
S02000771,S02001006,0,0,0,3,0,0,3,3,3,1,-1,1,-1.1,1,-0.7,2,1
S02000771,S02001008,4,0,0,9,-4,-4,5,13,9,4,0,6,-0.7,2,-1.6,7,0.6
S02000771,S02001010,16,4,4,3,-12,-12,-13,27,11,8,2.6,11,2.5,5,-0.4,16,-2.2
S02000771,S02001013,0,4,0,11,0,4,11,15,15,5,-2.2,6,-0.9,3,-1.7,9,0.8
S02000771,S02001014,0,4,0,0,0,4,0,4,4,1,-1.1,2,1.8,1,-0.9,2,-1.5
S02000771,S02001015,8,17,5,5,-3,9,-3,35,27,11,-0.9,15,2.6,6,-0.6,20,-2.3
S02000771,S02001185,4,0,4,0,0,-4,-4,8,4,2,1,3,0.3,1,2.1,5,-0.3
S02000772,S02000328,3,0,0,0,-3,-3,-3,3,0,1,2.1,1,1.5,1,-0.7,2,-1.3
S02000772,S02000599,3,0,0,0,-3,-3,-3,3,0,1,2.1,1,1.5,1,-0.7,2,-1.3
S02000772,S02000607,4,0,0,0,-4,-4,-4,4,0,1,2.5,2,1.8,1,-0.9,2,-1.5
S02000772,S02000610,0,0,4,0,4,0,0,4,4,1,-1.1,2,-1.3,1,3.8,2,1.1
S02000772,S02000634,6,0,0,3,-6,-6,-3,9,3,3,1.9,4,1.1,2,-1.3,5,-1
S02000772,S02000645,0,0,3,0,3,0,0,3,3,1,-1,1,-1.1,1,3.3,2,1
S02000772,S02000655,22,8,74,20,52,-14,-2,124,102,39,-2.7,53,-3.1,23,10.7,71,2.7
S02000772,S02000656,0,4,0,0,0,4,0,4,4,1,-1.1,2,1.8,1,-0.9,2,-1.5
S02000772,S02000658,16,0,5,25,-11,-16,9,46,30,14,0.4,20,-0.8,9,-1.2,26,0.7
S02000772,S02000660,12,0,0,0,-12,-12,-12,12,0,4,4.3,5,3.1,2,-1.5,7,-2.6
S02000772,S02000661,10,0,3,0,-7,-10,-10,13,3,4,3,6,1.9,2,0.4,7,-1.6
S02000772,S02000665,0,0,6,0,6,0,0,6,6,2,-1.4,3,-1.6,1,4.6,3,1.4
S02000772,S02000669,3,0,3,0,0,-3,-3,6,3,2,0.8,3,0.3,1,1.8,3,-0.2
S02000772,S02000670,0,5,0,0,0,5,0,5,5,2,-1.2,2,2,1,-1,3,-1.7
S02000772,S02000672,0,0,0,10,0,0,10,10,10,3,-1.8,4,-2.1,2,-1.4,6,1.8
S02000772,S02000676,0,0,4,0,4,0,0,4,4,1,-1.1,2,-1.3,1,3.8,2,1.1
S02000772,S02000684,0,7,3,0,3,7,0,10,10,3,-1.8,4,1.3,2,0.8,6,-1.1
S02000772,S02000689,9,0,0,0,-9,-9,-9,9,0,3,3.7,4,2.6,2,-1.3,5,-2.3
S02000772,S02000771,10,4,3,33,-7,-6,23,50,40,16,-1.4,21,-1.6,9,-2.1,29,1.4
S02000772,S02000772,21,3,3,13,-18,-18,-8,40,19,12,2.4,17,1.7,7,-1.6,23,-1.5
S02000772,S02000775,3,8,4,10,1,5,7,25,22,8,-1.7,11,0.1,5,-0.3,14,-0.1
S02000772,S02000776,11,10,0,21,-11,-1,10,42,31,13,-0.6,18,0.7,8,-2.8,24,-0.6
S02000772,S02000777,0,0,0,16,0,0,16,16,16,5,-2.2,7,-2.6,3,-1.7,9,2.2
S02000772,S02000778,11,7,0,13,-11,-4,2,31,20,10,0.4,13,1.3,6,-2.4,18,-1.1
S02000772,S02000779,6,0,0,8,-6,-6,2,14,8,4,0.8,6,0,3,-1.6,8,0
S02000772,S02000780,21,0,0,13,-21,-21,-8,34,13,11,3.2,14,1.7,6,-2.5,20,-1.5
S02000772,S02000781,54,17,40,49,-14,-37,-5,160,106,50,0.6,68,0.4,30,1.9,92,-0.3
S02000772,S02000782,6,16,5,3,-1,10,-3,30,24,9,-1.1,13,2.6,6,-0.2,17,-2.2
S02000772,S02000783,49,3,4,0,-45,-46,-49,56,7,17,7.6,24,5.8,10,-2,32,-5
S02000772,S02000784,16,6,12,25,-4,-10,9,59,43,18,-0.6,25,-0.6,11,0.3,34,0.5
S02000772,S02000785,10,0,0,6,-10,-10,-4,16,6,5,2.2,7,1.2,3,-1.7,9,-1.1
S02000772,S02000787,3,0,0,5,-3,-3,2,8,5,2,0.3,3,-0.2,1,-1.2,5,0.2
S02000772,S02000984,0,0,0,4,0,0,4,4,4,1,-1.1,2,-1.3,1,-0.9,2,1.1
S02000772,S02000992,0,0,0,3,0,0,3,3,3,1,-1,1,-1.1,1,-0.7,2,1
S02000772,S02000993,10,0,0,0,-10,-10,-10,10,0,3,3.9,4,2.8,2,-1.4,6,-2.4
S02000772,S02000994,7,0,0,0,-7,-7,-7,7,0,2,3.3,3,2.3,1,-1.1,4,-2
S02000772,S02000998,6,0,0,3,-6,-6,-3,9,3,3,1.9,4,1.1,2,-1.3,5,-1
S02000772,S02001000,9,0,4,10,-5,-9,1,23,14,7,0.7,10,-0.3,4,-0.1,13,0.2
S02000772,S02001004,0,0,3,0,3,0,0,3,3,1,-1,1,-1.1,1,3.3,2,1
S02000772,S02001006,0,0,0,3,0,0,3,3,3,1,-1,1,-1.1,1,-0.7,2,1
S02000772,S02001008,0,8,3,11,3,8,11,22,22,7,-2.6,9,-0.4,4,-0.5,13,0.4
S02000772,S02001010,24,5,0,3,-24,-19,-21,32,8,10,4.4,14,4.2,6,-2.4,18,-3.6
S02000772,S02001012,3,0,0,4,-3,-3,1,7,4,2,0.6,3,0,1,-1.1,4,0
S02000772,S02001013,0,7,0,9,0,7,9,16,16,5,-2.2,7,0.1,3,-1.7,9,-0.1
S02000772,S02001014,0,5,0,0,0,5,0,5,5,2,-1.2,2,2,1,-1,3,-1.7
S02000772,S02001015,5,39,8,11,3,34,6,63,58,20,-3.3,27,3.3,12,-1.1,36,-2.9
S02000772,S02001017,3,0,0,0,-3,-3,-3,3,0,1,2.1,1,1.5,1,-0.7,2,-1.3
S02000772,S02001185,11,0,0,0,-11,-11,-11,11,0,3,4.1,5,2.9,2,-1.4,6,-2.5
S02000772,S02001200,3,0,0,0,-3,-3,-3,3,0,1,2.1,1,1.5,1,-0.7,2,-1.3
S02000773,S02000607,4,0,0,0,-4,-4,-4,4,0,1,2.5,2,1.8,1,-0.9,2,-1.5
S02000773,S02000627,3,0,0,0,-3,-3,-3,3,0,1,2.1,1,1.5,1,-0.7,2,-1.3
S02000773,S02000634,3,0,0,0,-3,-3,-3,3,0,1,2.1,1,1.5,1,-0.7,2,-1.3
S02000773,S02000638,6,0,0,0,-6,-6,-6,6,0,2,3,3,2.2,1,-1.1,3,-1.9
S02000773,S02000644,0,0,8,0,8,0,0,8,8,2,-1.6,3,-1.8,1,5.4,5,1.6
S02000773,S02000655,33,5,90,22,57,-28,-11,150,117,47,-2,64,-3.2,28,11.8,86,2.8
S02000773,S02000656,4,7,0,3,-4,3,-1,14,10,4,-0.2,6,2.1,3,-1.6,8,-1.8
S02000773,S02000658,21,0,7,32,-14,-21,11,60,39,19,0.5,26,-0.9,11,-1.2,34,0.8
S02000773,S02000660,6,0,0,0,-6,-6,-6,6,0,2,3,3,2.2,1,-1.1,3,-1.9
S02000773,S02000661,0,0,4,3,4,0,3,7,7,2,-1.5,3,-1.7,1,2.4,4,1.5
S02000773,S02000672,0,0,0,10,0,0,10,10,10,3,-1.8,4,-2.1,2,-1.4,6,1.8
S02000773,S02000676,0,0,3,0,3,0,0,3,3,1,-1,1,-1.1,1,3.3,2,1
S02000773,S02000684,3,8,0,0,-3,5,-3,11,8,3,-0.2,5,2.9,2,-1.4,6,-2.5
S02000773,S02000689,6,0,0,0,-6,-6,-6,6,0,2,3,3,2.2,1,-1.1,3,-1.9
S02000773,S02000771,0,0,0,5,0,0,5,5,5,2,-1.2,2,-1.5,1,-1,3,1.3
S02000773,S02000772,19,0,0,5,-19,-19,-14,24,5,7,4.2,10,2.8,4,-2.1,14,-2.4
S02000773,S02000773,18,10,10,75,-8,-8,57,113,95,35,-2.9,48,-2.9,21,-2.4,65,2.5
S02000773,S02000774,0,0,0,3,0,0,3,3,3,1,-1,1,-1.1,1,-0.7,2,1
S02000773,S02000775,6,9,4,21,-2,3,15,40,34,12,-1.8,17,-0.5,7,-1.2,23,0.4
S02000773,S02000776,17,12,5,31,-12,-5,14,65,48,20,-0.7,28,0.3,12,-2,37,-0.2
S02000773,S02000777,10,9,17,58,7,-1,48,94,84,29,-3.6,40,-3.3,17,-0.1,54,2.9
S02000773,S02000778,30,15,6,26,-24,-15,-4,77,47,24,1.2,33,2.1,14,-2.2,44,-1.8
S02000773,S02000779,17,0,0,4,-17,-17,-13,21,4,7,4.1,9,2.7,4,-2,12,-2.3
S02000773,S02000780,41,4,3,14,-38,-37,-27,62,21,19,4.9,26,3.6,11,-2.5,36,-3.1
S02000773,S02000781,152,20,166,113,14,-132,-39,451,299,140,1,192,-1.4,83,9,259,1.2
S02000773,S02000782,11,42,26,16,15,31,5,95,84,30,-3.4,40,2,18,2,55,-1.7
S02000773,S02000783,133,13,22,3,-111,-120,-130,171,38,53,10.9,73,8.6,32,-1.7,98,-7.4
S02000773,S02000784,36,17,20,66,-16,-19,30,139,103,43,-1.1,59,-0.8,26,-1.1,80,0.7
S02000773,S02000785,21,10,0,8,-21,-11,-13,39,18,12,2.5,17,3.5,7,-2.7,22,-3
S02000773,S02000786,6,0,0,26,-6,-6,20,32,26,10,-1.3,14,-2.1,6,-2.4,18,1.8
S02000773,S02000787,27,7,0,22,-27,-20,-5,56,29,17,2.3,24,2.1,10,-3.2,32,-1.8
S02000773,S02000993,7,0,0,0,-7,-7,-7,7,0,2,3.3,3,2.3,1,-1.1,4,-2
S02000773,S02000998,0,0,0,3,0,0,3,3,3,1,-1,1,-1.1,1,-0.7,2,1
S02000773,S02001000,15,0,3,13,-12,-15,-2,31,16,10,1.7,13,0.5,6,-1.1,18,-0.4
S02000773,S02001004,0,0,0,3,0,0,3,3,3,1,-1,1,-1.1,1,-0.7,2,1
S02000773,S02001010,30,8,8,8,-22,-22,-22,54,24,17,3.2,23,3.1,10,-0.6,31,-2.7
S02000773,S02001013,3,5,0,11,-3,2,8,19,16,6,-1.2,8,0,4,-1.9,11,0
S02000773,S02001014,0,6,0,0,0,6,0,6,6,2,-1.4,3,2.2,1,-1.1,3,-1.9
S02000773,S02001015,3,30,17,9,14,27,6,59,56,18,-3.6,25,1.6,11,1.8,34,-1.4
S02000773,S02001016,5,0,0,0,-5,-5,-5,5,0,2,2.8,2,2,1,-1,3,-1.7
S02000773,S02001018,0,0,0,3,0,0,3,3,3,1,-1,1,-1.1,1,-0.7,2,1
S02000773,S02001020,0,0,0,5,0,0,5,5,5,2,-1.2,2,-1.5,1,-1,3,1.3
S02000773,S02001185,11,0,4,3,-7,-11,-8,18,7,6,2.3,8,1.2,3,0.4,10,-1
S02000773,S02001197,0,3,0,0,0,3,0,3,3,1,-1,1,1.5,1,-0.7,2,-1.3
S02000774,S02000655,4,0,9,6,5,-4,2,19,15,6,-0.8,8,-1.4,4,2.9,11,1.2
S02000774,S02000656,4,23,4,0,0,19,-4,31,27,10,-1.8,13,3.8,6,-0.7,18,-3.3
S02000774,S02000658,0,3,3,11,3,3,11,17,17,5,-2.3,7,-1.6,3,-0.1,10,1.4
S02000774,S02000660,3,0,0,0,-3,-3,-3,3,0,1,2.1,1,1.5,1,-0.7,2,-1.3
S02000774,S02000672,0,0,0,3,0,0,3,3,3,1,-1,1,-1.1,1,-0.7,2,1
S02000774,S02000684,0,15,0,0,0,15,0,15,15,5,-2.2,6,3.4,3,-1.7,9,-2.9
S02000774,S02000701,3,0,0,0,-3,-3,-3,3,0,1,2.1,1,1.5,1,-0.7,2,-1.3
S02000774,S02000771,5,0,8,15,3,-5,10,28,23,9,-1.3,12,-2,5,1.2,16,1.7
S02000774,S02000772,34,0,0,3,-34,-34,-31,37,3,12,6.6,16,4.6,7,-2.6,21,-4
S02000774,S02000774,9,7,9,31,0,-2,22,56,47,17,-2,24,-1.6,10,-0.4,32,1.4
S02000774,S02000775,36,25,19,53,-17,-11,17,133,97,41,-0.8,57,0.6,25,-1.1,76,-0.5
S02000774,S02000776,25,66,26,100,1,41,75,217,192,68,-5.2,92,-0.1,40,-2.2,125,0.1
S02000774,S02000777,0,0,4,14,4,0,14,18,18,6,-2.4,8,-2.8,3,0.4,10,2.4
S02000774,S02000778,19,7,6,29,-13,-12,10,61,42,19,0,26,0,11,-1.6,35,0
S02000774,S02000779,10,0,0,0,-10,-10,-10,10,0,3,3.9,4,2.8,2,-1.4,6,-2.4
S02000774,S02000780,24,3,0,4,-24,-21,-20,31,7,10,4.6,13,3.8,6,-2.4,18,-3.3
S02000774,S02000781,70,22,115,132,45,-48,62,339,269,106,-3.5,144,-4.3,63,6.6,195,3.7
S02000774,S02000782,10,12,9,0,-1,2,-10,31,21,10,0.1,13,2.4,6,1.4,18,-2.1
S02000774,S02000783,35,3,8,5,-27,-32,-30,51,16,16,4.8,22,3.5,9,-0.5,29,-3
S02000774,S02000784,24,9,6,27,-18,-15,3,66,42,21,0.8,28,0.9,12,-1.8,38,-0.8
S02000774,S02000785,9,0,0,3,-9,-9,-6,12,3,4,2.7,5,1.7,2,-1.5,7,-1.5
S02000774,S02000787,29,8,0,5,-29,-21,-24,42,13,13,4.4,18,4.5,8,-2.8,24,-3.9
S02000774,S02000993,7,0,0,0,-7,-7,-7,7,0,2,3.3,3,2.3,1,-1.1,4,-2
S02000774,S02000998,3,0,0,0,-3,-3,-3,3,0,1,2.1,1,1.5,1,-0.7,2,-1.3
S02000774,S02000999,0,0,0,4,0,0,4,4,4,1,-1.1,2,-1.3,1,-0.9,2,1.1
S02000774,S02001000,11,0,3,6,-8,-11,-5,20,9,6,1.9,9,0.9,4,-0.4,11,-0.7
S02000774,S02001008,0,0,0,3,0,0,3,3,3,1,-1,1,-1.1,1,-0.7,2,1
S02000774,S02001010,8,5,4,3,-4,-3,-5,20,12,6,0.7,9,1.5,4,0.2,11,-1.3
S02000774,S02001013,5,8,4,7,-1,3,2,24,19,7,-0.9,10,0.9,4,-0.2,14,-0.8
S02000774,S02001014,0,3,0,0,0,3,0,3,3,1,-1,1,1.5,1,-0.7,2,-1.3
S02000774,S02001015,10,36,17,13,7,26,3,76,66,24,-2.8,32,2.4,14,0.8,44,-2.1
S02000774,S02001018,0,0,0,5,0,0,5,5,5,2,-1.2,2,-1.5,1,-1,3,1.3
S02000775,S02000270,0,0,3,0,3,0,0,3,3,1,-1,1,-1.1,1,3.3,2,1
S02000775,S02000634,3,0,0,0,-3,-3,-3,3,0,1,2.1,1,1.5,1,-0.7,2,-1.3
S02000775,S02000655,10,0,19,6,9,-10,-4,35,25,11,-0.3,15,-1.3,6,4.9,20,1.1
S02000775,S02000656,0,24,0,3,0,24,3,27,27,8,-2.9,11,3.7,5,-2.2,16,-3.2
S02000775,S02000658,0,3,5,5,5,3,5,13,13,4,-2,6,-1.1,2,1.7,7,0.9
S02000775,S02000660,9,4,0,0,-9,-5,-9,13,4,4,2.5,6,3.2,2,-1.6,7,-2.7
S02000775,S02000672,0,0,0,4,0,0,4,4,4,1,-1.1,2,-1.3,1,-0.9,2,1.1
S02000775,S02000684,0,16,0,0,0,16,0,16,16,5,-2.2,7,3.5,3,-1.7,9,-3
S02000775,S02000685,0,0,0,4,0,0,4,4,4,1,-1.1,2,-1.3,1,-0.9,2,1.1
S02000775,S02000771,0,0,0,7,0,0,7,7,7,2,-1.5,3,-1.7,1,-1.1,4,1.5
S02000775,S02000772,27,0,0,8,-27,-27,-19,35,8,11,4.9,15,3.1,6,-2.5,20,-2.7
S02000775,S02000773,0,0,0,4,0,0,4,4,4,1,-1.1,2,-1.3,1,-0.9,2,1.1
S02000775,S02000774,9,0,4,20,-5,-9,11,33,24,10,-0.4,14,-1.3,6,-0.9,19,1.2
S02000775,S02000775,40,28,10,64,-30,-12,24,142,102,44,-0.6,60,1,26,-3.2,82,-0.8
S02000775,S02000776,48,54,22,70,-26,6,22,194,146,60,-1.6,83,2.1,36,-2.3,111,-1.8
S02000775,S02000777,5,4,5,29,0,-1,24,43,38,13,-2.3,18,-2.2,8,-1,25,1.9
S02000775,S02000778,21,11,5,9,-16,-10,-12,46,25,14,1.8,20,2.8,9,-1.2,26,-2.4
S02000775,S02000779,8,0,0,0,-8,-8,-8,8,0,2,3.5,3,2.5,1,-1.2,5,-2.1
S02000775,S02000780,21,0,4,10,-17,-21,-11,35,14,11,3.1,15,1.6,6,-1,20,-1.4
S02000775,S02000781,62,17,62,104,0,-45,42,245,183,76,-1.6,104,-2.5,45,2.5,141,2.1
S02000775,S02000782,12,8,0,3,-12,-4,-9,23,11,7,1.8,10,3.3,4,-2.1,13,-2.8
S02000775,S02000783,42,0,0,3,-42,-42,-39,45,3,14,7.5,19,5.2,8,-2.9,26,-4.5
S02000775,S02000784,20,11,8,27,-12,-9,7,66,46,21,-0.1,28,0.6,12,-1.2,38,-0.5
S02000775,S02000785,4,4,0,6,-4,0,2,14,10,4,-0.2,6,0.8,3,-1.6,8,-0.7
S02000775,S02000787,14,4,0,3,-14,-10,-11,21,7,7,2.9,9,3,4,-2,12,-2.6
S02000775,S02000993,6,0,0,0,-6,-6,-6,6,0,2,3,3,2.2,1,-1.1,3,-1.9
S02000775,S02000997,4,0,0,0,-4,-4,-4,4,0,1,2.5,2,1.8,1,-0.9,2,-1.5
S02000775,S02001000,14,0,0,8,-14,-14,-6,22,8,7,2.7,9,1.5,4,-2,13,-1.3
S02000775,S02001004,3,0,0,0,-3,-3,-3,3,0,1,2.1,1,1.5,1,-0.7,2,-1.3
S02000775,S02001010,8,3,7,11,-1,-5,3,29,21,9,-0.3,12,-0.4,5,0.7,17,0.3
S02000775,S02001013,0,0,0,5,0,0,5,5,5,2,-1.2,2,-1.5,1,-1,3,1.3
S02000775,S02001015,10,46,21,15,11,36,5,92,82,29,-3.5,39,2.7,17,1,53,-2.3
S02000775,S02001016,0,0,0,3,0,0,3,3,3,1,-1,1,-1.1,1,-0.7,2,1
S02000775,S02001020,0,4,0,4,0,4,4,8,8,2,-1.6,3,0.3,1,-1.2,5,-0.3
S02000775,S02001185,5,0,0,0,-5,-5,-5,5,0,2,2.8,2,2,1,-1,3,-1.7
S02000775,S02001190,0,3,0,0,0,3,0,3,3,1,-1,1,1.5,1,-0.7,2,-1.3
S02000776,S02000587,0,3,0,0,0,3,0,3,3,1,-1,1,1.5,1,-0.7,2,-1.3
S02000776,S02000596,0,0,0,4,0,0,4,4,4,1,-1.1,2,-1.3,1,-0.9,2,1.1
S02000776,S02000628,0,3,0,0,0,3,0,3,3,1,-1,1,1.5,1,-0.7,2,-1.3
S02000776,S02000634,4,0,0,0,-4,-4,-4,4,0,1,2.5,2,1.8,1,-0.9,2,-1.5
S02000776,S02000638,3,0,0,0,-3,-3,-3,3,0,1,2.1,1,1.5,1,-0.7,2,-1.3
S02000776,S02000649,3,0,0,0,-3,-3,-3,3,0,1,2.1,1,1.5,1,-0.7,2,-1.3
S02000776,S02000651,0,0,3,5,3,0,5,8,8,2,-1.6,3,-1.8,1,1.2,5,1.6
S02000776,S02000655,24,0,34,12,10,-24,-12,70,46,22,0.5,30,-1.1,13,5.8,40,0.9
S02000776,S02000656,0,23,0,0,0,23,0,23,23,7,-2.7,10,4.2,4,-2.1,13,-3.6
S02000776,S02000658,12,4,5,19,-7,-8,7,40,28,12,-0.1,17,-0.2,7,-0.9,23,0.2
S02000776,S02000660,19,0,4,0,-15,-19,-19,23,4,7,4.4,10,2.9,4,-0.1,13,-2.5
S02000776,S02000661,5,0,5,0,0,-5,-5,10,5,3,1.1,4,0.4,2,2.3,6,-0.3
S02000776,S02000669,0,0,4,0,4,0,0,4,4,1,-1.1,2,-1.3,1,3.8,2,1.1
S02000776,S02000672,0,0,3,4,3,0,4,7,7,2,-1.5,3,-1.7,1,1.5,4,1.5
S02000776,S02000684,0,30,0,0,0,30,0,30,30,9,-3.1,13,4.8,6,-2.4,17,-4.2
S02000776,S02000689,10,0,0,4,-10,-10,-6,14,4,4,2.7,6,1.7,3,-1.6,8,-1.4
S02000776,S02000771,4,0,0,8,-4,-4,4,12,8,4,0.1,5,-0.5,2,-1.5,7,0.4
S02000776,S02000772,30,3,0,0,-30,-27,-30,33,3,10,6.2,14,5.1,6,-2.5,19,-4.4
S02000776,S02000773,4,0,0,4,-4,-4,0,8,4,2,1,3,0.3,1,-1.2,5,-0.3
S02000776,S02000774,5,0,4,23,-1,-5,18,32,27,10,-1.6,14,-2.3,6,-0.8,18,2
S02000776,S02000775,21,34,6,54,-15,13,33,115,94,36,-2.5,49,0.9,21,-3.3,66,-0.7
S02000776,S02000776,71,70,23,124,-48,-1,53,288,217,90,-2,122,1.7,53,-4.1,166,-1.4
S02000776,S02000777,0,0,4,24,4,0,24,28,28,9,-3,12,-3.5,5,-0.5,16,3
S02000776,S02000778,23,17,9,19,-14,-6,-4,68,45,21,0.4,29,2.1,13,-1,39,-1.8
S02000776,S02000779,5,0,0,5,-5,-5,0,10,5,3,1.1,4,0.4,2,-1.4,6,-0.3
S02000776,S02000780,18,0,0,8,-18,-18,-10,26,8,8,3.5,11,2.1,5,-2.2,15,-1.8
S02000776,S02000781,113,18,144,154,31,-95,41,429,316,134,-1.8,182,-3.8,79,7.3,247,3.3
S02000776,S02000782,15,33,5,8,-10,18,-7,61,46,19,-0.9,26,4.3,11,-1.9,35,-3.7
S02000776,S02000783,73,0,9,9,-64,-73,-64,91,18,28,8.4,39,5.5,17,-1.9,52,-4.7
S02000776,S02000784,23,5,11,30,-12,-18,7,69,46,21,0.3,29,-0.2,13,-0.5,40,0.2
S02000776,S02000785,11,0,0,6,-11,-11,-5,17,6,5,2.5,7,1.4,3,-1.8,10,-1.2
S02000776,S02000786,0,0,4,4,4,0,4,8,8,2,-1.6,3,-1.8,1,2.1,5,1.6
S02000776,S02000787,20,4,0,5,-20,-16,-15,29,9,9,3.6,12,3.3,5,-2.3,17,-2.9
S02000776,S02000992,3,0,0,0,-3,-3,-3,3,0,1,2.1,1,1.5,1,-0.7,2,-1.3
S02000776,S02000993,11,0,0,0,-11,-11,-11,11,0,3,4.1,5,2.9,2,-1.4,6,-2.5
S02000776,S02000994,4,0,0,0,-4,-4,-4,4,0,1,2.5,2,1.8,1,-0.9,2,-1.5
S02000776,S02000999,0,0,0,3,0,0,3,3,3,1,-1,1,-1.1,1,-0.7,2,1
S02000776,S02001000,11,8,5,15,-6,-3,4,39,28,12,-0.3,17,0.6,7,-0.8,22,-0.5
S02000776,S02001004,4,0,0,0,-4,-4,-4,4,0,1,2.5,2,1.8,1,-0.9,2,-1.5
S02000776,S02001007,0,5,0,0,0,5,0,5,5,2,-1.2,2,2,1,-1,3,-1.7
S02000776,S02001010,19,7,5,9,-14,-12,-10,40,21,12,1.9,17,2.2,7,-0.9,23,-1.9
S02000776,S02001013,0,11,0,11,0,11,11,22,22,7,-2.6,9,0.5,4,-2,13,-0.5
S02000776,S02001014,0,3,0,0,0,3,0,3,3,1,-1,1,1.5,1,-0.7,2,-1.3
S02000776,S02001015,18,53,21,12,3,35,-6,104,86,32,-2.5,44,4,19,0.4,60,-3.5
S02000776,S02001016,3,0,0,0,-3,-3,-3,3,0,1,2.1,1,1.5,1,-0.7,2,-1.3
S02000776,S02001018,0,3,0,3,0,3,3,6,6,2,-1.4,3,0.3,1,-1.1,3,-0.2
S02000776,S02001020,0,0,0,4,0,0,4,4,4,1,-1.1,2,-1.3,1,-0.9,2,1.1
S02000776,S02001185,5,7,0,0,-5,2,-5,12,7,4,0.7,5,3.1,2,-1.5,7,-2.6
S02000776,S02001192,4,0,0,0,-4,-4,-4,4,0,1,2.5,2,1.8,1,-0.9,2,-1.5
S02000777,S02000638,6,0,0,0,-6,-6,-6,6,0,2,3,3,2.2,1,-1.1,3,-1.9
S02000777,S02000651,0,0,4,0,4,0,0,4,4,1,-1.1,2,-1.3,1,3.8,2,1.1
S02000777,S02000655,21,7,40,12,19,-14,-9,80,59,25,-0.8,34,-1,15,6.6,46,0.9
S02000777,S02000656,0,10,0,0,0,10,0,10,10,3,-1.8,4,2.8,2,-1.4,6,-2.4
S02000777,S02000658,11,0,8,34,-3,-11,23,53,42,17,-1.4,23,-2.4,10,-0.6,30,2.1
S02000777,S02000659,0,0,4,0,4,0,0,4,4,1,-1.1,2,-1.3,1,3.8,2,1.1
S02000777,S02000660,7,3,0,0,-7,-4,-7,10,3,3,2.2,4,2.8,2,-1.4,6,-2.4
S02000777,S02000661,3,0,5,0,2,-3,-3,8,5,2,0.3,3,-0.2,1,2.9,5,0.2
S02000777,S02000672,0,0,0,13,0,0,13,13,13,4,-2,6,-2.4,2,-1.6,7,2
S02000777,S02000684,0,11,0,0,0,11,0,11,11,3,-1.9,5,2.9,2,-1.4,6,-2.5
S02000777,S02000689,4,0,0,4,-4,-4,0,8,4,2,1,3,0.3,1,-1.2,5,-0.3
S02000777,S02000696,3,0,0,0,-3,-3,-3,3,0,1,2.1,1,1.5,1,-0.7,2,-1.3
S02000777,S02000771,0,0,0,3,0,0,3,3,3,1,-1,1,-1.1,1,-0.7,2,1
S02000777,S02000772,20,3,0,7,-20,-17,-13,30,10,9,3.5,13,2.9,6,-2.4,17,-2.5
S02000777,S02000773,4,6,3,18,-1,2,14,31,27,10,-1.8,13,-0.9,6,-1.1,18,0.8
S02000777,S02000774,0,0,0,5,0,0,5,5,5,2,-1.2,2,-1.5,1,-1,3,1.3
S02000777,S02000775,6,7,0,8,-6,1,2,21,15,7,-0.2,9,1.4,4,-2,12,-1.2
S02000777,S02000776,15,16,4,29,-11,1,14,64,49,20,-1.1,27,0.7,12,-2.3,37,-0.6
S02000777,S02000777,19,11,15,85,-4,-8,66,130,111,40,-3.4,55,-3.4,24,-1.8,75,2.9
S02000777,S02000778,24,7,5,18,-19,-17,-6,54,30,17,1.8,23,1.7,10,-1.6,31,-1.4
S02000777,S02000779,9,0,0,5,-9,-9,-4,14,5,4,2.2,6,1.2,3,-1.6,8,-1.1
S02000777,S02000780,31,11,5,22,-26,-20,-9,69,38,21,2.1,29,2.3,13,-2.2,40,-2
S02000777,S02000781,108,30,125,117,17,-78,9,380,272,118,-1,162,-1.9,70,6.5,218,1.6
S02000777,S02000782,6,61,20,16,14,55,10,103,97,32,-4.6,44,3.5,19,0.2,59,-3
S02000777,S02000783,119,3,22,13,-97,-116,-106,157,38,49,10,67,6.8,29,-1.3,90,-5.8
S02000777,S02000784,32,11,19,61,-13,-21,29,123,91,38,-1,52,-1.3,23,-0.8,71,1.1
S02000777,S02000785,23,0,3,18,-20,-23,-5,44,21,14,2.5,19,1,8,-1.8,25,-0.9
S02000777,S02000786,9,0,0,42,-9,-9,33,51,42,16,-1.7,22,-2.7,9,-3.1,29,2.3
S02000777,S02000787,24,7,5,22,-19,-17,-2,58,34,18,1.4,25,1.3,11,-1.7,33,-1.1
S02000777,S02000984,3,0,0,0,-3,-3,-3,3,0,1,2.1,1,1.5,1,-0.7,2,-1.3
S02000777,S02000993,6,0,0,0,-6,-6,-6,6,0,2,3,3,2.2,1,-1.1,3,-1.9
S02000777,S02000999,0,0,4,5,4,0,5,9,9,3,-1.7,4,-2,2,1.8,5,1.7
S02000777,S02001000,8,8,7,19,-1,0,11,42,34,13,-1.4,18,-0.4,8,-0.3,24,0.4
S02000777,S02001010,15,0,8,9,-7,-15,-6,32,17,10,1.6,14,0.4,6,0.9,18,-0.3
S02000777,S02001013,0,6,0,4,0,6,4,10,10,3,-1.8,4,0.8,2,-1.4,6,-0.7
S02000777,S02001014,0,4,4,0,4,4,0,8,8,2,-1.6,3,0.3,1,2.1,5,-0.3
S02000777,S02001015,3,30,13,8,10,27,5,54,51,17,-3.4,23,2.1,10,1,31,-1.8
S02000777,S02001185,7,0,0,0,-7,-7,-7,7,0,2,3.3,3,2.3,1,-1.1,4,-2
S02000777,S02001192,3,0,0,0,-3,-3,-3,3,0,1,2.1,1,1.5,1,-0.7,2,-1.3
S02000778,S02000624,0,0,0,3,0,0,3,3,3,1,-1,1,-1.1,1,-0.7,2,1
S02000778,S02000627,4,0,0,0,-4,-4,-4,4,0,1,2.5,2,1.8,1,-0.9,2,-1.5
S02000778,S02000642,3,0,0,0,-3,-3,-3,3,0,1,2.1,1,1.5,1,-0.7,2,-1.3
S02000778,S02000644,3,0,0,0,-3,-3,-3,3,0,1,2.1,1,1.5,1,-0.7,2,-1.3
S02000778,S02000655,10,0,30,9,20,-10,-1,49,39,15,-1.3,21,-2.4,9,7,28,2
S02000778,S02000656,0,22,0,3,0,22,3,25,25,8,-2.8,11,3.5,5,-2.2,14,-3
S02000778,S02000658,6,0,3,13,-3,-6,7,22,16,7,-0.3,9,-1.1,4,-0.5,13,0.9
S02000778,S02000659,0,0,3,0,3,0,0,3,3,1,-1,1,-1.1,1,3.3,2,1
S02000778,S02000660,6,0,0,0,-6,-6,-6,6,0,2,3,3,2.2,1,-1.1,3,-1.9
S02000778,S02000661,0,0,3,0,3,0,0,3,3,1,-1,1,-1.1,1,3.3,2,1
S02000778,S02000665,0,0,3,0,3,0,0,3,3,1,-1,1,-1.1,1,3.3,2,1
S02000778,S02000669,0,0,0,3,0,0,3,3,3,1,-1,1,-1.1,1,-0.7,2,1
S02000778,S02000672,0,0,0,5,0,0,5,5,5,2,-1.2,2,-1.5,1,-1,3,1.3
S02000778,S02000684,0,8,0,0,0,8,0,8,8,2,-1.6,3,2.5,1,-1.2,5,-2.1
S02000778,S02000772,31,0,0,3,-31,-31,-28,34,3,11,6.3,14,4.3,6,-2.5,20,-3.7
S02000778,S02000773,3,3,0,0,-3,0,-3,6,3,2,0.8,3,2.2,1,-1.1,3,-1.9
S02000778,S02000774,3,0,0,4,-3,-3,1,7,4,2,0.6,3,0,1,-1.1,4,0
S02000778,S02000775,11,17,5,13,-6,6,2,46,35,14,-0.9,20,1.9,9,-1.2,26,-1.6
S02000778,S02000776,31,35,13,49,-18,4,18,128,97,40,-1.4,54,1.6,24,-2.2,74,-1.3
S02000778,S02000777,7,0,5,33,-2,-7,26,45,38,14,-1.9,19,-2.8,8,-1.2,26,2.4
S02000778,S02000778,67,34,23,68,-44,-33,1,192,125,60,0.9,82,2.1,36,-2.1,110,-1.8
S02000778,S02000779,8,0,0,3,-8,-8,-5,11,3,3,2.5,5,1.5,2,-1.4,6,-1.3
S02000778,S02000780,29,10,7,9,-22,-19,-20,55,26,17,2.9,23,3.2,10,-1,32,-2.8
S02000778,S02000781,106,27,149,180,43,-79,74,462,356,144,-3.2,196,-4.5,85,6.9,266,3.9
S02000778,S02000782,18,29,8,3,-10,11,-15,58,40,18,0,25,4.5,11,-0.8,33,-3.9
S02000778,S02000783,94,9,10,8,-84,-85,-86,121,27,38,9.2,51,7.2,22,-2.6,70,-6.2
S02000778,S02000784,34,20,10,50,-24,-14,16,114,80,36,-0.3,48,0.8,21,-2.4,66,-0.7
S02000778,S02000785,9,4,0,7,-9,-5,-2,20,11,6,1.1,9,1.5,4,-1.9,11,-1.3
S02000778,S02000786,3,0,0,5,-3,-3,2,8,5,2,0.3,3,-0.2,1,-1.2,5,0.2
S02000778,S02000787,35,8,0,7,-35,-27,-28,50,15,16,4.9,21,4.7,9,-3,29,-4.1
S02000778,S02000988,4,0,0,0,-4,-4,-4,4,0,1,2.5,2,1.8,1,-0.9,2,-1.5
S02000778,S02000999,0,0,0,3,0,0,3,3,3,1,-1,1,-1.1,1,-0.7,2,1
S02000778,S02001000,8,0,4,3,-4,-8,-5,15,7,5,1.5,6,0.6,3,0.7,9,-0.6
S02000778,S02001010,19,8,3,6,-16,-11,-13,36,17,11,2.3,15,3,7,-1.4,21,-2.6
S02000778,S02001013,0,7,0,5,0,7,5,12,12,4,-1.9,5,0.8,2,-1.5,7,-0.7
S02000778,S02001014,0,3,0,0,0,3,0,3,3,1,-1,1,1.5,1,-0.7,2,-1.3
S02000778,S02001015,10,35,16,11,6,25,1,72,62,22,-2.6,31,2.6,13,0.7,41,-2.2
S02000779,S02000655,9,0,35,0,26,-9,-9,44,35,14,-1.3,19,-2.2,8,9.4,25,1.9
S02000779,S02000656,0,26,0,0,0,26,0,26,26,8,-2.8,11,4.5,5,-2.2,15,-3.9
S02000779,S02000658,6,0,0,15,-6,-6,9,21,15,7,-0.2,9,-1,4,-2,12,0.8
S02000779,S02000660,8,0,0,0,-8,-8,-8,8,0,2,3.5,3,2.5,1,-1.2,5,-2.1
S02000779,S02000672,0,0,3,8,3,0,8,11,11,3,-1.9,5,-2.2,2,0.7,6,1.9
S02000779,S02000684,3,24,0,5,-3,21,2,32,29,10,-2.2,14,3.6,6,-2.4,18,-3.1
S02000779,S02000696,3,0,0,0,-3,-3,-3,3,0,1,2.1,1,1.5,1,-0.7,2,-1.3
S02000779,S02000772,32,0,0,4,-32,-32,-28,36,4,11,6.2,15,4.3,7,-2.6,21,-3.7
S02000779,S02000773,0,3,0,4,0,3,4,7,7,2,-1.5,3,0,1,-1.1,4,0
S02000779,S02000775,7,9,0,16,-7,2,9,32,25,10,-0.9,14,0.6,6,-2.4,18,-0.6
S02000779,S02000776,13,13,11,33,-2,0,20,70,57,22,-1.9,30,-0.7,13,-0.5,40,0.6
S02000779,S02000777,3,8,13,23,10,5,20,47,44,15,-3,20,-2,9,1.5,27,1.7
S02000779,S02000778,26,15,7,31,-19,-11,5,79,53,25,0.3,34,1.3,15,-2,45,-1.1
S02000779,S02000779,26,5,3,13,-23,-21,-13,47,21,15,3,20,2.5,9,-1.9,27,-2.1
S02000779,S02000780,42,8,4,43,-38,-34,1,97,55,30,2.1,41,1.4,18,-3.3,56,-1.2
S02000779,S02000781,124,25,117,165,-7,-99,41,431,307,134,-0.9,183,-2.5,80,4.2,248,2.2
S02000779,S02000782,9,32,9,12,0,23,3,62,53,19,-2.3,26,2.8,11,-0.7,36,-2.5
S02000779,S02000783,109,8,20,9,-89,-101,-100,146,37,45,9.4,62,7,27,-1.3,84,-6
S02000779,S02000784,28,17,15,71,-13,-11,43,131,103,41,-2,56,-1.4,24,-1.9,75,1.2
S02000779,S02000785,12,0,0,3,-12,-12,-9,15,3,5,3.4,6,2.2,3,-1.7,9,-1.9
S02000779,S02000786,0,0,0,7,0,0,7,7,7,2,-1.5,3,-1.7,1,-1.1,4,1.5
S02000779,S02000787,25,9,3,17,-22,-16,-8,54,29,17,2,23,2.3,10,-2.2,31,-2
S02000779,S02000993,3,0,0,0,-3,-3,-3,3,0,1,2.1,1,1.5,1,-0.7,2,-1.3
S02000779,S02000994,4,0,0,0,-4,-4,-4,4,0,1,2.5,2,1.8,1,-0.9,2,-1.5
S02000779,S02000999,0,3,0,0,0,3,0,3,3,1,-1,1,1.5,1,-0.7,2,-1.3
S02000779,S02001000,9,0,4,8,-5,-9,-1,21,12,7,1,9,0,4,0.1,12,0
S02000779,S02001010,19,3,0,0,-19,-16,-19,22,3,7,4.6,9,4.1,4,-2,13,-3.6
S02000779,S02001013,0,10,0,0,0,10,0,10,10,3,-1.8,4,2.8,2,-1.4,6,-2.4
S02000779,S02001014,0,3,3,0,3,3,0,6,6,2,-1.4,3,0.3,1,1.8,3,-0.2
S02000779,S02001015,5,42,12,3,7,37,-2,62,57,19,-3.3,26,4,11,0.2,36,-3.5
S02000779,S02001018,0,0,0,3,0,0,3,3,3,1,-1,1,-1.1,1,-0.7,2,1
S02000779,S02001197,0,3,0,0,0,3,0,3,3,1,-1,1,1.5,1,-0.7,2,-1.3
S02000780,S02000655,4,3,16,7,12,-1,3,30,26,9,-1.7,13,-1.6,6,4.4,17,1.4
S02000780,S02000656,0,10,0,0,0,10,0,10,10,3,-1.8,4,2.8,2,-1.4,6,-2.4
S02000780,S02000658,12,0,0,8,-12,-12,-4,20,8,6,2.3,9,1.2,4,-1.9,11,-1
S02000780,S02000660,4,4,0,0,-4,0,-4,8,4,2,1,3,2.5,1,-1.2,5,-2.1
S02000780,S02000667,4,0,0,0,-4,-4,-4,4,0,1,2.5,2,1.8,1,-0.9,2,-1.5
S02000780,S02000672,0,0,0,7,0,0,7,7,7,2,-1.5,3,-1.7,1,-1.1,4,1.5
S02000780,S02000684,0,18,0,0,0,18,0,18,18,6,-2.4,8,3.7,3,-1.8,10,-3.2
S02000780,S02000689,3,0,0,0,-3,-3,-3,3,0,1,2.1,1,1.5,1,-0.7,2,-1.3
S02000780,S02000772,19,0,0,0,-19,-19,-19,19,0,6,5.4,8,3.8,4,-1.9,11,-3.3
S02000780,S02000773,0,0,0,3,0,0,3,3,3,1,-1,1,-1.1,1,-0.7,2,1
S02000780,S02000774,3,0,0,0,-3,-3,-3,3,0,1,2.1,1,1.5,1,-0.7,2,-1.3
S02000780,S02000775,5,4,0,7,-5,-1,2,16,11,5,0,7,0.8,3,-1.7,9,-0.7
S02000780,S02000776,13,30,4,30,-9,17,17,77,64,24,-2.2,33,1.8,14,-2.7,44,-1.5
S02000780,S02000777,6,3,11,30,5,-3,24,50,44,16,-2.4,21,-2.7,9,0.6,29,2.3
S02000780,S02000778,18,10,5,20,-13,-8,2,53,35,17,0.4,23,1.1,10,-1.5,30,-1
S02000780,S02000779,10,0,3,4,-7,-10,-6,17,7,5,2,7,1,3,-0.1,10,-0.9
S02000780,S02000780,41,9,9,35,-32,-32,-6,94,53,29,2.2,40,1.6,17,-2,54,-1.4
S02000780,S02000781,80,26,95,122,15,-54,42,323,243,101,-2.1,137,-2.7,60,4.6,186,2.3
S02000780,S02000782,11,20,5,8,-6,9,-3,44,33,14,-0.7,19,2.8,8,-1.1,25,-2.4
S02000780,S02000783,65,5,8,8,-57,-60,-57,86,21,27,7.4,37,5.5,16,-2,49,-4.8
S02000780,S02000784,22,21,12,62,-10,-1,40,117,95,36,-2.4,50,-1,22,-2.1,67,0.8
S02000780,S02000785,9,0,0,3,-9,-9,-6,12,3,4,2.7,5,1.7,2,-1.5,7,-1.5
S02000780,S02000786,0,0,0,8,0,0,8,8,8,2,-1.6,3,-1.8,1,-1.2,5,1.6
S02000780,S02000787,34,7,0,3,-34,-27,-31,44,10,14,5.5,19,5.2,8,-2.9,25,-4.4
S02000780,S02000984,0,0,0,3,0,0,3,3,3,1,-1,1,-1.1,1,-0.7,2,1
S02000780,S02000994,3,0,0,0,-3,-3,-3,3,0,1,2.1,1,1.5,1,-0.7,2,-1.3
S02000780,S02001000,7,0,0,0,-7,-7,-7,7,0,2,3.3,3,2.3,1,-1.1,4,-2
S02000780,S02001010,5,3,4,0,-1,-2,-5,12,7,4,0.7,5,1.3,2,1.2,7,-1.1
S02000780,S02001013,6,0,0,0,-6,-6,-6,6,0,2,3,3,2.2,1,-1.1,3,-1.9
S02000780,S02001015,6,33,12,9,6,27,3,60,54,19,-2.9,26,2.7,11,0.3,34,-2.3
S02000781,S02000622,0,0,0,3,0,0,3,3,3,1,-1,1,-1.1,1,-0.7,2,1
S02000781,S02000628,3,0,0,0,-3,-3,-3,3,0,1,2.1,1,1.5,1,-0.7,2,-1.3
S02000781,S02000638,3,0,0,0,-3,-3,-3,3,0,1,2.1,1,1.5,1,-0.7,2,-1.3
S02000781,S02000655,7,0,32,16,25,-7,9,55,48,17,-2.4,23,-3.4,10,6.8,32,2.9
S02000781,S02000656,0,14,0,0,0,14,0,14,14,4,-2.1,6,3.3,3,-1.6,8,-2.8
S02000781,S02000658,0,0,7,13,7,0,13,20,20,6,-2.5,9,-2.9,4,1.7,11,2.5
S02000781,S02000659,0,3,0,0,0,3,0,3,3,1,-1,1,1.5,1,-0.7,2,-1.3
S02000781,S02000660,5,0,3,0,-2,-5,-5,8,3,2,1.6,3,0.9,1,1.2,5,-0.7
S02000781,S02000661,0,0,3,0,3,0,0,3,3,1,-1,1,-1.1,1,3.3,2,1
S02000781,S02000672,0,0,3,0,3,0,0,3,3,1,-1,1,-1.1,1,3.3,2,1
S02000781,S02000684,0,4,0,0,0,4,0,4,4,1,-1.1,2,1.8,1,-0.9,2,-1.5
S02000781,S02000689,4,0,0,0,-4,-4,-4,4,0,1,2.5,2,1.8,1,-0.9,2,-1.5
S02000781,S02000710,0,0,3,0,3,0,0,3,3,1,-1,1,-1.1,1,3.3,2,1
S02000781,S02000772,10,0,0,0,-10,-10,-10,10,0,3,3.9,4,2.8,2,-1.4,6,-2.4
S02000781,S02000773,6,0,0,8,-6,-6,2,14,8,4,0.8,6,0,3,-1.6,8,0
S02000781,S02000775,5,6,0,4,-5,1,-1,15,10,5,0.2,6,1.8,3,-1.7,9,-1.6
S02000781,S02000776,15,25,7,41,-8,10,26,88,73,27,-2.4,37,0.4,16,-2.3,51,-0.4
S02000781,S02000777,8,4,14,42,6,-4,34,68,60,21,-2.9,29,-3.1,13,0.4,39,2.7
S02000781,S02000778,23,18,6,31,-17,-5,8,78,55,24,-0.3,33,1.4,14,-2.2,45,-1.2
S02000781,S02000779,6,3,0,5,-6,-3,-1,14,8,4,0.8,6,1.2,3,-1.6,8,-1.1
S02000781,S02000780,20,5,6,22,-14,-15,2,53,33,17,0.9,23,0.5,10,-1.2,30,-0.4
S02000781,S02000781,109,29,142,144,33,-80,35,424,315,132,-2,180,-3.2,78,7.2,244,2.7
S02000781,S02000782,21,32,13,3,-8,11,-18,69,48,21,-0.1,29,4.4,13,0.1,40,-3.8
S02000781,S02000783,63,3,8,5,-55,-60,-58,79,16,25,7.7,34,5.6,15,-1.7,45,-4.8
S02000781,S02000784,19,13,11,52,-8,-6,33,95,76,30,-1.9,40,-1.3,18,-1.6,55,1.1
S02000781,S02000785,13,0,0,3,-13,-13,-10,16,3,5,3.6,7,2.4,3,-1.7,9,-2
S02000781,S02000786,3,0,0,0,-3,-3,-3,3,0,1,2.1,1,1.5,1,-0.7,2,-1.3
S02000781,S02000787,37,6,4,9,-33,-31,-28,56,19,17,4.7,24,3.9,10,-2,32,-3.4
S02000781,S02000993,3,0,0,0,-3,-3,-3,3,0,1,2.1,1,1.5,1,-0.7,2,-1.3
S02000781,S02000999,0,0,0,4,0,0,4,4,4,1,-1.1,2,-1.3,1,-0.9,2,1.1
S02000781,S02001000,7,0,5,12,-2,-7,5,24,17,7,-0.2,10,-1,4,0.3,14,0.9
S02000781,S02001010,9,0,0,4,-9,-9,-5,13,4,4,2.5,6,1.5,2,-1.6,7,-1.3
S02000781,S02001013,7,5,0,4,-7,-2,-3,16,9,5,0.9,7,2,3,-1.7,9,-1.7
S02000781,S02001014,0,5,0,0,0,5,0,5,5,2,-1.2,2,2,1,-1,3,-1.7
S02000781,S02001015,5,22,10,5,5,17,0,42,37,13,-2.2,18,2.2,8,0.8,24,-1.9
S02000781,S02001016,0,0,0,3,0,0,3,3,3,1,-1,1,-1.1,1,-0.7,2,1
S02000781,S02001185,4,0,0,0,-4,-4,-4,4,0,1,2.5,2,1.8,1,-0.9,2,-1.5
S02000782,S02000655,0,0,16,0,16,0,0,16,16,5,-2.2,7,-2.6,3,7.6,9,2.2
S02000782,S02000656,0,17,0,0,0,17,0,17,17,5,-2.3,7,3.6,3,-1.8,10,-3.1
S02000782,S02000658,5,0,4,5,-1,-5,0,14,9,4,0.3,6,-0.4,3,0.9,8,0.3
S02000782,S02000660,3,0,4,0,1,-3,-3,7,4,2,0.6,3,0,1,2.4,4,0
S02000782,S02000676,0,0,0,4,0,0,4,4,4,1,-1.1,2,-1.3,1,-0.9,2,1.1
S02000782,S02000684,0,13,0,0,0,13,0,13,13,4,-2,6,3.2,2,-1.6,7,-2.7
S02000782,S02000685,0,0,0,3,0,0,3,3,3,1,-1,1,-1.1,1,-0.7,2,1
S02000782,S02000771,0,0,3,0,3,0,0,3,3,1,-1,1,-1.1,1,3.3,2,1
S02000782,S02000772,28,0,0,0,-28,-28,-28,28,0,9,6.5,12,4.7,5,-2.3,16,-4
S02000782,S02000773,0,0,5,13,5,0,13,18,18,6,-2.4,8,-2.8,3,0.9,10,2.4
S02000782,S02000775,5,6,0,5,-5,1,0,16,11,5,0,7,1.6,3,-1.7,9,-1.4
S02000782,S02000776,12,16,0,42,-12,4,30,70,58,22,-2.1,30,-0.3,13,-3.6,40,0.3
S02000782,S02000777,14,6,13,59,-1,-8,45,92,78,29,-2.7,39,-3.1,17,-1,53,2.6
S02000782,S02000778,22,15,7,21,-15,-7,-1,65,43,20,0.4,28,1.8,12,-1.4,37,-1.5
S02000782,S02000779,4,0,0,4,-4,-4,0,8,4,2,1,3,0.3,1,-1.2,5,-0.3
S02000782,S02000780,27,4,6,14,-21,-23,-13,51,24,16,2.8,22,2,9,-1.1,29,-1.7
S02000782,S02000781,93,15,90,156,-3,-78,63,354,261,110,-1.6,151,-3.5,65,3,203,3
S02000782,S02000782,38,39,25,28,-13,1,-10,130,92,40,-0.4,55,2.9,24,0.2,75,-2.5
S02000782,S02000783,131,5,19,20,-112,-126,-111,175,44,55,10.4,74,7.1,32,-2.4,101,-6.1
S02000782,S02000784,23,15,8,60,-15,-8,37,106,83,33,-1.7,45,-1.1,20,-2.6,61,0.9
S02000782,S02000785,11,6,3,11,-8,-5,0,31,20,10,0.4,13,1.1,6,-1.1,18,-0.9
S02000782,S02000786,6,0,9,14,3,-6,8,29,23,9,-1,12,-1.8,5,1.6,17,1.6
S02000782,S02000787,28,16,0,12,-28,-12,-16,56,28,17,2.5,24,4.1,10,-3.2,32,-3.6
S02000782,S02001000,6,0,0,0,-6,-6,-6,6,0,2,3,3,2.2,1,-1.1,3,-1.9
S02000782,S02001010,8,0,4,5,-4,-8,-3,17,9,5,1.2,7,0.3,3,0.5,10,-0.2
S02000782,S02001013,0,4,0,4,0,4,4,8,8,2,-1.6,3,0.3,1,-1.2,5,-0.3
S02000782,S02001015,3,25,8,4,5,22,1,40,37,12,-2.7,17,2.7,7,0.2,23,-2.3
S02000783,S02000599,3,0,0,0,-3,-3,-3,3,0,1,2.1,1,1.5,1,-0.7,2,-1.3
S02000783,S02000634,0,0,0,3,0,0,3,3,3,1,-1,1,-1.1,1,-0.7,2,1
S02000783,S02000644,0,0,4,0,4,0,0,4,4,1,-1.1,2,-1.3,1,3.8,2,1.1
S02000783,S02000655,9,3,18,9,9,-6,0,39,30,12,-0.9,17,-1.1,7,4,22,1
S02000783,S02000656,0,13,0,0,0,13,0,13,13,4,-2,6,3.2,2,-1.6,7,-2.7
S02000783,S02000658,10,0,3,9,-7,-10,-1,22,12,7,1.2,9,0.2,4,-0.5,13,-0.2
S02000783,S02000684,0,12,0,0,0,12,0,12,12,4,-1.9,5,3.1,2,-1.5,7,-2.6
S02000783,S02000772,24,0,3,0,-21,-24,-24,27,3,8,5.4,11,3.7,5,-0.9,16,-3.2
S02000783,S02000773,4,0,0,4,-4,-4,0,8,4,2,1,3,0.3,1,-1.2,5,-0.3
S02000783,S02000775,3,11,0,14,-3,8,11,28,25,9,-1.9,12,0.6,5,-2.3,16,-0.5
S02000783,S02000776,11,19,3,31,-8,8,20,64,53,20,-2,27,0.5,12,-2.6,37,-0.5
S02000783,S02000777,6,5,7,53,1,-1,47,71,65,22,-3.4,30,-3.5,13,-1.7,41,3
S02000783,S02000778,27,7,4,38,-23,-20,11,76,49,24,0.7,32,0.3,14,-2.7,44,-0.3
S02000783,S02000779,7,3,4,5,-3,-4,-2,19,12,6,0.4,8,0.7,4,0.3,11,-0.6
S02000783,S02000780,24,7,6,12,-18,-17,-12,49,25,15,2.2,21,2.2,9,-1,28,-1.9
S02000783,S02000781,101,37,127,143,26,-64,42,408,307,127,-2.3,174,-2.7,75,5.9,234,2.3
S02000783,S02000782,26,33,10,9,-16,7,-17,78,52,24,0.3,33,4.5,14,-1.2,45,-3.9
S02000783,S02000783,167,12,25,33,-142,-155,-134,237,70,74,10.8,101,7.8,44,-2.8,136,-6.7
S02000783,S02000784,37,18,10,77,-27,-19,40,142,105,44,-1.1,60,-0.7,26,-3.2,82,0.6
S02000783,S02000785,12,3,5,8,-7,-9,-4,28,16,9,1.1,12,0.9,5,-0.1,16,-0.8
S02000783,S02000786,0,0,0,7,0,0,7,7,7,2,-1.5,3,-1.7,1,-1.1,4,1.5
S02000783,S02000787,36,4,4,21,-32,-32,-15,65,29,20,3.5,28,2.3,12,-2.3,37,-2
S02000783,S02000993,9,0,0,0,-9,-9,-9,9,0,3,3.7,4,2.6,2,-1.3,5,-2.3
S02000783,S02000998,3,0,0,0,-3,-3,-3,3,0,1,2.1,1,1.5,1,-0.7,2,-1.3
S02000783,S02001000,12,0,0,6,-12,-12,-6,18,6,6,2.7,8,1.6,3,-1.8,10,-1.4
S02000783,S02001010,10,3,0,0,-10,-7,-10,13,3,4,3,6,3.2,2,-1.6,7,-2.7
S02000783,S02001013,0,13,0,3,0,13,3,16,16,5,-2.2,7,2.4,3,-1.7,9,-2
S02000783,S02001015,4,41,9,12,5,37,8,66,62,21,-3.7,28,3.2,12,-0.9,38,-2.7
S02000783,S02001197,0,4,0,0,0,4,0,4,4,1,-1.1,2,1.8,1,-0.9,2,-1.5
S02000784,S02000622,0,3,0,0,0,3,0,3,3,1,-1,1,1.5,1,-0.7,2,-1.3
S02000784,S02000628,3,0,0,0,-3,-3,-3,3,0,1,2.1,1,1.5,1,-0.7,2,-1.3
S02000784,S02000634,5,0,0,4,-5,-5,-1,9,4,3,1.3,4,0.6,2,-1.3,5,-0.5
S02000784,S02000638,5,0,0,0,-5,-5,-5,5,0,2,2.8,2,2,1,-1,3,-1.7
S02000784,S02000644,0,0,3,0,3,0,0,3,3,1,-1,1,-1.1,1,3.3,2,1
S02000784,S02000649,0,0,0,3,0,0,3,3,3,1,-1,1,-1.1,1,-0.7,2,1
S02000784,S02000651,0,0,7,4,7,0,4,11,11,3,-1.9,5,-2.2,2,3.5,6,1.9
S02000784,S02000655,22,0,67,17,45,-22,-5,106,84,33,-1.9,45,-3.4,20,10.7,61,3
S02000784,S02000656,7,12,0,3,-7,5,-4,22,15,7,0.1,9,3.2,4,-2,13,-2.7
S02000784,S02000658,18,4,9,43,-9,-14,25,74,56,23,-1.1,31,-1.7,14,-1.3,43,1.5
S02000784,S02000660,12,0,0,0,-12,-12,-12,12,0,4,4.3,5,3.1,2,-1.5,7,-2.6
S02000784,S02000661,3,0,5,0,2,-3,-3,8,5,2,0.3,3,-0.2,1,2.9,5,0.2
S02000784,S02000663,0,3,0,0,0,3,0,3,3,1,-1,1,1.5,1,-0.7,2,-1.3
S02000784,S02000667,3,0,0,0,-3,-3,-3,3,0,1,2.1,1,1.5,1,-0.7,2,-1.3
S02000784,S02000669,0,0,0,3,0,0,3,3,3,1,-1,1,-1.1,1,-0.7,2,1
S02000784,S02000672,0,0,0,12,0,0,12,12,12,4,-1.9,5,-2.3,2,-1.5,7,1.9
S02000784,S02000684,0,11,0,0,0,11,0,11,11,3,-1.9,5,2.9,2,-1.4,6,-2.5
S02000784,S02000689,4,0,0,3,-4,-4,-1,7,3,2,1.2,3,0.6,1,-1.1,4,-0.5
S02000784,S02000710,0,0,4,0,4,0,0,4,4,1,-1.1,2,-1.3,1,3.8,2,1.1
S02000784,S02000711,0,0,0,3,0,0,3,3,3,1,-1,1,-1.1,1,-0.7,2,1
S02000784,S02000772,28,0,0,0,-28,-28,-28,28,0,9,6.5,12,4.7,5,-2.3,16,-4
S02000784,S02000773,4,0,11,8,7,-4,4,23,19,7,-1.2,10,-1.8,4,3.3,13,1.6
S02000784,S02000774,0,0,0,9,0,0,9,9,9,3,-1.7,4,-2,2,-1.3,5,1.7
S02000784,S02000775,10,3,0,18,-10,-7,8,31,21,10,0.1,13,-0.1,6,-2.4,18,0
S02000784,S02000776,20,21,4,32,-16,1,12,77,57,24,-0.8,33,1.4,14,-2.7,44,-1.2
S02000784,S02000777,8,14,25,54,17,6,46,101,93,31,-4.2,43,-3.2,19,1.5,58,2.8
S02000784,S02000778,18,19,4,25,-14,1,7,66,48,21,-0.6,28,1.7,12,-2.3,38,-1.4
S02000784,S02000779,15,0,0,10,-15,-15,-5,25,10,8,2.6,11,1.3,5,-2.2,14,-1.2
S02000784,S02000780,37,7,10,29,-27,-30,-8,83,46,26,2.2,35,1.5,15,-1.4,48,-1.3
S02000784,S02000781,125,32,143,146,18,-93,21,446,321,139,-1.2,190,-2.4,83,6.7,256,2
S02000784,S02000782,15,38,16,22,1,23,7,91,76,28,-2.5,39,2.3,17,-0.2,52,-2
S02000784,S02000783,94,6,19,0,-75,-88,-94,119,25,37,9.4,51,6.9,22,-0.6,68,-6
S02000784,S02000784,56,22,42,128,-14,-34,72,248,192,77,-2.4,105,-2.7,46,-0.6,143,2.3
S02000784,S02000785,17,0,0,10,-17,-17,-7,27,10,8,3,11,1.6,5,-2.2,16,-1.4
S02000784,S02000786,10,0,0,12,-10,-10,2,22,12,7,1.2,9,0.2,4,-2,13,-0.2
S02000784,S02000787,36,9,8,22,-28,-27,-14,75,39,23,2.6,32,2.3,14,-1.6,43,-2
S02000784,S02000993,10,0,0,0,-10,-10,-10,10,0,3,3.9,4,2.8,2,-1.4,6,-2.4
S02000784,S02000998,3,0,0,0,-3,-3,-3,3,0,1,2.1,1,1.5,1,-0.7,2,-1.3
S02000784,S02000999,0,0,0,8,0,0,8,8,8,2,-1.6,3,-1.8,1,-1.2,5,1.6
S02000784,S02001000,20,5,6,22,-14,-15,2,53,33,17,0.9,23,0.5,10,-1.2,30,-0.4
S02000784,S02001010,27,6,5,6,-22,-21,-21,44,17,14,3.6,19,3.3,8,-1.1,25,-2.8
S02000784,S02001013,0,6,0,4,0,6,4,10,10,3,-1.8,4,0.8,2,-1.4,6,-0.7
S02000784,S02001014,0,3,0,0,0,3,0,3,3,1,-1,1,1.5,1,-0.7,2,-1.3
S02000784,S02001015,5,40,13,9,8,35,4,67,62,21,-3.5,28,3.1,12,0.2,39,-2.7
S02000784,S02001185,6,7,9,6,3,1,0,28,22,9,-0.9,12,0.3,5,1.7,16,-0.3
S02000784,S02001192,0,0,0,4,0,0,4,4,4,1,-1.1,2,-1.3,1,-0.9,2,1.1
S02000785,S02000599,0,3,0,0,0,3,0,3,3,1,-1,1,1.5,1,-0.7,2,-1.3
S02000785,S02000602,3,0,0,0,-3,-3,-3,3,0,1,2.1,1,1.5,1,-0.7,2,-1.3
S02000785,S02000628,4,0,0,0,-4,-4,-4,4,0,1,2.5,2,1.8,1,-0.9,2,-1.5
S02000785,S02000631,0,0,3,0,3,0,0,3,3,1,-1,1,-1.1,1,3.3,2,1
S02000785,S02000634,4,0,0,0,-4,-4,-4,4,0,1,2.5,2,1.8,1,-0.9,2,-1.5
S02000785,S02000651,0,0,4,0,4,0,0,4,4,1,-1.1,2,-1.3,1,3.8,2,1.1
S02000785,S02000655,15,5,48,18,33,-10,3,86,71,27,-2.3,37,-2.7,16,8,49,2.4
S02000785,S02000656,0,13,3,0,3,13,0,16,16,5,-2.2,7,2.4,3,0,9,-2
S02000785,S02000658,7,0,3,25,-4,-7,18,35,28,11,-1.2,15,-2,6,-1.4,20,1.8
S02000785,S02000660,10,0,4,0,-6,-10,-10,14,4,4,2.7,6,1.7,3,0.9,8,-1.4
S02000785,S02000672,0,0,0,12,0,0,12,12,12,4,-1.9,5,-2.3,2,-1.5,7,1.9
S02000785,S02000684,0,14,0,0,0,14,0,14,14,4,-2.1,6,3.3,3,-1.6,8,-2.8
S02000785,S02000701,3,0,0,0,-3,-3,-3,3,0,1,2.1,1,1.5,1,-0.7,2,-1.3
S02000785,S02000772,20,0,0,0,-20,-20,-20,20,0,6,5.5,9,3.9,4,-1.9,11,-3.4
S02000785,S02000773,0,0,3,10,3,0,10,13,13,4,-2,6,-2.4,2,0.4,7,2
S02000785,S02000774,0,0,0,4,0,0,4,4,4,1,-1.1,2,-1.3,1,-0.9,2,1.1
S02000785,S02000775,4,3,0,10,-4,-1,6,17,13,5,-0.6,7,-0.1,3,-1.8,10,0.1
S02000785,S02000776,12,11,7,13,-5,-1,1,43,31,13,-0.4,18,1.1,8,-0.3,25,-0.9
S02000785,S02000777,8,5,6,55,-2,-3,47,74,66,23,-3.1,31,-3.3,14,-2.1,43,2.8
S02000785,S02000778,20,10,0,18,-20,-10,-2,48,28,15,1.3,20,2.1,9,-3,28,-1.8
S02000785,S02000779,6,0,0,4,-6,-6,-2,10,4,3,1.6,4,0.8,2,-1.4,6,-0.7
S02000785,S02000780,21,3,0,7,-21,-18,-14,31,10,10,3.7,13,3,6,-2.4,18,-2.6
S02000785,S02000781,75,16,104,97,29,-59,22,292,217,91,-1.7,124,-3,54,6.8,168,2.6
S02000785,S02000782,17,35,24,15,7,18,-2,91,74,28,-2.1,39,2.1,17,1.7,52,-1.8
S02000785,S02000783,111,5,20,11,-91,-106,-100,147,36,46,9.6,63,6.8,27,-1.4,84,-5.8
S02000785,S02000784,29,9,10,49,-19,-20,20,97,68,30,-0.2,41,-0.5,18,-1.9,56,0.4
S02000785,S02000785,30,4,11,28,-19,-26,-2,73,43,23,1.5,31,0.5,14,-0.7,42,-0.5
S02000785,S02000786,6,3,9,47,3,-3,41,65,59,20,-3.2,28,-3.5,12,-0.9,37,3.1
S02000785,S02000787,28,15,4,11,-24,-13,-17,58,30,18,2.3,25,3.7,11,-2.1,33,-3.2
S02000785,S02000993,6,0,0,0,-6,-6,-6,6,0,2,3,3,2.2,1,-1.1,3,-1.9
S02000785,S02001000,7,0,5,4,-2,-7,-3,16,9,5,0.9,7,0.1,3,1.2,9,-0.1
S02000785,S02001007,0,3,0,0,0,3,0,3,3,1,-1,1,1.5,1,-0.7,2,-1.3
S02000785,S02001010,16,0,0,5,-16,-16,-11,21,5,7,3.7,9,2.4,4,-2,12,-2
S02000785,S02001013,3,0,0,7,-3,-3,4,10,7,3,-0.1,4,-0.6,2,-1.4,6,0.5
S02000785,S02001014,0,4,0,0,0,4,0,4,4,1,-1.1,2,1.8,1,-0.9,2,-1.5
S02000785,S02001015,5,30,8,5,3,25,0,48,43,15,-2.6,20,3.2,9,-0.3,28,-2.8
S02000785,S02001016,3,0,0,0,-3,-3,-3,3,0,1,2.1,1,1.5,1,-0.7,2,-1.3
S02000785,S02001018,0,0,0,3,0,0,3,3,3,1,-1,1,-1.1,1,-0.7,2,1
S02000785,S02001185,4,0,3,0,-1,-4,-4,7,3,2,1.2,3,0.6,1,1.5,4,-0.5
S02000785,S02001197,0,5,0,0,0,5,0,5,5,2,-1.2,2,2,1,-1,3,-1.7
S02000786,S02000328,0,0,0,3,0,0,3,3,3,1,-1,1,-1.1,1,-0.7,2,1
S02000786,S02000625,0,0,0,3,0,0,3,3,3,1,-1,1,-1.1,1,-0.7,2,1
S02000786,S02000628,6,0,0,0,-6,-6,-6,6,0,2,3,3,2.2,1,-1.1,3,-1.9
S02000786,S02000644,0,0,3,0,3,0,0,3,3,1,-1,1,-1.1,1,3.3,2,1
S02000786,S02000651,0,0,3,0,3,0,0,3,3,1,-1,1,-1.1,1,3.3,2,1
S02000786,S02000655,17,0,39,8,22,-17,-9,64,47,20,-0.7,27,-2,12,7.9,37,1.7
S02000786,S02000656,4,13,0,0,-4,9,-4,17,13,5,-0.6,7,3.6,3,-1.8,10,-3.1
S02000786,S02000658,8,0,9,17,1,-8,9,34,26,11,-0.8,14,-1.7,6,1.1,20,1.5
S02000786,S02000660,7,3,0,0,-7,-4,-7,10,3,3,2.2,4,2.8,2,-1.4,6,-2.4
S02000786,S02000661,5,0,3,0,-2,-5,-5,8,3,2,1.6,3,0.9,1,1.2,5,-0.7
S02000786,S02000672,0,0,0,5,0,0,5,5,5,2,-1.2,2,-1.5,1,-1,3,1.3
S02000786,S02000684,0,9,0,0,0,9,0,9,9,3,-1.7,4,2.6,2,-1.3,5,-2.3
S02000786,S02000689,4,0,0,5,-4,-4,1,9,5,3,0.7,4,0.1,2,-1.3,5,-0.1
S02000786,S02000701,4,0,0,0,-4,-4,-4,4,0,1,2.5,2,1.8,1,-0.9,2,-1.5
S02000786,S02000772,18,0,0,0,-18,-18,-18,18,0,6,5.2,8,3.7,3,-1.8,10,-3.2
S02000786,S02000773,4,0,3,11,-1,-4,7,18,14,6,-0.7,8,-1.3,3,-0.2,10,1.1
S02000786,S02000774,0,0,0,4,0,0,4,4,4,1,-1.1,2,-1.3,1,-0.9,2,1.1
S02000786,S02000775,0,5,0,8,0,5,8,13,13,4,-2,6,-0.2,2,-1.6,7,0.2
S02000786,S02000776,16,16,0,20,-16,0,4,52,36,16,0,22,2.1,10,-3.1,30,-1.8
S02000786,S02000777,7,5,13,48,6,-2,41,73,66,23,-3.3,31,-3.4,14,-0.1,42,2.9
S02000786,S02000778,15,9,0,13,-15,-6,-2,37,22,12,1,16,2.1,7,-2.6,21,-1.8
S02000786,S02000779,7,0,0,5,-7,-7,-2,12,5,4,1.7,5,0.8,2,-1.5,7,-0.7
S02000786,S02000780,18,6,0,23,-18,-12,5,47,29,15,0.9,20,0.9,9,-2.9,27,-0.8
S02000786,S02000781,111,31,121,130,10,-80,19,393,282,122,-1,167,-1.9,73,5.7,226,1.7
S02000786,S02000782,18,27,9,11,-9,9,-7,65,47,20,-0.5,28,3.3,12,-0.9,37,-2.8
S02000786,S02000783,81,8,11,11,-70,-73,-70,111,30,35,7.9,47,6.1,21,-2.1,64,-5.2
S02000786,S02000784,32,13,11,54,-21,-19,22,110,78,34,-0.4,47,-0.3,20,-2.1,63,0.2
S02000786,S02000785,30,6,9,34,-21,-24,4,79,49,25,1.1,34,0.4,15,-1.5,45,-0.4
S02000786,S02000786,12,3,4,39,-8,-9,27,58,46,18,-1.4,25,-1.9,11,-2.1,33,1.7
S02000786,S02000787,20,8,8,12,-12,-12,-8,48,28,15,1.3,20,1.7,9,-0.3,28,-1.4
S02000786,S02000984,5,0,0,0,-5,-5,-5,5,0,2,2.8,2,2,1,-1,3,-1.7
S02000786,S02000993,4,0,0,0,-4,-4,-4,4,0,1,2.5,2,1.8,1,-0.9,2,-1.5
S02000786,S02001000,6,0,0,4,-6,-6,-2,10,4,3,1.6,4,0.8,2,-1.4,6,-0.7
S02000786,S02001010,14,0,4,3,-10,-14,-11,21,7,7,2.9,9,1.7,4,0.1,12,-1.5
S02000786,S02001013,3,6,0,9,-3,3,6,18,15,6,-1.1,8,0.5,3,-1.8,10,-0.4
S02000786,S02001015,4,24,12,8,8,20,4,48,44,15,-2.8,20,1.7,9,1,28,-1.4
S02000786,S02001162,0,4,0,0,0,4,0,4,4,1,-1.1,2,1.8,1,-0.9,2,-1.5
S02000786,S02001185,6,0,4,0,-2,-6,-6,10,4,3,1.6,4,0.8,2,1.6,6,-0.7
S02000787,S02000270,0,0,3,0,3,0,0,3,3,1,-1,1,-1.1,1,3.3,2,1
S02000787,S02000328,3,0,0,0,-3,-3,-3,3,0,1,2.1,1,1.5,1,-0.7,2,-1.3
S02000787,S02000611,0,3,0,0,0,3,0,3,3,1,-1,1,1.5,1,-0.7,2,-1.3
S02000787,S02000644,0,0,5,0,5,0,0,5,5,2,-1.2,2,-1.5,1,4.2,3,1.3
S02000787,S02000651,0,0,3,0,3,0,0,3,3,1,-1,1,-1.1,1,3.3,2,1
S02000787,S02000655,23,9,58,22,35,-14,-1,112,89,35,-2,48,-2.3,21,8.2,64,1.9
S02000787,S02000656,4,3,0,0,-4,-1,-4,7,3,2,1.2,3,2.3,1,-1.1,4,-2
S02000787,S02000658,15,0,5,30,-10,-15,15,50,35,16,-0.1,21,-1.4,9,-1.4,29,1.2
S02000787,S02000660,9,0,0,0,-9,-9,-9,9,0,3,3.7,4,2.6,2,-1.3,5,-2.3
S02000787,S02000661,0,0,4,0,4,0,0,4,4,1,-1.1,2,-1.3,1,3.8,2,1.1
S02000787,S02000665,0,0,5,3,5,0,3,8,8,2,-1.6,3,-1.8,1,2.9,5,1.6
S02000787,S02000669,0,0,3,0,3,0,0,3,3,1,-1,1,-1.1,1,3.3,2,1
S02000787,S02000672,0,0,0,12,0,0,12,12,12,4,-1.9,5,-2.3,2,-1.5,7,1.9
S02000787,S02000676,3,0,0,0,-3,-3,-3,3,0,1,2.1,1,1.5,1,-0.7,2,-1.3
S02000787,S02000684,0,17,0,0,0,17,0,17,17,5,-2.3,7,3.6,3,-1.8,10,-3.1
S02000787,S02000689,4,0,0,5,-4,-4,1,9,5,3,0.7,4,0.1,2,-1.3,5,-0.1
S02000787,S02000771,0,0,0,8,0,0,8,8,8,2,-1.6,3,-1.8,1,-1.2,5,1.6
S02000787,S02000772,25,0,0,7,-25,-25,-18,32,7,10,4.8,14,3.1,6,-2.4,18,-2.7
S02000787,S02000773,3,0,0,13,-3,-3,10,16,13,5,-0.9,7,-1.5,3,-1.7,9,1.3
S02000787,S02000774,0,0,0,7,0,0,7,7,7,2,-1.5,3,-1.7,1,-1.1,4,1.5
S02000787,S02000775,5,7,0,15,-5,2,10,27,22,8,-1.2,11,0.2,5,-2.2,16,-0.1
S02000787,S02000776,20,7,5,16,-15,-13,-4,48,28,15,1.3,20,1.5,9,-1.3,28,-1.3
S02000787,S02000777,7,4,13,53,6,-3,46,77,70,24,-3.5,33,-3.8,14,-0.3,44,3.3
S02000787,S02000778,16,12,6,18,-10,-4,2,52,36,16,0,22,1.3,10,-1.2,30,-1.1
S02000787,S02000779,4,0,0,8,-4,-4,4,12,8,4,0.1,5,-0.5,2,-1.5,7,0.4
S02000787,S02000780,30,5,3,38,-27,-25,8,76,46,24,1.3,32,0.5,14,-2.9,44,-0.4
S02000787,S02000781,100,21,97,100,-3,-79,0,318,218,99,0.1,135,-1.2,59,5,183,1.1
S02000787,S02000782,9,27,12,12,3,18,3,60,51,19,-2.2,26,2.1,11,0.3,34,-1.8
S02000787,S02000783,81,10,15,7,-66,-71,-74,113,32,35,7.7,48,6.2,21,-1.3,65,-5.3
S02000787,S02000784,52,19,31,82,-21,-33,30,184,132,57,-0.7,78,-0.8,34,-0.5,106,0.7
S02000787,S02000785,26,3,4,19,-22,-23,-7,52,26,16,2.4,22,1.5,10,-1.8,30,-1.3
S02000787,S02000786,3,0,4,27,1,-3,24,34,31,11,-2.3,14,-3,6,-0.9,20,2.6
S02000787,S02000787,29,15,8,33,-21,-14,4,85,56,26,0.5,36,1.3,16,-1.9,49,-1.1
S02000787,S02000993,4,0,0,0,-4,-4,-4,4,0,1,2.5,2,1.8,1,-0.9,2,-1.5
S02000787,S02000998,0,0,4,0,4,0,0,4,4,1,-1.1,2,-1.3,1,3.8,2,1.1
S02000787,S02000999,0,3,4,0,4,3,0,7,7,2,-1.5,3,0,1,2.4,4,0
S02000787,S02001000,10,3,5,16,-5,-7,6,34,24,11,-0.2,14,-0.4,6,-0.5,20,0.3
S02000787,S02001010,13,6,6,0,-7,-7,-13,25,12,8,1.9,11,2.6,5,0.6,14,-2.2
S02000787,S02001014,0,0,3,0,3,0,0,3,3,1,-1,1,-1.1,1,3.3,2,1
S02000787,S02001015,3,19,7,3,4,16,0,32,29,10,-2.2,14,2.3,6,0.4,18,-2
S02000787,S02001018,0,0,0,3,0,0,3,3,3,1,-1,1,-1.1,1,-0.7,2,1
S02000787,S02001185,5,4,0,3,-5,-1,-2,12,7,4,0.7,5,1.7,2,-1.5,7,-1.5
S02000923,S02000260,4,0,0,0,-4,-4,-4,4,0,1,2.5,2,1.8,1,-0.9,2,-1.5
S02000923,S02000264,4,0,0,9,-4,-4,5,13,9,4,0,6,-0.7,2,-1.6,7,0.6
S02000923,S02000267,0,4,0,4,0,4,4,8,8,2,-1.6,3,0.3,1,-1.2,5,-0.3
S02000923,S02000270,7,0,14,11,7,-7,4,32,25,10,-0.9,14,-1.8,6,3.3,18,1.5
S02000923,S02000275,12,3,0,0,-12,-9,-12,15,3,5,3.4,6,3.4,3,-1.7,9,-2.9
S02000923,S02000278,6,0,0,0,-6,-6,-6,6,0,2,3,3,2.2,1,-1.1,3,-1.9
S02000923,S02000281,14,5,4,7,-10,-9,-7,30,16,9,1.5,13,1.7,6,-0.7,17,-1.5
S02000923,S02000283,0,3,0,0,0,3,0,3,3,1,-1,1,1.5,1,-0.7,2,-1.3
S02000923,S02000597,0,0,3,0,3,0,0,3,3,1,-1,1,-1.1,1,3.3,2,1
S02000923,S02000599,3,0,0,0,-3,-3,-3,3,0,1,2.1,1,1.5,1,-0.7,2,-1.3
S02000923,S02000607,7,0,0,0,-7,-7,-7,7,0,2,3.3,3,2.3,1,-1.1,4,-2
S02000923,S02000611,5,7,0,3,-5,2,-2,15,10,5,0.2,6,2.2,3,-1.7,9,-1.9
S02000923,S02000615,0,0,0,3,0,0,3,3,3,1,-1,1,-1.1,1,-0.7,2,1
S02000923,S02000617,0,0,0,3,0,0,3,3,3,1,-1,1,-1.1,1,-0.7,2,1
S02000923,S02000626,0,0,0,4,0,0,4,4,4,1,-1.1,2,-1.3,1,-0.9,2,1.1
S02000923,S02000628,5,3,0,5,-5,-2,0,13,8,4,0.5,6,1.1,2,-1.6,7,-0.9
S02000923,S02000629,4,0,0,0,-4,-4,-4,4,0,1,2.5,2,1.8,1,-0.9,2,-1.5
S02000923,S02000630,0,0,0,3,0,0,3,3,3,1,-1,1,-1.1,1,-0.7,2,1
S02000923,S02000631,0,0,4,5,4,0,5,9,9,3,-1.7,4,-2,2,1.8,5,1.7
S02000923,S02000632,0,0,0,3,0,0,3,3,3,1,-1,1,-1.1,1,-0.7,2,1
S02000923,S02000633,15,4,5,11,-10,-11,-4,35,20,11,1.2,15,1.1,6,-0.6,20,-0.9
S02000923,S02000634,11,0,0,6,-11,-11,-5,17,6,5,2.5,7,1.4,3,-1.8,10,-1.2
S02000923,S02000635,3,0,0,3,-3,-3,0,6,3,2,0.8,3,0.3,1,-1.1,3,-0.2
S02000923,S02000640,0,0,0,3,0,0,3,3,3,1,-1,1,-1.1,1,-0.7,2,1
S02000923,S02000643,0,0,0,4,0,0,4,4,4,1,-1.1,2,-1.3,1,-0.9,2,1.1
S02000923,S02000644,0,4,3,0,3,4,0,7,7,2,-1.5,3,0.6,1,1.5,4,-0.5
S02000923,S02000645,0,0,0,3,0,0,3,3,3,1,-1,1,-1.1,1,-0.7,2,1
S02000923,S02000646,0,0,0,3,0,0,3,3,3,1,-1,1,-1.1,1,-0.7,2,1
S02000923,S02000647,0,0,0,9,0,0,9,9,9,3,-1.7,4,-2,2,-1.3,5,1.7
S02000923,S02000648,0,0,0,3,0,0,3,3,3,1,-1,1,-1.1,1,-0.7,2,1
S02000923,S02000651,0,0,6,0,6,0,0,6,6,2,-1.4,3,-1.6,1,4.6,3,1.4
S02000923,S02000654,12,0,0,4,-12,-12,-8,16,4,5,3.1,7,2,3,-1.7,9,-1.7
S02000923,S02000655,52,25,180,79,128,-27,27,336,284,105,-5.1,143,-5.5,62,14.9,193,4.7
S02000923,S02000656,0,10,4,0,4,10,0,14,14,4,-2.1,6,1.7,3,0.9,8,-1.4
S02000923,S02000657,3,0,0,5,-3,-3,2,8,5,2,0.3,3,-0.2,1,-1.2,5,0.2
S02000923,S02000658,87,12,22,102,-65,-75,15,223,136,69,2.1,95,0.4,41,-3,128,-0.4
S02000923,S02000659,6,0,5,6,-1,-6,0,17,11,5,0.3,7,-0.5,3,1,10,0.4
S02000923,S02000660,11,0,5,0,-6,-11,-11,16,5,5,2.7,7,1.6,3,1.2,9,-1.4
S02000923,S02000661,9,0,10,9,1,-9,0,28,19,9,0.1,12,-0.8,5,2.1,16,0.7
S02000923,S02000662,0,3,0,4,0,3,4,7,7,2,-1.5,3,0,1,-1.1,4,0
S02000923,S02000663,0,15,4,16,4,15,16,35,35,11,-3.3,15,0,6,-1,20,0
S02000923,S02000664,7,0,0,4,-7,-7,-3,11,4,3,1.9,5,1.1,2,-1.4,6,-0.9
S02000923,S02000665,0,4,0,0,0,4,0,4,4,1,-1.1,2,1.8,1,-0.9,2,-1.5
S02000923,S02000666,4,0,3,9,-1,-4,5,16,12,5,-0.4,7,-1.1,3,0,9,0.9
S02000923,S02000667,11,0,0,4,-11,-11,-7,15,4,5,2.9,6,1.8,3,-1.7,9,-1.6
S02000923,S02000669,3,0,7,0,4,-3,-3,10,7,3,-0.1,4,-0.6,2,3.8,6,0.5
S02000923,S02000670,8,8,0,4,-8,0,-4,20,12,6,0.7,9,2.6,4,-1.9,11,-2.2
S02000923,S02000672,0,0,4,21,4,0,21,25,25,8,-2.8,11,-3.3,5,-0.3,14,2.8
S02000923,S02000674,0,0,0,11,0,0,11,11,11,3,-1.9,5,-2.2,2,-1.4,6,1.9
S02000923,S02000675,0,0,0,4,0,0,4,4,4,1,-1.1,2,-1.3,1,-0.9,2,1.1
S02000923,S02000676,13,7,4,10,-9,-6,-3,34,21,11,0.7,14,1.5,6,-0.9,20,-1.3
S02000923,S02000677,0,0,0,3,0,0,3,3,3,1,-1,1,-1.1,1,-0.7,2,1
S02000923,S02000680,4,0,0,7,-4,-4,3,11,7,3,0.3,5,-0.3,2,-1.4,6,0.3
S02000923,S02000683,0,0,0,3,0,0,3,3,3,1,-1,1,-1.1,1,-0.7,2,1
S02000923,S02000684,0,4,0,0,0,4,0,4,4,1,-1.1,2,1.8,1,-0.9,2,-1.5
S02000923,S02000685,0,0,0,5,0,0,5,5,5,2,-1.2,2,-1.5,1,-1,3,1.3
S02000923,S02000687,0,0,0,5,0,0,5,5,5,2,-1.2,2,-1.5,1,-1,3,1.3
S02000923,S02000688,4,0,0,0,-4,-4,-4,4,0,1,2.5,2,1.8,1,-0.9,2,-1.5
S02000923,S02000689,12,0,0,8,-12,-12,-4,20,8,6,2.3,9,1.2,4,-1.9,11,-1
S02000923,S02000691,24,0,0,3,-24,-24,-21,27,3,8,5.4,11,3.7,5,-2.2,16,-3.2
S02000923,S02000693,8,0,0,0,-8,-8,-8,8,0,2,3.5,3,2.5,1,-1.2,5,-2.1
S02000923,S02000695,3,0,0,19,-3,-3,16,22,19,7,-1.5,9,-2.1,4,-2,13,1.8
S02000923,S02000697,5,0,0,0,-5,-5,-5,5,0,2,2.8,2,2,1,-1,3,-1.7
S02000923,S02000701,3,4,0,0,-3,1,-3,7,4,2,0.6,3,2.3,1,-1.1,4,-2
S02000923,S02000716,3,0,0,0,-3,-3,-3,3,0,1,2.1,1,1.5,1,-0.7,2,-1.3
S02000923,S02000783,3,0,0,0,-3,-3,-3,3,0,1,2.1,1,1.5,1,-0.7,2,-1.3
S02000923,S02000923,31,21,19,54,-12,-10,23,125,94,39,-1.3,53,-0.2,23,-0.9,72,0.1
S02000923,S02000925,5,15,0,19,-5,10,14,39,34,12,-2.1,17,0.8,7,-2.7,22,-0.7
S02000923,S02000927,0,5,0,4,0,5,4,9,9,3,-1.7,4,0.6,2,-1.3,5,-0.5
S02000923,S02001000,4,0,3,0,-1,-4,-4,7,3,2,1.2,3,0.6,1,1.5,4,-0.5
S02000923,S02001007,0,7,0,0,0,7,0,7,7,2,-1.5,3,2.3,1,-1.1,4,-2
S02000923,S02001010,5,0,0,0,-5,-5,-5,5,0,2,2.8,2,2,1,-1,3,-1.7
S02000923,S02001013,3,6,0,7,-3,3,4,16,13,5,-0.9,7,0.8,3,-1.7,9,-0.7
S02000923,S02001015,0,3,5,0,5,3,0,8,8,2,-1.6,3,-0.2,1,2.9,5,0.2
S02000923,S02001157,0,0,0,3,0,0,3,3,3,1,-1,1,-1.1,1,-0.7,2,1
S02000923,S02001162,4,0,0,0,-4,-4,-4,4,0,1,2.5,2,1.8,1,-0.9,2,-1.5
S02000923,S02001185,0,0,3,3,3,0,3,6,6,2,-1.4,3,-1.6,1,1.8,3,1.4
S02000925,S02000264,3,3,4,14,1,0,11,24,21,7,-1.6,10,-1.3,4,-0.2,14,1.1
S02000925,S02000270,0,3,7,10,7,3,10,20,20,6,-2.5,9,-1.9,4,1.7,11,1.6
S02000925,S02000279,0,0,0,3,0,0,3,3,3,1,-1,1,-1.1,1,-0.7,2,1
S02000925,S02000281,3,6,3,17,0,3,14,29,26,9,-2,12,-0.9,5,-1,17,0.8
S02000925,S02000283,0,3,0,0,0,3,0,3,3,1,-1,1,1.5,1,-0.7,2,-1.3
S02000925,S02000611,0,4,0,7,0,4,7,11,11,3,-1.9,5,-0.3,2,-1.4,6,0.3
S02000925,S02000613,0,3,0,3,0,3,3,6,6,2,-1.4,3,0.3,1,-1.1,3,-0.2
S02000925,S02000628,0,0,0,3,0,0,3,3,3,1,-1,1,-1.1,1,-0.7,2,1
S02000925,S02000629,0,4,0,0,0,4,0,4,4,1,-1.1,2,1.8,1,-0.9,2,-1.5
S02000925,S02000632,4,3,0,0,-4,-1,-4,7,3,2,1.2,3,2.3,1,-1.1,4,-2
S02000925,S02000633,7,0,0,6,-7,-7,-1,13,6,4,1.5,6,0.6,2,-1.6,7,-0.5
S02000925,S02000634,5,0,0,0,-5,-5,-5,5,0,2,2.8,2,2,1,-1,3,-1.7
S02000925,S02000635,4,0,0,3,-4,-4,-1,7,3,2,1.2,3,0.6,1,-1.1,4,-0.5
S02000925,S02000642,0,0,0,3,0,0,3,3,3,1,-1,1,-1.1,1,-0.7,2,1
S02000925,S02000643,3,0,0,0,-3,-3,-3,3,0,1,2.1,1,1.5,1,-0.7,2,-1.3
S02000925,S02000644,6,0,5,0,-1,-6,-6,11,5,3,1.4,5,0.6,2,2.1,6,-0.5
S02000925,S02000647,0,0,0,3,0,0,3,3,3,1,-1,1,-1.1,1,-0.7,2,1
S02000925,S02000648,0,0,0,7,0,0,7,7,7,2,-1.5,3,-1.7,1,-1.1,4,1.5
S02000925,S02000651,0,0,0,4,0,0,4,4,4,1,-1.1,2,-1.3,1,-0.9,2,1.1
S02000925,S02000652,0,0,0,5,0,0,5,5,5,2,-1.2,2,-1.5,1,-1,3,1.3
S02000925,S02000655,34,4,110,42,76,-30,8,190,156,59,-3.3,81,-4.8,35,12.6,109,4.1
S02000925,S02000656,0,3,0,4,0,3,4,7,7,2,-1.5,3,0,1,-1.1,4,0
S02000925,S02000657,5,0,0,0,-5,-5,-5,5,0,2,2.8,2,2,1,-1,3,-1.7
S02000925,S02000658,48,5,14,49,-34,-43,1,116,68,36,2,49,0.5,21,-1.6,67,-0.4
S02000925,S02000659,3,0,0,3,-3,-3,0,6,3,2,0.8,3,0.3,1,-1.1,3,-0.2
S02000925,S02000661,0,0,3,0,3,0,0,3,3,1,-1,1,-1.1,1,3.3,2,1
S02000925,S02000663,6,0,3,5,-3,-6,-1,14,8,4,0.8,6,0,3,0.3,8,0
S02000925,S02000664,4,0,0,0,-4,-4,-4,4,0,1,2.5,2,1.8,1,-0.9,2,-1.5
S02000925,S02000665,3,0,0,0,-3,-3,-3,3,0,1,2.1,1,1.5,1,-0.7,2,-1.3
S02000925,S02000667,7,3,0,0,-7,-4,-7,10,3,3,2.2,4,2.8,2,-1.4,6,-2.4
S02000925,S02000670,9,8,0,0,-9,-1,-9,17,8,5,1.6,7,3.6,3,-1.8,10,-3.1
S02000925,S02000672,0,0,0,24,0,0,24,24,24,7,-2.7,10,-3.2,4,-2.1,14,2.7
S02000925,S02000673,0,3,0,0,0,3,0,3,3,1,-1,1,1.5,1,-0.7,2,-1.3
S02000925,S02000674,3,0,0,5,-3,-3,2,8,5,2,0.3,3,-0.2,1,-1.2,5,0.2
S02000925,S02000676,4,3,0,0,-4,-1,-4,7,3,2,1.2,3,2.3,1,-1.1,4,-2
S02000925,S02000678,0,0,0,3,0,0,3,3,3,1,-1,1,-1.1,1,-0.7,2,1
S02000925,S02000685,0,0,0,3,0,0,3,3,3,1,-1,1,-1.1,1,-0.7,2,1
S02000925,S02000689,6,0,0,0,-6,-6,-6,6,0,2,3,3,2.2,1,-1.1,3,-1.9
S02000925,S02000691,23,0,0,0,-23,-23,-23,23,0,7,5.9,10,4.2,4,-2.1,13,-3.6
S02000925,S02000695,0,0,6,10,6,0,10,16,16,5,-2.2,7,-2.6,3,1.8,9,2.2
S02000925,S02000697,3,0,0,0,-3,-3,-3,3,0,1,2.1,1,1.5,1,-0.7,2,-1.3
S02000925,S02000701,5,0,0,0,-5,-5,-5,5,0,2,2.8,2,2,1,-1,3,-1.7
S02000925,S02000923,4,4,0,21,-4,0,17,29,25,9,-1.7,12,-1.2,5,-2.3,17,1.1
S02000925,S02000925,29,14,13,53,-16,-15,24,109,80,34,-0.8,46,-0.5,20,-1.6,63,0.4
S02000925,S02000926,0,0,0,6,0,0,6,6,6,2,-1.4,3,-1.6,1,-1.1,3,1.4
S02000925,S02000927,5,6,0,6,-5,1,1,17,12,5,-0.1,7,1.4,3,-1.8,10,-1.2
S02000925,S02000993,5,0,0,0,-5,-5,-5,5,0,2,2.8,2,2,1,-1,3,-1.7
S02000925,S02001000,0,0,0,4,0,0,4,4,4,1,-1.1,2,-1.3,1,-0.9,2,1.1
S02000925,S02001010,0,3,0,0,0,3,0,3,3,1,-1,1,1.5,1,-0.7,2,-1.3
S02000925,S02001013,0,3,0,0,0,3,0,3,3,1,-1,1,1.5,1,-0.7,2,-1.3
S02000925,S02001015,0,5,3,0,3,5,0,8,8,2,-1.6,3,0.9,1,1.2,5,-0.7
S02000926,S02000264,4,0,3,3,-1,-4,-1,10,6,3,0.5,4,-0.1,2,0.8,6,0.1
S02000926,S02000270,3,5,0,0,-3,2,-3,8,5,2,0.3,3,2.5,1,-1.2,5,-2.1
S02000926,S02000275,0,4,0,5,0,4,5,9,9,3,-1.7,4,0.1,2,-1.3,5,-0.1
S02000926,S02000279,0,0,0,8,0,0,8,8,8,2,-1.6,3,-1.8,1,-1.2,5,1.6
S02000926,S02000281,11,6,3,7,-8,-5,-4,27,16,8,0.9,11,1.6,5,-0.9,16,-1.4
S02000926,S02000286,5,0,0,0,-5,-5,-5,5,0,2,2.8,2,2,1,-1,3,-1.7
S02000926,S02000611,0,0,0,3,0,0,3,3,3,1,-1,1,-1.1,1,-0.7,2,1
S02000926,S02000616,0,3,0,0,0,3,0,3,3,1,-1,1,1.5,1,-0.7,2,-1.3
S02000926,S02000628,0,3,0,0,0,3,0,3,3,1,-1,1,1.5,1,-0.7,2,-1.3
S02000926,S02000633,3,3,0,0,-3,0,-3,6,3,2,0.8,3,2.2,1,-1.1,3,-1.9
S02000926,S02000634,3,3,0,0,-3,0,-3,6,3,2,0.8,3,2.2,1,-1.1,3,-1.9
S02000926,S02000649,0,0,3,0,3,0,0,3,3,1,-1,1,-1.1,1,3.3,2,1
S02000926,S02000655,33,4,67,35,34,-29,2,139,106,43,-1.6,59,-2.9,26,8.1,80,2.5
S02000926,S02000656,0,3,0,0,0,3,0,3,3,1,-1,1,1.5,1,-0.7,2,-1.3
S02000926,S02000658,36,5,10,19,-26,-31,-17,70,34,22,3,30,2.1,13,-0.8,40,-1.8
S02000926,S02000659,7,0,3,6,-4,-7,-1,16,9,5,0.9,7,0.1,3,0,9,-0.1
S02000926,S02000660,3,0,0,0,-3,-3,-3,3,0,1,2.1,1,1.5,1,-0.7,2,-1.3
S02000926,S02000661,7,0,8,0,1,-7,-7,15,8,5,1.1,6,0.2,3,3.1,9,-0.2
S02000926,S02000662,0,0,0,4,0,0,4,4,4,1,-1.1,2,-1.3,1,-0.9,2,1.1
S02000926,S02000663,0,4,0,0,0,4,0,4,4,1,-1.1,2,1.8,1,-0.9,2,-1.5
S02000926,S02000666,0,0,0,6,0,0,6,6,6,2,-1.4,3,-1.6,1,-1.1,3,1.4
S02000926,S02000667,4,0,0,0,-4,-4,-4,4,0,1,2.5,2,1.8,1,-0.9,2,-1.5
S02000926,S02000669,0,0,3,0,3,0,0,3,3,1,-1,1,-1.1,1,3.3,2,1
S02000926,S02000674,5,0,0,8,-5,-5,3,13,8,4,0.5,6,-0.2,2,-1.6,7,0.2
S02000926,S02000676,0,0,0,3,0,0,3,3,3,1,-1,1,-1.1,1,-0.7,2,1
S02000926,S02000684,0,3,0,0,0,3,0,3,3,1,-1,1,1.5,1,-0.7,2,-1.3
S02000926,S02000691,12,0,0,0,-12,-12,-12,12,0,4,4.3,5,3.1,2,-1.5,7,-2.6
S02000926,S02000695,3,0,0,0,-3,-3,-3,3,0,1,2.1,1,1.5,1,-0.7,2,-1.3
S02000926,S02000710,0,0,0,3,0,0,3,3,3,1,-1,1,-1.1,1,-0.7,2,1
S02000926,S02000923,4,7,5,13,1,3,9,29,25,9,-1.7,12,-0.4,5,-0.2,17,0.3
S02000926,S02000925,8,7,7,20,-1,-1,12,42,34,13,-1.4,18,-0.7,8,-0.3,24,0.6
S02000926,S02000926,6,7,7,26,1,1,20,46,40,14,-2.2,20,-1.5,9,-0.5,26,1.3
S02000926,S02000927,6,10,5,47,-1,4,41,68,62,21,-3.3,29,-2.4,13,-2.1,39,2.1
S02000926,S02001185,5,3,3,0,-2,-2,-5,11,6,3,0.9,5,1.5,2,0.7,6,-1.3
S02000927,S02000264,7,0,6,8,-1,-7,1,21,14,7,0.2,9,-0.6,4,1.1,12,0.6
S02000927,S02000270,5,3,10,8,5,-2,3,26,21,8,-1.1,11,-0.9,5,2.4,15,0.8
S02000927,S02000274,3,0,0,0,-3,-3,-3,3,0,1,2.1,1,1.5,1,-0.7,2,-1.3
S02000927,S02000275,5,0,0,0,-5,-5,-5,5,0,2,2.8,2,2,1,-1,3,-1.7
S02000927,S02000277,0,0,0,3,0,0,3,3,3,1,-1,1,-1.1,1,-0.7,2,1
S02000927,S02000279,0,0,0,7,0,0,7,7,7,2,-1.5,3,-1.7,1,-1.1,4,1.5
S02000927,S02000281,12,4,4,13,-8,-8,1,33,21,10,0.5,14,0.5,6,-0.9,19,-0.5
S02000927,S02000327,0,0,0,4,0,0,4,4,4,1,-1.1,2,-1.3,1,-0.9,2,1.1
S02000927,S02000602,0,4,0,0,0,4,0,4,4,1,-1.1,2,1.8,1,-0.9,2,-1.5
S02000927,S02000607,4,0,0,0,-4,-4,-4,4,0,1,2.5,2,1.8,1,-0.9,2,-1.5
S02000927,S02000610,0,0,0,3,0,0,3,3,3,1,-1,1,-1.1,1,-0.7,2,1
S02000927,S02000611,5,8,0,4,-5,3,-1,17,12,5,-0.1,7,2.1,3,-1.8,10,-1.8
S02000927,S02000615,4,0,0,0,-4,-4,-4,4,0,1,2.5,2,1.8,1,-0.9,2,-1.5
S02000927,S02000628,3,0,0,0,-3,-3,-3,3,0,1,2.1,1,1.5,1,-0.7,2,-1.3
S02000927,S02000631,3,0,0,0,-3,-3,-3,3,0,1,2.1,1,1.5,1,-0.7,2,-1.3
S02000927,S02000633,9,3,0,4,-9,-6,-5,16,7,5,1.8,7,2,3,-1.7,9,-1.7
S02000927,S02000634,9,0,0,5,-9,-9,-4,14,5,4,2.2,6,1.2,3,-1.6,8,-1.1
S02000927,S02000635,5,0,0,0,-5,-5,-5,5,0,2,2.8,2,2,1,-1,3,-1.7
S02000927,S02000640,0,0,0,3,0,0,3,3,3,1,-1,1,-1.1,1,-0.7,2,1
S02000927,S02000644,3,0,3,0,0,-3,-3,6,3,2,0.8,3,0.3,1,1.8,3,-0.2
S02000927,S02000648,0,4,0,0,0,4,0,4,4,1,-1.1,2,1.8,1,-0.9,2,-1.5
S02000927,S02000649,0,0,0,3,0,0,3,3,3,1,-1,1,-1.1,1,-0.7,2,1
S02000927,S02000651,0,0,4,0,4,0,0,4,4,1,-1.1,2,-1.3,1,3.8,2,1.1
S02000927,S02000654,3,0,0,4,-3,-3,1,7,4,2,0.6,3,0,1,-1.1,4,0
S02000927,S02000655,31,8,99,27,68,-23,-4,165,134,51,-2.8,70,-3.7,31,12.4,95,3.2
S02000927,S02000656,5,8,0,5,-5,3,0,18,13,6,-0.3,8,1.9,3,-1.8,10,-1.7
S02000927,S02000657,6,0,0,0,-6,-6,-6,6,0,2,3,3,2.2,1,-1.1,3,-1.9
S02000927,S02000658,64,8,25,48,-39,-56,-16,145,81,45,2.8,62,1.3,27,-0.4,83,-1.1
S02000927,S02000659,7,0,5,5,-2,-7,-2,17,10,5,0.7,7,-0.1,3,1,10,0.1
S02000927,S02000660,5,0,0,0,-5,-5,-5,5,0,2,2.8,2,2,1,-1,3,-1.7
S02000927,S02000661,14,0,5,6,-9,-14,-8,25,11,8,2.2,11,1,5,0.2,14,-0.9
S02000927,S02000662,0,0,0,4,0,0,4,4,4,1,-1.1,2,-1.3,1,-0.9,2,1.1
S02000927,S02000663,4,5,0,8,-4,1,4,17,13,5,-0.6,7,0.7,3,-1.8,10,-0.6
S02000927,S02000664,11,0,0,0,-11,-11,-11,11,0,3,4.1,5,2.9,2,-1.4,6,-2.5
S02000927,S02000665,3,0,5,0,2,-3,-3,8,5,2,0.3,3,-0.2,1,2.9,5,0.2
S02000927,S02000666,4,0,0,10,-4,-4,6,14,10,4,-0.2,6,-0.8,3,-1.6,8,0.7
S02000927,S02000667,6,0,0,0,-6,-6,-6,6,0,2,3,3,2.2,1,-1.1,3,-1.9
S02000927,S02000669,0,0,0,4,0,0,4,4,4,1,-1.1,2,-1.3,1,-0.9,2,1.1
S02000927,S02000670,6,15,0,0,-6,9,-6,21,15,7,-0.2,9,4,4,-2,12,-3.5
S02000927,S02000672,0,0,3,8,3,0,8,11,11,3,-1.9,5,-2.2,2,0.7,6,1.9
S02000927,S02000674,5,0,0,9,-5,-5,4,14,9,4,0.3,6,-0.4,3,-1.6,8,0.3
S02000927,S02000676,0,4,0,6,0,4,6,10,10,3,-1.8,4,-0.1,2,-1.4,6,0.1
S02000927,S02000684,0,0,0,4,0,0,4,4,4,1,-1.1,2,-1.3,1,-0.9,2,1.1
S02000927,S02000685,0,0,0,3,0,0,3,3,3,1,-1,1,-1.1,1,-0.7,2,1
S02000927,S02000688,3,0,0,0,-3,-3,-3,3,0,1,2.1,1,1.5,1,-0.7,2,-1.3
S02000927,S02000689,7,0,0,0,-7,-7,-7,7,0,2,3.3,3,2.3,1,-1.1,4,-2
S02000927,S02000691,23,0,0,0,-23,-23,-23,23,0,7,5.9,10,4.2,4,-2.1,13,-3.6
S02000927,S02000692,6,0,0,6,-6,-6,0,12,6,4,1.2,5,0.4,2,-1.5,7,-0.3
S02000927,S02000693,3,0,0,0,-3,-3,-3,3,0,1,2.1,1,1.5,1,-0.7,2,-1.3
S02000927,S02000710,0,0,4,0,4,0,0,4,4,1,-1.1,2,-1.3,1,3.8,2,1.1
S02000927,S02000712,3,0,0,0,-3,-3,-3,3,0,1,2.1,1,1.5,1,-0.7,2,-1.3
S02000927,S02000923,0,6,0,12,0,6,12,18,18,6,-2.4,8,-0.6,3,-1.8,10,0.5
S02000927,S02000925,16,7,0,21,-16,-9,5,44,28,14,0.6,19,1,8,-2.9,25,-0.9
S02000927,S02000926,3,7,0,10,-3,4,7,20,17,6,-1.3,9,0.5,4,-1.9,11,-0.4
S02000927,S02000927,18,17,0,13,-18,-1,-5,48,30,15,0.8,20,3.2,9,-3,28,-2.8
S02000927,S02001010,5,6,0,0,-5,1,-5,11,6,3,0.9,5,2.9,2,-1.4,6,-2.5
S02000927,S02001013,0,3,0,6,0,3,6,9,9,3,-1.7,4,-0.4,2,-1.3,5,0.4
S02000927,S02001015,0,3,0,0,0,3,0,3,3,1,-1,1,1.5,1,-0.7,2,-1.3
S02000927,S02001153,0,0,0,4,0,0,4,4,4,1,-1.1,2,-1.3,1,-0.9,2,1.1
S02000927,S02001185,3,0,3,0,0,-3,-3,6,3,2,0.8,3,0.3,1,1.8,3,-0.2
S02000983,S02000328,3,0,0,0,-3,-3,-3,3,0,1,2.1,1,1.5,1,-0.7,2,-1.3
S02000983,S02000607,4,0,0,0,-4,-4,-4,4,0,1,2.5,2,1.8,1,-0.9,2,-1.5
S02000983,S02000611,0,4,0,0,0,4,0,4,4,1,-1.1,2,1.8,1,-0.9,2,-1.5
S02000983,S02000621,0,0,0,3,0,0,3,3,3,1,-1,1,-1.1,1,-0.7,2,1
S02000983,S02000627,5,0,0,0,-5,-5,-5,5,0,2,2.8,2,2,1,-1,3,-1.7
S02000983,S02000631,0,0,0,5,0,0,5,5,5,2,-1.2,2,-1.5,1,-1,3,1.3
S02000983,S02000633,0,5,0,0,0,5,0,5,5,2,-1.2,2,2,1,-1,3,-1.7
S02000983,S02000634,3,0,0,0,-3,-3,-3,3,0,1,2.1,1,1.5,1,-0.7,2,-1.3
S02000983,S02000642,3,0,0,0,-3,-3,-3,3,0,1,2.1,1,1.5,1,-0.7,2,-1.3
S02000983,S02000644,4,0,0,0,-4,-4,-4,4,0,1,2.5,2,1.8,1,-0.9,2,-1.5
S02000983,S02000649,0,3,0,0,0,3,0,3,3,1,-1,1,1.5,1,-0.7,2,-1.3
S02000983,S02000651,0,0,5,0,5,0,0,5,5,2,-1.2,2,-1.5,1,4.2,3,1.3
S02000983,S02000655,24,4,47,17,23,-20,-7,92,68,29,-0.9,39,-1.8,17,7.3,53,1.5
S02000983,S02000656,3,6,6,0,3,3,-3,15,12,5,-0.8,6,1,3,1.9,9,-0.9
S02000983,S02000658,13,0,5,25,-8,-13,12,43,30,13,-0.1,18,-1.2,8,-1,25,1.1
S02000983,S02000660,14,0,4,0,-10,-14,-14,18,4,6,3.5,8,2.3,3,0.4,10,-2
S02000983,S02000661,10,0,0,0,-10,-10,-10,10,0,3,3.9,4,2.8,2,-1.4,6,-2.4
S02000983,S02000672,0,0,3,19,3,0,19,22,22,7,-2.6,9,-3.1,4,-0.5,13,2.6
S02000983,S02000689,4,0,0,5,-4,-4,1,9,5,3,0.7,4,0.1,2,-1.3,5,-0.1
S02000983,S02000691,3,0,0,0,-3,-3,-3,3,0,1,2.1,1,1.5,1,-0.7,2,-1.3
S02000983,S02000772,10,0,0,0,-10,-10,-10,10,0,3,3.9,4,2.8,2,-1.4,6,-2.4
S02000983,S02000780,3,0,0,0,-3,-3,-3,3,0,1,2.1,1,1.5,1,-0.7,2,-1.3
S02000983,S02000781,12,0,4,3,-8,-12,-9,19,7,6,2.5,8,1.4,4,0.3,11,-1.2
S02000983,S02000983,14,8,6,31,-8,-6,17,59,45,18,-1,25,-0.6,11,-1.5,34,0.5
S02000983,S02000984,18,6,4,23,-14,-12,5,51,33,16,0.5,22,0.5,9,-1.8,29,-0.4
S02000983,S02000988,0,0,0,11,0,0,11,11,11,3,-1.9,5,-2.2,2,-1.4,6,1.9
S02000983,S02000991,5,0,0,0,-5,-5,-5,5,0,2,2.8,2,2,1,-1,3,-1.7
S02000983,S02000993,18,0,0,0,-18,-18,-18,18,0,6,5.2,8,3.7,3,-1.8,10,-3.2
S02000983,S02000994,11,0,0,5,-11,-11,-6,16,5,5,2.7,7,1.6,3,-1.7,9,-1.4
S02000983,S02000996,5,0,0,0,-5,-5,-5,5,0,2,2.8,2,2,1,-1,3,-1.7
S02000983,S02000997,0,3,0,0,0,3,0,3,3,1,-1,1,1.5,1,-0.7,2,-1.3
S02000983,S02000998,12,0,0,15,-12,-12,3,27,15,8,1.2,11,0.2,5,-2.2,16,-0.1
S02000983,S02000999,0,0,0,18,0,0,18,18,18,6,-2.4,8,-2.8,3,-1.8,10,2.4
S02000983,S02001000,24,4,12,25,-12,-20,1,65,41,20,0.8,28,0.1,12,0,37,-0.1
S02000983,S02001003,3,0,0,0,-3,-3,-3,3,0,1,2.1,1,1.5,1,-0.7,2,-1.3
S02000983,S02001004,5,0,0,3,-5,-5,-2,8,3,2,1.6,3,0.9,1,-1.2,5,-0.7
S02000983,S02001005,0,0,0,3,0,0,3,3,3,1,-1,1,-1.1,1,-0.7,2,1
S02000983,S02001007,0,6,0,3,0,6,3,9,9,3,-1.7,4,1.1,2,-1.3,5,-1
S02000983,S02001008,0,0,0,6,0,0,6,6,6,2,-1.4,3,-1.6,1,-1.1,3,1.4
S02000983,S02001010,25,6,3,10,-22,-19,-15,44,19,14,3.1,19,2.8,8,-1.8,25,-2.4
S02000983,S02001012,0,3,0,3,0,3,3,6,6,2,-1.4,3,0.3,1,-1.1,3,-0.2
S02000983,S02001013,5,5,3,19,-2,0,14,32,27,10,-1.6,14,-1,6,-1.2,18,0.8
S02000983,S02001015,8,19,3,16,-5,11,8,46,38,14,-1.7,20,1.7,9,-1.9,26,-1.4
S02000983,S02001016,0,3,0,4,0,3,4,7,7,2,-1.5,3,0,1,-1.1,4,0
S02000983,S02001018,0,0,0,7,0,0,7,7,7,2,-1.5,3,-1.7,1,-1.1,4,1.5
S02000983,S02001185,6,0,0,3,-6,-6,-3,9,3,3,1.9,4,1.1,2,-1.3,5,-1
S02000984,S02000314,0,0,0,4,0,0,4,4,4,1,-1.1,2,-1.3,1,-0.9,2,1.1
S02000984,S02000324,4,0,0,0,-4,-4,-4,4,0,1,2.5,2,1.8,1,-0.9,2,-1.5
S02000984,S02000328,4,0,0,0,-4,-4,-4,4,0,1,2.5,2,1.8,1,-0.9,2,-1.5
S02000984,S02000587,0,0,0,3,0,0,3,3,3,1,-1,1,-1.1,1,-0.7,2,1
S02000984,S02000599,6,0,0,0,-6,-6,-6,6,0,2,3,3,2.2,1,-1.1,3,-1.9
S02000984,S02000601,4,0,0,0,-4,-4,-4,4,0,1,2.5,2,1.8,1,-0.9,2,-1.5
S02000984,S02000602,3,0,0,0,-3,-3,-3,3,0,1,2.1,1,1.5,1,-0.7,2,-1.3
S02000984,S02000607,4,0,0,0,-4,-4,-4,4,0,1,2.5,2,1.8,1,-0.9,2,-1.5
S02000984,S02000624,3,0,0,0,-3,-3,-3,3,0,1,2.1,1,1.5,1,-0.7,2,-1.3
S02000984,S02000625,0,0,0,4,0,0,4,4,4,1,-1.1,2,-1.3,1,-0.9,2,1.1
S02000984,S02000627,0,0,0,3,0,0,3,3,3,1,-1,1,-1.1,1,-0.7,2,1
S02000984,S02000631,0,0,0,4,0,0,4,4,4,1,-1.1,2,-1.3,1,-0.9,2,1.1
S02000984,S02000634,0,0,0,7,0,0,7,7,7,2,-1.5,3,-1.7,1,-1.1,4,1.5
S02000984,S02000638,3,0,0,0,-3,-3,-3,3,0,1,2.1,1,1.5,1,-0.7,2,-1.3
S02000984,S02000642,0,0,3,0,3,0,0,3,3,1,-1,1,-1.1,1,3.3,2,1
S02000984,S02000644,5,0,8,0,3,-5,-5,13,8,4,0.5,6,-0.2,2,3.6,7,0.2
S02000984,S02000651,0,0,8,0,8,0,0,8,8,2,-1.6,3,-1.8,1,5.4,5,1.6
S02000984,S02000655,45,8,94,24,49,-37,-21,171,126,53,-1.1,73,-2.3,32,11.1,98,2
S02000984,S02000656,3,7,0,0,-3,4,-3,10,7,3,-0.1,4,2.8,2,-1.4,6,-2.4
S02000984,S02000658,19,3,13,23,-6,-16,4,58,39,18,0.2,25,-0.5,11,0.7,33,0.5
S02000984,S02000660,14,9,0,9,-14,-5,-5,32,18,10,1.3,14,2.5,6,-2.4,18,-2.2
S02000984,S02000661,7,0,0,3,-7,-7,-4,10,3,3,2.2,4,1.3,2,-1.4,6,-1.1
S02000984,S02000664,7,0,0,0,-7,-7,-7,7,0,2,3.3,3,2.3,1,-1.1,4,-2
S02000984,S02000665,0,0,5,0,5,0,0,5,5,2,-1.2,2,-1.5,1,4.2,3,1.3
S02000984,S02000672,0,0,0,15,0,0,15,15,15,5,-2.2,6,-2.5,3,-1.7,9,2.2
S02000984,S02000684,3,8,0,0,-3,5,-3,11,8,3,-0.2,5,2.9,2,-1.4,6,-2.5
S02000984,S02000689,9,0,0,4,-9,-9,-5,13,4,4,2.5,6,1.5,2,-1.6,7,-1.3
S02000984,S02000693,3,0,0,0,-3,-3,-3,3,0,1,2.1,1,1.5,1,-0.7,2,-1.3
S02000984,S02000702,0,0,0,3,0,0,3,3,3,1,-1,1,-1.1,1,-0.7,2,1
S02000984,S02000711,0,0,0,3,0,0,3,3,3,1,-1,1,-1.1,1,-0.7,2,1
S02000984,S02000771,0,0,0,5,0,0,5,5,5,2,-1.2,2,-1.5,1,-1,3,1.3
S02000984,S02000772,7,0,0,0,-7,-7,-7,7,0,2,3.3,3,2.3,1,-1.1,4,-2
S02000984,S02000774,0,0,0,4,0,0,4,4,4,1,-1.1,2,-1.3,1,-0.9,2,1.1
S02000984,S02000776,4,0,0,0,-4,-4,-4,4,0,1,2.5,2,1.8,1,-0.9,2,-1.5
S02000984,S02000778,3,0,0,0,-3,-3,-3,3,0,1,2.1,1,1.5,1,-0.7,2,-1.3
S02000984,S02000781,0,0,3,0,3,0,0,3,3,1,-1,1,-1.1,1,3.3,2,1
S02000984,S02000783,7,0,0,0,-7,-7,-7,7,0,2,3.3,3,2.3,1,-1.1,4,-2
S02000984,S02000983,0,0,0,6,0,0,6,6,6,2,-1.4,3,-1.6,1,-1.1,3,1.4
S02000984,S02000984,17,0,0,13,-17,-17,-4,30,13,9,2.5,13,1.2,6,-2.4,17,-1
S02000984,S02000988,4,0,0,8,-4,-4,4,12,8,4,0.1,5,-0.5,2,-1.5,7,0.4
S02000984,S02000991,0,5,0,5,0,5,5,10,10,3,-1.8,4,0.4,2,-1.4,6,-0.3
S02000984,S02000992,0,0,0,3,0,0,3,3,3,1,-1,1,-1.1,1,-0.7,2,1
S02000984,S02000993,36,0,0,0,-36,-36,-36,36,0,11,7.4,15,5.3,7,-2.6,21,-4.5
S02000984,S02000994,15,9,0,8,-15,-6,-7,32,17,10,1.6,14,2.8,6,-2.4,18,-2.4
S02000984,S02000997,0,4,0,0,0,4,0,4,4,1,-1.1,2,1.8,1,-0.9,2,-1.5
S02000984,S02000998,11,5,4,11,-7,-6,0,31,20,10,0.4,13,0.8,6,-0.7,18,-0.7
S02000984,S02000999,9,5,3,22,-6,-4,13,39,30,12,-0.9,17,-0.6,7,-1.6,22,0.5
S02000984,S02001000,31,13,13,41,-18,-18,10,98,67,31,0.1,42,0.4,18,-1.2,56,-0.3
S02000984,S02001001,5,0,0,4,-5,-5,-1,9,4,3,1.3,4,0.6,2,-1.3,5,-0.5
S02000984,S02001003,7,0,0,6,-7,-7,-1,13,6,4,1.5,6,0.6,2,-1.6,7,-0.5
S02000984,S02001004,4,0,3,6,-1,-4,2,13,9,4,0,6,-0.7,2,0.4,7,0.6
S02000984,S02001005,0,0,0,12,0,0,12,12,12,4,-1.9,5,-2.3,2,-1.5,7,1.9
S02000984,S02001006,0,0,0,4,0,0,4,4,4,1,-1.1,2,-1.3,1,-0.9,2,1.1
S02000984,S02001007,0,5,0,3,0,5,3,8,8,2,-1.6,3,0.9,1,-1.2,5,-0.7
S02000984,S02001008,0,0,4,5,4,0,5,9,9,3,-1.7,4,-2,2,1.8,5,1.7
S02000984,S02001010,42,20,11,25,-31,-22,-17,98,56,31,2.1,42,3.1,18,-1.7,56,-2.7
S02000984,S02001012,5,0,0,4,-5,-5,-1,9,4,3,1.3,4,0.6,2,-1.3,5,-0.5
S02000984,S02001013,6,4,4,24,-2,-2,18,38,32,12,-1.7,16,-1.5,7,-1.1,22,1.3
S02000984,S02001014,5,0,0,5,-5,-5,0,10,5,3,1.1,4,0.4,2,-1.4,6,-0.3
S02000984,S02001015,7,26,9,6,2,19,-1,48,41,15,-2.1,20,2.8,9,0,28,-2.4
S02000984,S02001016,9,0,0,6,-9,-9,-3,15,6,5,2,6,1,3,-1.7,9,-0.9
S02000984,S02001185,6,0,5,0,-1,-6,-6,11,5,3,1.4,5,0.6,2,2.1,6,-0.5
S02000984,S02001186,0,0,0,3,0,0,3,3,3,1,-1,1,-1.1,1,-0.7,2,1
S02000985,S02000272,0,0,3,0,3,0,0,3,3,1,-1,1,-1.1,1,3.3,2,1
S02000985,S02000318,3,0,0,0,-3,-3,-3,3,0,1,2.1,1,1.5,1,-0.7,2,-1.3
S02000985,S02000321,3,0,0,0,-3,-3,-3,3,0,1,2.1,1,1.5,1,-0.7,2,-1.3
S02000985,S02000324,4,0,0,5,-4,-4,1,9,5,3,0.7,4,0.1,2,-1.3,5,-0.1
S02000985,S02000328,11,3,3,10,-8,-8,-1,27,16,8,0.9,11,0.7,5,-0.9,16,-0.6
S02000985,S02000329,0,0,0,3,0,0,3,3,3,1,-1,1,-1.1,1,-0.7,2,1
S02000985,S02000587,0,0,0,3,0,0,3,3,3,1,-1,1,-1.1,1,-0.7,2,1
S02000985,S02000590,3,0,0,0,-3,-3,-3,3,0,1,2.1,1,1.5,1,-0.7,2,-1.3
S02000985,S02000597,0,0,3,7,3,0,7,10,10,3,-1.8,4,-2.1,2,0.8,6,1.8
S02000985,S02000627,3,0,3,0,0,-3,-3,6,3,2,0.8,3,0.3,1,1.8,3,-0.2
S02000985,S02000634,4,0,0,0,-4,-4,-4,4,0,1,2.5,2,1.8,1,-0.9,2,-1.5
S02000985,S02000655,14,0,32,19,18,-14,5,65,51,20,-1.4,28,-2.6,12,5.8,37,2.2
S02000985,S02000656,0,8,0,3,0,8,3,11,11,3,-1.9,5,1.5,2,-1.4,6,-1.3
S02000985,S02000658,6,0,3,12,-3,-6,6,21,15,7,-0.2,9,-1,4,-0.4,12,0.8
S02000985,S02000660,15,0,0,11,-15,-15,-4,26,11,8,2.4,11,1.2,5,-2.2,15,-1
S02000985,S02000661,3,0,3,0,0,-3,-3,6,3,2,0.8,3,0.3,1,1.8,3,-0.2
S02000985,S02000667,3,0,0,0,-3,-3,-3,3,0,1,2.1,1,1.5,1,-0.7,2,-1.3
S02000985,S02000669,0,0,0,3,0,0,3,3,3,1,-1,1,-1.1,1,-0.7,2,1
S02000985,S02000670,3,0,0,0,-3,-3,-3,3,0,1,2.1,1,1.5,1,-0.7,2,-1.3
S02000985,S02000672,0,0,0,3,0,0,3,3,3,1,-1,1,-1.1,1,-0.7,2,1
S02000985,S02000684,0,8,0,0,0,8,0,8,8,2,-1.6,3,2.5,1,-1.2,5,-2.1
S02000985,S02000689,4,0,0,0,-4,-4,-4,4,0,1,2.5,2,1.8,1,-0.9,2,-1.5
S02000985,S02000693,3,0,0,0,-3,-3,-3,3,0,1,2.1,1,1.5,1,-0.7,2,-1.3
S02000985,S02000781,5,0,3,0,-2,-5,-5,8,3,2,1.6,3,0.9,1,1.2,5,-0.7
S02000985,S02000784,0,0,0,4,0,0,4,4,4,1,-1.1,2,-1.3,1,-0.9,2,1.1
S02000985,S02000984,13,0,0,7,-13,-13,-6,20,7,6,2.7,9,1.5,4,-1.9,11,-1.3
S02000985,S02000985,20,0,4,24,-16,-20,4,48,28,15,1.3,20,-0.1,9,-1.6,28,0.1
S02000985,S02000986,11,0,0,18,-11,-11,7,29,18,9,0.7,12,-0.4,5,-2.3,17,0.3
S02000985,S02000987,9,0,0,7,-9,-9,-2,16,7,5,1.8,7,0.8,3,-1.7,9,-0.7
S02000985,S02000990,6,0,0,9,-6,-6,3,15,9,5,0.6,6,-0.2,3,-1.7,9,0.1
S02000985,S02000991,6,4,3,17,-3,-2,11,30,24,9,-1.1,13,-0.8,6,-1.1,17,0.7
S02000985,S02000993,71,6,5,38,-66,-65,-33,120,49,37,5.5,51,3.6,22,-3.7,69,-3.1
S02000985,S02000994,9,0,0,0,-9,-9,-9,9,0,3,3.7,4,2.6,2,-1.3,5,-2.3
S02000985,S02000995,9,0,0,8,-9,-9,-1,17,8,5,1.6,7,0.7,3,-1.8,10,-0.6
S02000985,S02000997,7,6,0,6,-7,-1,-1,19,12,6,0.4,8,1.7,4,-1.9,11,-1.5
S02000985,S02000998,7,0,0,6,-7,-7,-1,13,6,4,1.5,6,0.6,2,-1.6,7,-0.5
S02000985,S02000999,5,6,4,28,-1,1,23,43,38,13,-2.3,18,-1.7,8,-1.4,25,1.5
S02000985,S02001000,42,18,18,51,-24,-24,9,129,87,40,0.3,55,0.7,24,-1.2,74,-0.6
S02000985,S02001001,7,3,0,9,-7,-4,2,19,12,6,0.4,8,0.7,4,-1.9,11,-0.6
S02000985,S02001003,22,4,0,7,-22,-18,-15,33,11,10,3.7,14,3.2,6,-2.5,19,-2.7
S02000985,S02001004,8,0,0,8,-8,-8,0,16,8,5,1.4,7,0.5,3,-1.7,9,-0.4
S02000985,S02001005,0,0,3,5,3,0,5,8,8,2,-1.6,3,-1.8,1,1.2,5,1.6
S02000985,S02001006,0,0,0,6,0,0,6,6,6,2,-1.4,3,-1.6,1,-1.1,3,1.4
S02000985,S02001007,3,7,0,12,-3,4,9,22,19,7,-1.5,9,0.2,4,-2,13,-0.2
S02000985,S02001010,40,24,20,46,-20,-16,6,130,90,40,-0.1,55,1.2,24,-0.8,75,-1
S02000985,S02001012,0,0,0,3,0,0,3,3,3,1,-1,1,-1.1,1,-0.7,2,1
S02000985,S02001013,7,29,3,26,-4,22,19,65,58,20,-2.9,28,1.6,12,-2.6,37,-1.4
S02000985,S02001014,7,11,0,5,-7,4,-2,23,16,7,-0.1,10,2.6,4,-2.1,13,-2.3
S02000985,S02001015,7,37,7,12,0,30,5,63,56,20,-2.8,27,3.3,12,-1.4,36,-2.9
S02000985,S02001016,6,3,0,16,-6,-3,10,25,19,8,-0.6,11,-0.5,5,-2.2,14,0.4
S02000985,S02001017,10,0,0,0,-10,-10,-10,10,0,3,3.9,4,2.8,2,-1.4,6,-2.4
S02000985,S02001161,0,0,0,4,0,0,4,4,4,1,-1.1,2,-1.3,1,-0.9,2,1.1
S02000985,S02001185,6,0,0,0,-6,-6,-6,6,0,2,3,3,2.2,1,-1.1,3,-1.9
S02000986,S02000321,0,0,0,3,0,0,3,3,3,1,-1,1,-1.1,1,-0.7,2,1
S02000986,S02000324,0,0,0,4,0,0,4,4,4,1,-1.1,2,-1.3,1,-0.9,2,1.1
S02000986,S02000326,0,0,0,4,0,0,4,4,4,1,-1.1,2,-1.3,1,-0.9,2,1.1
S02000986,S02000328,7,0,3,12,-4,-7,5,22,15,7,0.1,9,-0.8,4,-0.5,13,0.7
S02000986,S02000590,0,0,0,3,0,0,3,3,3,1,-1,1,-1.1,1,-0.7,2,1
S02000986,S02000597,0,0,0,4,0,0,4,4,4,1,-1.1,2,-1.3,1,-0.9,2,1.1
S02000986,S02000608,4,0,0,0,-4,-4,-4,4,0,1,2.5,2,1.8,1,-0.9,2,-1.5
S02000986,S02000625,0,0,0,3,0,0,3,3,3,1,-1,1,-1.1,1,-0.7,2,1
S02000986,S02000627,3,0,0,0,-3,-3,-3,3,0,1,2.1,1,1.5,1,-0.7,2,-1.3
S02000986,S02000639,0,0,0,3,0,0,3,3,3,1,-1,1,-1.1,1,-0.7,2,1
S02000986,S02000644,3,0,4,3,1,-3,0,10,7,3,-0.1,4,-0.6,2,1.6,6,0.5
S02000986,S02000651,0,0,3,0,3,0,0,3,3,1,-1,1,-1.1,1,3.3,2,1
S02000986,S02000655,20,6,50,28,30,-14,8,104,84,32,-2.2,44,-2.7,19,7,60,2.4
S02000986,S02000656,7,3,0,3,-7,-4,-4,13,6,4,1.5,6,1.9,2,-1.6,7,-1.6
S02000986,S02000658,10,0,0,23,-10,-10,13,33,23,10,-0.1,14,-1.1,6,-2.5,19,0.9
S02000986,S02000660,18,3,5,3,-13,-15,-15,29,11,9,3,12,2.5,5,-0.2,17,-2.1
S02000986,S02000665,0,0,6,0,6,0,0,6,6,2,-1.4,3,-1.6,1,4.6,3,1.4
S02000986,S02000672,0,0,4,8,4,0,8,12,12,4,-1.9,5,-2.3,2,1.2,7,1.9
S02000986,S02000689,4,0,0,6,-4,-4,2,10,6,3,0.5,4,-0.1,2,-1.4,6,0.1
S02000986,S02000712,0,3,0,0,0,3,0,3,3,1,-1,1,1.5,1,-0.7,2,-1.3
S02000986,S02000776,4,0,0,0,-4,-4,-4,4,0,1,2.5,2,1.8,1,-0.9,2,-1.5
S02000986,S02000781,5,0,4,0,-1,-5,-5,9,4,3,1.3,4,0.6,2,1.8,5,-0.5
S02000986,S02000984,11,0,0,6,-11,-11,-5,17,6,5,2.5,7,1.4,3,-1.8,10,-1.2
S02000986,S02000985,18,0,3,9,-15,-18,-9,30,12,9,2.8,13,1.5,6,-1.1,17,-1.3
S02000986,S02000986,6,0,0,18,-6,-6,12,24,18,7,-0.5,10,-1.3,4,-2.1,14,1.1
S02000986,S02000987,3,0,0,0,-3,-3,-3,3,0,1,2.1,1,1.5,1,-0.7,2,-1.3
S02000986,S02000989,0,0,0,3,0,0,3,3,3,1,-1,1,-1.1,1,-0.7,2,1
S02000986,S02000990,4,0,0,12,-4,-4,8,16,12,5,-0.4,7,-1.1,3,-1.7,9,0.9
S02000986,S02000991,5,4,3,9,-2,-1,4,21,16,7,-0.6,9,0,4,-0.4,12,0
S02000986,S02000993,80,8,0,20,-80,-72,-60,108,28,34,8,46,6.2,20,-4.5,62,-5.3
S02000986,S02000994,4,3,0,0,-4,-1,-4,7,3,2,1.2,3,2.3,1,-1.1,4,-2
S02000986,S02000995,3,0,0,7,-3,-3,4,10,7,3,-0.1,4,-0.6,2,-1.4,6,0.5
S02000986,S02000997,5,7,3,9,-2,2,4,24,19,7,-0.9,10,0.6,4,-0.7,14,-0.5
S02000986,S02000998,7,0,0,3,-7,-7,-4,10,3,3,2.2,4,1.3,2,-1.4,6,-1.1
S02000986,S02000999,4,0,5,14,1,-4,10,23,19,7,-1.2,10,-1.8,4,0.4,13,1.6
S02000986,S02001000,56,12,19,69,-37,-44,13,156,100,49,1.1,66,0.2,29,-1.8,90,-0.2
S02000986,S02001001,0,0,0,9,0,0,9,9,9,3,-1.7,4,-2,2,-1.3,5,1.7
S02000986,S02001003,14,3,0,7,-14,-11,-7,24,10,7,2.4,10,2.1,4,-2.1,14,-1.8
S02000986,S02001004,3,0,3,7,0,-3,4,13,10,4,-0.5,6,-1.1,2,0.4,7,0.9
S02000986,S02001007,6,11,0,10,-6,5,4,27,21,8,-0.8,11,1.6,5,-2.2,16,-1.4
S02000986,S02001010,53,17,17,51,-36,-36,-2,138,85,43,1.5,59,1.5,26,-1.7,79,-1.3
S02000986,S02001011,0,0,0,5,0,0,5,5,5,2,-1.2,2,-1.5,1,-1,3,1.3
S02000986,S02001013,5,7,4,25,-1,2,20,41,36,13,-2.2,17,-1.3,8,-1.3,24,1.1
S02000986,S02001014,7,3,0,4,-7,-4,-3,14,7,4,1.3,6,1.7,3,-1.6,8,-1.4
S02000986,S02001015,10,24,11,5,1,14,-5,50,40,16,-1.4,21,2.8,9,0.6,29,-2.4
S02000986,S02001016,0,4,0,0,0,4,0,4,4,1,-1.1,2,1.8,1,-0.9,2,-1.5
S02000986,S02001185,4,0,0,3,-4,-4,-1,7,3,2,1.2,3,0.6,1,-1.1,4,-0.5
S02000987,S02000281,0,3,0,0,0,3,0,3,3,1,-1,1,1.5,1,-0.7,2,-1.3
S02000987,S02000314,0,0,3,0,3,0,0,3,3,1,-1,1,-1.1,1,3.3,2,1
S02000987,S02000324,0,3,0,0,0,3,0,3,3,1,-1,1,1.5,1,-0.7,2,-1.3
S02000987,S02000328,15,7,3,8,-12,-8,-7,33,18,10,1.5,14,2.1,6,-1.3,19,-1.8
S02000987,S02000329,4,0,0,0,-4,-4,-4,4,0,1,2.5,2,1.8,1,-0.9,2,-1.5
S02000987,S02000587,0,4,0,0,0,4,0,4,4,1,-1.1,2,1.8,1,-0.9,2,-1.5
S02000987,S02000590,0,0,0,4,0,0,4,4,4,1,-1.1,2,-1.3,1,-0.9,2,1.1
S02000987,S02000597,0,0,0,8,0,0,8,8,8,2,-1.6,3,-1.8,1,-1.2,5,1.6
S02000987,S02000601,4,0,0,0,-4,-4,-4,4,0,1,2.5,2,1.8,1,-0.9,2,-1.5
S02000987,S02000607,5,0,0,0,-5,-5,-5,5,0,2,2.8,2,2,1,-1,3,-1.7
S02000987,S02000625,0,0,0,7,0,0,7,7,7,2,-1.5,3,-1.7,1,-1.1,4,1.5
S02000987,S02000628,3,0,0,0,-3,-3,-3,3,0,1,2.1,1,1.5,1,-0.7,2,-1.3
S02000987,S02000631,0,4,0,0,0,4,0,4,4,1,-1.1,2,1.8,1,-0.9,2,-1.5
S02000987,S02000634,10,0,0,4,-10,-10,-6,14,4,4,2.7,6,1.7,3,-1.6,8,-1.4
S02000987,S02000644,3,0,5,0,2,-3,-3,8,5,2,0.3,3,-0.2,1,2.9,5,0.2
S02000987,S02000649,0,3,0,3,0,3,3,6,6,2,-1.4,3,0.3,1,-1.1,3,-0.2
S02000987,S02000651,0,0,5,0,5,0,0,5,5,2,-1.2,2,-1.5,1,4.2,3,1.3
S02000987,S02000655,17,9,48,15,31,-8,-2,89,72,28,-2,38,-1.9,16,7.8,51,1.7
S02000987,S02000656,9,12,4,6,-5,3,-3,31,22,10,-0.2,13,2.2,6,-0.7,18,-1.9
S02000987,S02000658,7,0,0,16,-7,-7,9,23,16,7,-0.1,10,-0.9,4,-2.1,13,0.8
S02000987,S02000660,23,4,10,19,-13,-19,-4,56,33,17,1.3,24,0.7,10,-0.1,32,-0.6
S02000987,S02000661,0,0,4,0,4,0,0,4,4,1,-1.1,2,-1.3,1,3.8,2,1.1
S02000987,S02000665,0,0,5,0,5,0,0,5,5,2,-1.2,2,-1.5,1,4.2,3,1.3
S02000987,S02000667,3,0,0,0,-3,-3,-3,3,0,1,2.1,1,1.5,1,-0.7,2,-1.3
S02000987,S02000669,0,3,5,0,5,3,0,8,8,2,-1.6,3,-0.2,1,2.9,5,0.2
S02000987,S02000670,3,0,0,0,-3,-3,-3,3,0,1,2.1,1,1.5,1,-0.7,2,-1.3
S02000987,S02000672,0,0,0,5,0,0,5,5,5,2,-1.2,2,-1.5,1,-1,3,1.3
S02000987,S02000684,0,10,5,0,5,10,0,15,15,5,-2.2,6,1.4,3,1.3,9,-1.2
S02000987,S02000689,3,0,0,3,-3,-3,0,6,3,2,0.8,3,0.3,1,-1.1,3,-0.2
S02000987,S02000781,3,0,4,0,1,-3,-3,7,4,2,0.6,3,0,1,2.4,4,0
S02000987,S02000784,0,0,0,3,0,0,3,3,3,1,-1,1,-1.1,1,-0.7,2,1
S02000987,S02000984,20,0,0,5,-20,-20,-15,25,5,8,4.4,11,2.9,5,-2.2,14,-2.5
S02000987,S02000985,7,0,0,0,-7,-7,-7,7,0,2,3.3,3,2.3,1,-1.1,4,-2
S02000987,S02000986,8,3,0,4,-8,-5,-4,15,7,5,1.5,6,1.8,3,-1.7,9,-1.6
S02000987,S02000987,16,3,0,20,-16,-13,4,39,23,12,1.1,17,0.6,7,-2.7,22,-0.5
S02000987,S02000988,4,0,0,4,-4,-4,0,8,4,2,1,3,0.3,1,-1.2,5,-0.3
S02000987,S02000990,7,0,4,7,-3,-7,0,18,11,6,0.6,8,-0.2,3,0.4,10,0.2
S02000987,S02000991,10,6,3,4,-7,-4,-6,23,13,7,1.1,10,2,4,-0.6,13,-1.7
S02000987,S02000993,92,4,0,6,-92,-88,-86,102,10,32,10.7,43,8,19,-4.3,59,-6.9
S02000987,S02000994,10,7,3,4,-7,-3,-6,24,14,7,0.9,10,2.1,4,-0.7,14,-1.8
S02000987,S02000995,13,0,0,9,-13,-13,-4,22,9,7,2.3,9,1.2,4,-2,13,-1
S02000987,S02000997,7,9,0,7,-7,2,0,23,16,7,-0.1,10,2,4,-2.1,13,-1.7
S02000987,S02000998,8,0,0,8,-8,-8,0,16,8,5,1.4,7,0.5,3,-1.7,9,-0.4
S02000987,S02000999,7,0,0,31,-7,-7,24,38,31,12,-1.4,16,-2.3,7,-2.7,22,2
S02000987,S02001000,51,16,22,84,-29,-35,33,173,122,54,-0.4,74,-0.8,32,-1.8,99,0.7
S02000987,S02001001,5,0,0,15,-5,-5,10,20,15,6,-0.5,9,-1.2,4,-1.9,11,1
S02000987,S02001002,0,0,0,4,0,0,4,4,4,1,-1.1,2,-1.3,1,-0.9,2,1.1
S02000987,S02001003,22,0,0,7,-22,-22,-15,29,7,9,4.3,12,2.8,5,-2.3,17,-2.4
S02000987,S02001004,4,5,0,9,-4,1,5,18,14,6,-0.7,8,0.5,3,-1.8,10,-0.4
S02000987,S02001005,0,3,0,10,0,3,10,13,13,4,-2,6,-1.1,2,-1.6,7,0.9
S02000987,S02001006,0,0,0,3,0,0,3,3,3,1,-1,1,-1.1,1,-0.7,2,1
S02000987,S02001007,6,8,0,12,-6,2,6,26,20,8,-0.7,11,0.9,5,-2.2,15,-0.8
S02000987,S02001008,0,0,0,3,0,0,3,3,3,1,-1,1,-1.1,1,-0.7,2,1
S02000987,S02001010,78,35,21,66,-57,-43,-12,200,122,62,2,85,3,37,-2.6,115,-2.6
S02000987,S02001011,0,0,0,5,0,0,5,5,5,2,-1.2,2,-1.5,1,-1,3,1.3
S02000987,S02001013,7,22,9,51,2,15,44,89,82,28,-3.9,38,-1.4,16,-1.8,51,1.2
S02000987,S02001014,9,13,4,3,-5,4,-6,29,20,9,0,12,2.8,5,-0.6,17,-2.4
S02000987,S02001015,12,46,16,9,4,34,-3,83,71,26,-2.7,35,3.8,15,0.2,48,-3.3
S02000987,S02001016,12,3,4,12,-8,-9,0,31,19,10,0.8,13,0.5,6,-0.7,18,-0.4
S02000987,S02001017,5,0,0,0,-5,-5,-5,5,0,2,2.8,2,2,1,-1,3,-1.7
S02000987,S02001018,0,0,0,5,0,0,5,5,5,2,-1.2,2,-1.5,1,-1,3,1.3
S02000987,S02001185,3,0,0,0,-3,-3,-3,3,0,1,2.1,1,1.5,1,-0.7,2,-1.3
S02000987,S02001192,0,3,0,0,0,3,0,3,3,1,-1,1,1.5,1,-0.7,2,-1.3
S02000988,S02000314,3,0,0,0,-3,-3,-3,3,0,1,2.1,1,1.5,1,-0.7,2,-1.3
S02000988,S02000324,0,0,0,3,0,0,3,3,3,1,-1,1,-1.1,1,-0.7,2,1
S02000988,S02000588,0,7,0,0,0,7,0,7,7,2,-1.5,3,2.3,1,-1.1,4,-2
S02000988,S02000597,0,0,3,0,3,0,0,3,3,1,-1,1,-1.1,1,3.3,2,1
S02000988,S02000599,3,0,0,0,-3,-3,-3,3,0,1,2.1,1,1.5,1,-0.7,2,-1.3
S02000988,S02000608,4,0,0,0,-4,-4,-4,4,0,1,2.5,2,1.8,1,-0.9,2,-1.5
S02000988,S02000615,0,3,0,0,0,3,0,3,3,1,-1,1,1.5,1,-0.7,2,-1.3
S02000988,S02000625,0,0,0,5,0,0,5,5,5,2,-1.2,2,-1.5,1,-1,3,1.3
S02000988,S02000628,4,0,0,0,-4,-4,-4,4,0,1,2.5,2,1.8,1,-0.9,2,-1.5
S02000988,S02000633,5,0,0,0,-5,-5,-5,5,0,2,2.8,2,2,1,-1,3,-1.7
S02000988,S02000634,5,0,0,3,-5,-5,-2,8,3,2,1.6,3,0.9,1,-1.2,5,-0.7
S02000988,S02000638,0,6,0,0,0,6,0,6,6,2,-1.4,3,2.2,1,-1.1,3,-1.9
S02000988,S02000642,0,4,0,0,0,4,0,4,4,1,-1.1,2,1.8,1,-0.9,2,-1.5
S02000988,S02000644,3,0,0,0,-3,-3,-3,3,0,1,2.1,1,1.5,1,-0.7,2,-1.3
S02000988,S02000649,3,0,0,3,-3,-3,0,6,3,2,0.8,3,0.3,1,-1.1,3,-0.2
S02000988,S02000651,0,0,7,0,7,0,0,7,7,2,-1.5,3,-1.7,1,5,4,1.5
S02000988,S02000655,23,5,53,17,30,-18,-6,98,75,31,-1.4,42,-2.1,18,8.2,56,1.8
S02000988,S02000656,7,8,0,6,-7,1,-1,21,14,7,0.2,9,2,4,-2,12,-1.7
S02000988,S02000658,14,0,7,20,-7,-14,6,41,27,13,0.3,17,-0.8,8,-0.2,24,0.7
S02000988,S02000660,18,10,7,9,-11,-8,-9,44,26,14,1.2,19,2.1,8,-0.4,25,-1.8
S02000988,S02000661,11,0,0,0,-11,-11,-11,11,0,3,4.1,5,2.9,2,-1.4,6,-2.5
S02000988,S02000670,0,3,0,0,0,3,0,3,3,1,-1,1,1.5,1,-0.7,2,-1.3
S02000988,S02000672,0,0,0,10,0,0,10,10,10,3,-1.8,4,-2.1,2,-1.4,6,1.8
S02000988,S02000684,5,8,0,0,-5,3,-5,13,8,4,0.5,6,3.2,2,-1.6,7,-2.7
S02000988,S02000689,4,0,0,0,-4,-4,-4,4,0,1,2.5,2,1.8,1,-0.9,2,-1.5
S02000988,S02000712,0,3,0,0,0,3,0,3,3,1,-1,1,1.5,1,-0.7,2,-1.3
S02000988,S02000771,0,3,0,3,0,3,3,6,6,2,-1.4,3,0.3,1,-1.1,3,-0.2
S02000988,S02000772,4,0,0,0,-4,-4,-4,4,0,1,2.5,2,1.8,1,-0.9,2,-1.5
S02000988,S02000778,0,0,0,3,0,0,3,3,3,1,-1,1,-1.1,1,-0.7,2,1
S02000988,S02000781,7,0,7,4,0,-7,-3,18,11,6,0.6,8,-0.2,3,2,10,0.2
S02000988,S02000783,8,0,0,0,-8,-8,-8,8,0,2,3.5,3,2.5,1,-1.2,5,-2.1
S02000988,S02000984,30,3,4,9,-26,-27,-21,46,16,14,4.1,20,3,9,-1.5,26,-2.6
S02000988,S02000985,5,0,0,0,-5,-5,-5,5,0,2,2.8,2,2,1,-1,3,-1.7
S02000988,S02000987,3,0,0,0,-3,-3,-3,3,0,1,2.1,1,1.5,1,-0.7,2,-1.3
S02000988,S02000988,15,0,11,68,-4,-15,53,94,79,29,-2.6,40,-4,17,-1.5,54,3.4
S02000988,S02000989,0,0,0,3,0,0,3,3,3,1,-1,1,-1.1,1,-0.7,2,1
S02000988,S02000991,0,6,0,3,0,6,3,9,9,3,-1.7,4,1.1,2,-1.3,5,-1
S02000988,S02000992,8,0,0,11,-8,-8,3,19,11,6,0.9,8,0,4,-1.9,11,0
S02000988,S02000993,61,4,3,4,-58,-57,-57,72,11,22,8.1,31,6.2,13,-2.8,41,-5.3
S02000988,S02000994,42,47,3,24,-39,5,-18,116,74,36,1,49,5.6,21,-4,67,-4.9
S02000988,S02000995,5,0,0,4,-5,-5,-1,9,4,3,1.3,4,0.6,2,-1.3,5,-0.5
S02000988,S02000996,0,0,0,8,0,0,8,8,8,2,-1.6,3,-1.8,1,-1.2,5,1.6
S02000988,S02000997,6,5,0,6,-6,-1,0,17,11,5,0.3,7,1.4,3,-1.8,10,-1.2
S02000988,S02000998,39,17,12,86,-27,-22,47,154,115,48,-1.3,65,-1.2,28,-3.1,89,1
S02000988,S02000999,27,4,7,53,-20,-23,26,91,64,28,-0.3,39,-1.2,17,-2.4,52,1.1
S02000988,S02001000,49,4,16,43,-33,-45,-6,112,63,35,2.4,48,0.8,21,-1,64,-0.7
S02000988,S02001001,0,4,0,8,0,4,8,12,12,4,-1.9,5,-0.5,2,-1.5,7,0.4
S02000988,S02001003,0,0,6,8,6,0,8,14,14,4,-2.1,6,-2.4,3,2.1,8,2.1
S02000988,S02001004,0,4,6,5,6,4,5,15,15,5,-2.2,6,-0.9,3,1.9,9,0.8
S02000988,S02001005,6,0,0,6,-6,-6,0,12,6,4,1.2,5,0.4,2,-1.5,7,-0.3
S02000988,S02001006,4,0,0,7,-4,-4,3,11,7,3,0.3,5,-0.3,2,-1.4,6,0.3
S02000988,S02001007,0,0,0,8,0,0,8,8,8,2,-1.6,3,-1.8,1,-1.2,5,1.6
S02000988,S02001008,4,14,0,4,-4,10,0,22,18,7,-1.1,9,2.8,4,-2,13,-2.4
S02000988,S02001010,44,14,14,41,-30,-30,-3,113,69,35,1.5,48,1.4,21,-1.5,65,-1.2
S02000988,S02001012,0,0,0,5,0,0,5,5,5,2,-1.2,2,-1.5,1,-1,3,1.3
S02000988,S02001013,10,13,0,24,-10,3,14,47,37,15,-1.2,20,0.7,9,-2.9,27,-0.6
S02000988,S02001014,5,9,3,5,-2,4,0,22,17,7,-0.7,9,1.5,4,-0.5,13,-1.3
S02000988,S02001015,14,39,10,10,-4,25,-4,73,59,23,-1.8,31,3.9,14,-1,42,-3.4
S02000988,S02001016,3,0,0,7,-3,-3,4,10,7,3,-0.1,4,-0.6,2,-1.4,6,0.5
S02000988,S02001019,0,0,0,3,0,0,3,3,3,1,-1,1,-1.1,1,-0.7,2,1
S02000988,S02001020,3,0,0,0,-3,-3,-3,3,0,1,2.1,1,1.5,1,-0.7,2,-1.3
S02000988,S02001185,6,0,3,0,-3,-6,-6,9,3,3,1.9,4,1.1,2,1,5,-1
S02000988,S02001192,4,0,0,0,-4,-4,-4,4,0,1,2.5,2,1.8,1,-0.9,2,-1.5
S02000989,S02000281,3,0,0,0,-3,-3,-3,3,0,1,2.1,1,1.5,1,-0.7,2,-1.3
S02000989,S02000318,0,0,0,3,0,0,3,3,3,1,-1,1,-1.1,1,-0.7,2,1
S02000989,S02000324,0,0,0,4,0,0,4,4,4,1,-1.1,2,-1.3,1,-0.9,2,1.1
S02000989,S02000326,4,0,0,0,-4,-4,-4,4,0,1,2.5,2,1.8,1,-0.9,2,-1.5
S02000989,S02000328,11,0,3,7,-8,-11,-4,21,10,7,1.7,9,0.7,4,-0.4,12,-0.6
S02000989,S02000329,0,3,0,0,0,3,0,3,3,1,-1,1,1.5,1,-0.7,2,-1.3
S02000989,S02000587,0,4,0,0,0,4,0,4,4,1,-1.1,2,1.8,1,-0.9,2,-1.5
S02000989,S02000590,0,0,0,5,0,0,5,5,5,2,-1.2,2,-1.5,1,-1,3,1.3
S02000989,S02000597,0,0,0,10,0,0,10,10,10,3,-1.8,4,-2.1,2,-1.4,6,1.8
S02000989,S02000599,6,0,0,0,-6,-6,-6,6,0,2,3,3,2.2,1,-1.1,3,-1.9
S02000989,S02000607,3,0,0,0,-3,-3,-3,3,0,1,2.1,1,1.5,1,-0.7,2,-1.3
S02000989,S02000608,3,0,0,0,-3,-3,-3,3,0,1,2.1,1,1.5,1,-0.7,2,-1.3
S02000989,S02000617,4,0,0,3,-4,-4,-1,7,3,2,1.2,3,0.6,1,-1.1,4,-0.5
S02000989,S02000625,0,0,0,5,0,0,5,5,5,2,-1.2,2,-1.5,1,-1,3,1.3
S02000989,S02000627,0,0,0,7,0,0,7,7,7,2,-1.5,3,-1.7,1,-1.1,4,1.5
S02000989,S02000628,7,0,0,0,-7,-7,-7,7,0,2,3.3,3,2.3,1,-1.1,4,-2
S02000989,S02000633,5,0,0,0,-5,-5,-5,5,0,2,2.8,2,2,1,-1,3,-1.7
S02000989,S02000634,3,0,0,3,-3,-3,0,6,3,2,0.8,3,0.3,1,-1.1,3,-0.2
S02000989,S02000638,4,4,0,0,-4,0,-4,8,4,2,1,3,2.5,1,-1.2,5,-2.1
S02000989,S02000642,0,3,0,0,0,3,0,3,3,1,-1,1,1.5,1,-0.7,2,-1.3
S02000989,S02000644,3,0,0,0,-3,-3,-3,3,0,1,2.1,1,1.5,1,-0.7,2,-1.3
S02000989,S02000649,0,0,0,3,0,0,3,3,3,1,-1,1,-1.1,1,-0.7,2,1
S02000989,S02000655,25,16,60,13,35,-9,-12,114,89,36,-1.8,48,-1.1,21,8.5,66,0.9
S02000989,S02000656,5,10,6,4,1,5,-1,25,20,8,-1,11,1.3,5,0.6,14,-1.2
S02000989,S02000658,27,3,6,20,-21,-24,-7,56,29,17,2.3,24,1.3,10,-1.4,32,-1.1
S02000989,S02000660,16,13,6,8,-10,-3,-8,43,27,13,0.7,18,2.5,8,-0.7,25,-2.2
S02000989,S02000661,6,0,5,0,-1,-6,-6,11,5,3,1.4,5,0.6,2,2.1,6,-0.5
S02000989,S02000664,3,0,0,0,-3,-3,-3,3,0,1,2.1,1,1.5,1,-0.7,2,-1.3
S02000989,S02000665,0,0,0,4,0,0,4,4,4,1,-1.1,2,-1.3,1,-0.9,2,1.1
S02000989,S02000672,0,0,0,13,0,0,13,13,13,4,-2,6,-2.4,2,-1.6,7,2
S02000989,S02000684,0,9,0,0,0,9,0,9,9,3,-1.7,4,2.6,2,-1.3,5,-2.3
S02000989,S02000689,3,0,0,0,-3,-3,-3,3,0,1,2.1,1,1.5,1,-0.7,2,-1.3
S02000989,S02000776,0,0,0,5,0,0,5,5,5,2,-1.2,2,-1.5,1,-1,3,1.3
S02000989,S02000781,4,0,7,0,3,-4,-4,11,7,3,0.3,5,-0.3,2,3.5,6,0.3
S02000989,S02000984,29,4,0,10,-29,-25,-19,43,14,13,4.3,18,3.4,8,-2.8,25,-3
S02000989,S02000985,0,0,0,7,0,0,7,7,7,2,-1.5,3,-1.7,1,-1.1,4,1.5
S02000989,S02000987,0,0,0,4,0,0,4,4,4,1,-1.1,2,-1.3,1,-0.9,2,1.1
S02000989,S02000989,7,5,3,13,-4,-2,6,28,21,9,-0.6,12,0,5,-1,16,0
S02000989,S02000991,5,0,3,11,-2,-5,6,19,14,6,-0.4,8,-1.1,4,-0.3,11,0.9
S02000989,S02000993,52,3,0,7,-52,-49,-45,62,10,19,7.4,26,5.6,11,-3.4,36,-4.8
S02000989,S02000994,7,0,0,0,-7,-7,-7,7,0,2,3.3,3,2.3,1,-1.1,4,-2
S02000989,S02000995,5,0,0,5,-5,-5,0,10,5,3,1.1,4,0.4,2,-1.4,6,-0.3
S02000989,S02000997,3,12,0,14,-3,9,11,29,26,9,-2,12,0.8,5,-2.3,17,-0.7
S02000989,S02000998,7,0,0,3,-7,-7,-4,10,3,3,2.2,4,1.3,2,-1.4,6,-1.1
S02000989,S02000999,5,0,0,12,-5,-5,7,17,12,5,-0.1,7,-0.8,3,-1.8,10,0.7
S02000989,S02001000,60,15,24,60,-36,-45,0,159,99,50,1.5,68,0.9,29,-1,91,-0.8
S02000989,S02001001,4,0,0,8,-4,-4,4,12,8,4,0.1,5,-0.5,2,-1.5,7,0.4
S02000989,S02001002,0,3,0,0,0,3,0,3,3,1,-1,1,1.5,1,-0.7,2,-1.3
S02000989,S02001003,10,0,0,10,-10,-10,0,20,10,6,1.5,9,0.5,4,-1.9,11,-0.4
S02000989,S02001004,4,4,0,12,-4,0,8,20,16,6,-0.9,9,-0.2,4,-1.9,11,0.1
S02000989,S02001005,0,0,0,4,0,0,4,4,4,1,-1.1,2,-1.3,1,-0.9,2,1.1
S02000989,S02001006,5,0,0,0,-5,-5,-5,5,0,2,2.8,2,2,1,-1,3,-1.7
S02000989,S02001007,0,10,0,5,0,10,5,15,15,5,-2.2,6,1.4,3,-1.7,9,-1.2
S02000989,S02001010,49,29,14,32,-35,-20,-17,124,75,39,1.7,53,3.5,23,-1.9,71,-3
S02000989,S02001012,0,0,0,4,0,0,4,4,4,1,-1.1,2,-1.3,1,-0.9,2,1.1
S02000989,S02001013,7,10,0,22,-7,3,15,39,32,12,-1.5,17,0.1,7,-2.7,22,-0.1
S02000989,S02001014,6,4,0,3,-6,-2,-3,13,7,4,1,6,1.9,2,-1.6,7,-1.6
S02000989,S02001015,0,25,6,0,6,25,0,31,31,10,-3.1,13,3.3,6,0.1,18,-2.8
S02000989,S02001016,7,3,0,7,-7,-4,0,17,10,5,0.7,7,1,3,-1.8,10,-0.9
S02000989,S02001185,4,0,4,0,0,-4,-4,8,4,2,1,3,0.3,1,2.1,5,-0.3
S02000990,S02000318,3,0,0,0,-3,-3,-3,3,0,1,2.1,1,1.5,1,-0.7,2,-1.3
S02000990,S02000321,0,4,0,3,0,4,3,7,7,2,-1.5,3,0.6,1,-1.1,4,-0.5
S02000990,S02000324,4,0,0,8,-4,-4,4,12,8,4,0.1,5,-0.5,2,-1.5,7,0.4
S02000990,S02000327,4,0,0,0,-4,-4,-4,4,0,1,2.5,2,1.8,1,-0.9,2,-1.5
S02000990,S02000328,11,4,0,12,-11,-7,1,27,16,8,0.9,11,1,5,-2.2,16,-0.9
S02000990,S02000587,0,8,0,0,0,8,0,8,8,2,-1.6,3,2.5,1,-1.2,5,-2.1
S02000990,S02000597,4,0,3,8,-1,-4,4,15,11,5,-0.3,6,-0.9,3,0.1,9,0.8
S02000990,S02000599,8,0,0,0,-8,-8,-8,8,0,2,3.5,3,2.5,1,-1.2,5,-2.1
S02000990,S02000603,0,0,0,3,0,0,3,3,3,1,-1,1,-1.1,1,-0.7,2,1
S02000990,S02000609,0,0,0,3,0,0,3,3,3,1,-1,1,-1.1,1,-0.7,2,1
S02000990,S02000620,0,0,3,0,3,0,0,3,3,1,-1,1,-1.1,1,3.3,2,1
S02000990,S02000625,0,0,0,6,0,0,6,6,6,2,-1.4,3,-1.6,1,-1.1,3,1.4
S02000990,S02000627,5,0,0,0,-5,-5,-5,5,0,2,2.8,2,2,1,-1,3,-1.7
S02000990,S02000628,6,0,0,0,-6,-6,-6,6,0,2,3,3,2.2,1,-1.1,3,-1.9
S02000990,S02000631,3,0,0,0,-3,-3,-3,3,0,1,2.1,1,1.5,1,-0.7,2,-1.3
S02000990,S02000633,0,0,0,3,0,0,3,3,3,1,-1,1,-1.1,1,-0.7,2,1
S02000990,S02000634,7,0,3,0,-4,-7,-7,10,3,3,2.2,4,1.3,2,0.8,6,-1.1
S02000990,S02000635,0,0,0,4,0,0,4,4,4,1,-1.1,2,-1.3,1,-0.9,2,1.1
S02000990,S02000638,8,4,0,0,-8,-4,-8,12,4,4,2.2,5,3.1,2,-1.5,7,-2.6
S02000990,S02000644,7,0,0,0,-7,-7,-7,7,0,2,3.3,3,2.3,1,-1.1,4,-2
S02000990,S02000649,0,0,0,3,0,0,3,3,3,1,-1,1,-1.1,1,-0.7,2,1
S02000990,S02000651,0,0,3,0,3,0,0,3,3,1,-1,1,-1.1,1,3.3,2,1
S02000990,S02000655,48,5,106,39,58,-43,-9,198,150,62,-1.7,84,-3.4,37,11.5,114,2.9
S02000990,S02000656,5,13,7,3,2,8,-2,28,23,9,-1.3,12,1.8,5,0.8,16,-1.5
S02000990,S02000658,12,3,13,31,1,-9,19,59,47,18,-1.5,25,-2,11,0.6,34,1.7
S02000990,S02000659,0,0,3,0,3,0,0,3,3,1,-1,1,-1.1,1,3.3,2,1
S02000990,S02000660,31,6,0,6,-31,-25,-25,43,12,13,4.8,18,4.4,8,-2.8,25,-3.8
S02000990,S02000661,5,0,4,0,-1,-5,-5,9,4,3,1.3,4,0.6,2,1.8,5,-0.5
S02000990,S02000664,9,0,3,0,-6,-9,-9,12,3,4,2.7,5,1.7,2,0.5,7,-1.5
S02000990,S02000665,0,0,8,0,8,0,0,8,8,2,-1.6,3,-1.8,1,5.4,5,1.6
S02000990,S02000667,3,0,0,0,-3,-3,-3,3,0,1,2.1,1,1.5,1,-0.7,2,-1.3
S02000990,S02000672,0,0,3,10,3,0,10,13,13,4,-2,6,-2.4,2,0.4,7,2
S02000990,S02000676,4,0,0,3,-4,-4,-1,7,3,2,1.2,3,0.6,1,-1.1,4,-0.5
S02000990,S02000680,0,0,0,3,0,0,3,3,3,1,-1,1,-1.1,1,-0.7,2,1
S02000990,S02000684,0,7,0,0,0,7,0,7,7,2,-1.5,3,2.3,1,-1.1,4,-2
S02000990,S02000689,12,0,0,7,-12,-12,-5,19,7,6,2.5,8,1.4,4,-1.9,11,-1.2
S02000990,S02000705,0,0,0,4,0,0,4,4,4,1,-1.1,2,-1.3,1,-0.9,2,1.1
S02000990,S02000776,3,0,0,0,-3,-3,-3,3,0,1,2.1,1,1.5,1,-0.7,2,-1.3
S02000990,S02000777,0,0,0,3,0,0,3,3,3,1,-1,1,-1.1,1,-0.7,2,1
S02000990,S02000781,8,0,0,0,-8,-8,-8,8,0,2,3.5,3,2.5,1,-1.2,5,-2.1
S02000990,S02000783,3,0,0,0,-3,-3,-3,3,0,1,2.1,1,1.5,1,-0.7,2,-1.3
S02000990,S02000984,22,0,0,8,-22,-22,-14,30,8,9,4.1,13,2.6,6,-2.4,17,-2.2
S02000990,S02000985,4,0,0,3,-4,-4,-1,7,3,2,1.2,3,0.6,1,-1.1,4,-0.5
S02000990,S02000986,4,0,0,6,-4,-4,2,10,6,3,0.5,4,-0.1,2,-1.4,6,0.1
S02000990,S02000987,4,0,0,3,-4,-4,-1,7,3,2,1.2,3,0.6,1,-1.1,4,-0.5
S02000990,S02000988,0,0,0,6,0,0,6,6,6,2,-1.4,3,-1.6,1,-1.1,3,1.4
S02000990,S02000989,0,0,0,7,0,0,7,7,7,2,-1.5,3,-1.7,1,-1.1,4,1.5
S02000990,S02000990,9,0,0,13,-9,-9,4,22,13,7,0.8,9,-0.1,4,-2,13,0.1
S02000990,S02000991,8,5,4,4,-4,-3,-4,21,13,7,0.6,9,1.4,4,0.1,12,-1.2
S02000990,S02000992,4,0,0,0,-4,-4,-4,4,0,1,2.5,2,1.8,1,-0.9,2,-1.5
S02000990,S02000993,90,4,3,3,-87,-86,-87,100,10,31,10.5,43,7.9,19,-3.6,57,-6.8
S02000990,S02000994,14,3,0,5,-14,-11,-9,22,8,7,2.7,9,2.5,4,-2,13,-2.1
S02000990,S02000995,11,3,0,11,-11,-8,0,25,14,8,1.2,11,1,5,-2.2,14,-0.9
S02000990,S02000997,5,13,0,7,-5,8,2,25,20,8,-1,11,2.3,5,-2.2,14,-1.9
S02000990,S02000998,8,0,0,8,-8,-8,0,16,8,5,1.4,7,0.5,3,-1.7,9,-0.4
S02000990,S02000999,6,0,4,16,-2,-6,10,26,20,8,-0.7,11,-1.5,5,-0.4,15,1.3
S02000990,S02001000,97,19,29,98,-68,-78,1,243,146,76,2.5,103,1.2,45,-2.4,140,-1.1
S02000990,S02001001,9,6,0,15,-9,-3,6,30,21,9,-0.1,13,0.6,6,-2.4,17,-0.5
S02000990,S02001003,16,4,3,8,-13,-12,-8,31,15,10,2,13,1.9,6,-1.1,18,-1.6
S02000990,S02001004,8,0,6,18,-2,-8,10,32,24,10,-0.6,14,-1.5,6,0,18,1.3
S02000990,S02001005,6,0,0,10,-6,-6,4,16,10,5,0.5,7,-0.3,3,-1.7,9,0.3
S02000990,S02001006,0,0,0,3,0,0,3,3,3,1,-1,1,-1.1,1,-0.7,2,1
S02000990,S02001007,0,14,0,8,0,14,8,22,22,7,-2.6,9,1.5,4,-2,13,-1.3
S02000990,S02001008,0,0,0,3,0,0,3,3,3,1,-1,1,-1.1,1,-0.7,2,1
S02000990,S02001010,72,32,23,61,-49,-40,-11,188,116,59,1.8,80,2.7,35,-2,108,-2.3
S02000990,S02001011,0,0,0,6,0,0,6,6,6,2,-1.4,3,-1.6,1,-1.1,3,1.4
S02000990,S02001013,3,23,3,52,0,20,49,81,78,25,-4.4,34,-1.4,15,-3.1,47,1.2
S02000990,S02001014,7,13,5,5,-2,6,-2,30,23,9,-0.8,13,2,6,-0.2,17,-1.7
S02000990,S02001015,5,37,15,8,10,32,3,65,60,20,-3.4,28,2.7,12,0.9,37,-2.3
S02000990,S02001016,10,0,3,9,-7,-10,-1,22,12,7,1.2,9,0.2,4,-0.5,13,-0.2
S02000990,S02001018,0,0,0,8,0,0,8,8,8,2,-1.6,3,-1.8,1,-1.2,5,1.6
S02000990,S02001020,0,0,0,4,0,0,4,4,4,1,-1.1,2,-1.3,1,-0.9,2,1.1
S02000990,S02001185,9,0,5,0,-4,-9,-9,14,5,4,2.2,6,1.2,3,1.5,8,-1.1
S02000991,S02000310,0,0,0,4,0,0,4,4,4,1,-1.1,2,-1.3,1,-0.9,2,1.1
S02000991,S02000314,6,0,0,0,-6,-6,-6,6,0,2,3,3,2.2,1,-1.1,3,-1.9
S02000991,S02000322,0,0,0,3,0,0,3,3,3,1,-1,1,-1.1,1,-0.7,2,1
S02000991,S02000324,0,3,0,0,0,3,0,3,3,1,-1,1,1.5,1,-0.7,2,-1.3
S02000991,S02000328,19,8,4,9,-15,-11,-10,40,21,12,1.9,17,2.4,7,-1.2,23,-2.1
S02000991,S02000329,4,0,0,0,-4,-4,-4,4,0,1,2.5,2,1.8,1,-0.9,2,-1.5
S02000991,S02000587,0,3,0,0,0,3,0,3,3,1,-1,1,1.5,1,-0.7,2,-1.3
S02000991,S02000590,0,0,0,4,0,0,4,4,4,1,-1.1,2,-1.3,1,-0.9,2,1.1
S02000991,S02000597,3,0,7,11,4,-3,8,21,18,7,-1.4,9,-2,4,1.6,12,1.7
S02000991,S02000599,4,0,0,0,-4,-4,-4,4,0,1,2.5,2,1.8,1,-0.9,2,-1.5
S02000991,S02000607,5,0,0,0,-5,-5,-5,5,0,2,2.8,2,2,1,-1,3,-1.7
S02000991,S02000608,4,0,0,0,-4,-4,-4,4,0,1,2.5,2,1.8,1,-0.9,2,-1.5
S02000991,S02000619,0,3,0,0,0,3,0,3,3,1,-1,1,1.5,1,-0.7,2,-1.3
S02000991,S02000625,0,0,0,3,0,0,3,3,3,1,-1,1,-1.1,1,-0.7,2,1
S02000991,S02000627,3,0,0,0,-3,-3,-3,3,0,1,2.1,1,1.5,1,-0.7,2,-1.3
S02000991,S02000631,0,7,0,0,0,7,0,7,7,2,-1.5,3,2.3,1,-1.1,4,-2
S02000991,S02000634,6,0,0,3,-6,-6,-3,9,3,3,1.9,4,1.1,2,-1.3,5,-1
S02000991,S02000635,0,0,0,3,0,0,3,3,3,1,-1,1,-1.1,1,-0.7,2,1
S02000991,S02000638,3,0,0,0,-3,-3,-3,3,0,1,2.1,1,1.5,1,-0.7,2,-1.3
S02000991,S02000644,9,0,0,0,-9,-9,-9,9,0,3,3.7,4,2.6,2,-1.3,5,-2.3
S02000991,S02000649,0,0,3,3,3,0,3,6,6,2,-1.4,3,-1.6,1,1.8,3,1.4
S02000991,S02000651,0,0,5,7,5,0,7,12,12,4,-1.9,5,-2.3,2,1.9,7,1.9
S02000991,S02000655,28,12,100,32,72,-16,4,172,144,54,-3.5,73,-3.9,32,12.1,99,3.3
S02000991,S02000656,0,11,0,3,0,11,3,14,14,4,-2.1,6,2.1,3,-1.6,8,-1.8
S02000991,S02000658,11,4,10,20,-1,-7,9,45,34,14,-0.8,19,-0.9,8,0.6,26,0.8
S02000991,S02000660,23,5,0,7,-23,-18,-16,35,12,11,3.7,15,3.4,6,-2.5,20,-2.9
S02000991,S02000661,4,0,11,4,7,-4,0,19,15,6,-0.8,8,-1.4,4,4,11,1.2
S02000991,S02000663,0,0,3,0,3,0,0,3,3,1,-1,1,-1.1,1,3.3,2,1
S02000991,S02000664,4,0,0,0,-4,-4,-4,4,0,1,2.5,2,1.8,1,-0.9,2,-1.5
S02000991,S02000665,0,0,4,0,4,0,0,4,4,1,-1.1,2,-1.3,1,3.8,2,1.1
S02000991,S02000672,0,0,0,12,0,0,12,12,12,4,-1.9,5,-2.3,2,-1.5,7,1.9
S02000991,S02000684,0,8,0,0,0,8,0,8,8,2,-1.6,3,2.5,1,-1.2,5,-2.1
S02000991,S02000689,5,0,0,3,-5,-5,-2,8,3,2,1.6,3,0.9,1,-1.2,5,-0.7
S02000991,S02000710,0,0,3,0,3,0,0,3,3,1,-1,1,-1.1,1,3.3,2,1
S02000991,S02000775,0,0,0,3,0,0,3,3,3,1,-1,1,-1.1,1,-0.7,2,1
S02000991,S02000781,9,0,0,0,-9,-9,-9,9,0,3,3.7,4,2.6,2,-1.3,5,-2.3
S02000991,S02000784,0,0,0,4,0,0,4,4,4,1,-1.1,2,-1.3,1,-0.9,2,1.1
S02000991,S02000984,24,0,4,9,-20,-24,-15,37,13,12,3.7,16,2.1,7,-1.1,21,-1.8
S02000991,S02000986,0,0,0,4,0,0,4,4,4,1,-1.1,2,-1.3,1,-0.9,2,1.1
S02000991,S02000988,0,0,0,5,0,0,5,5,5,2,-1.2,2,-1.5,1,-1,3,1.3
S02000991,S02000989,4,0,0,6,-4,-4,2,10,6,3,0.5,4,-0.1,2,-1.4,6,0.1
S02000991,S02000990,0,0,0,11,0,0,11,11,11,3,-1.9,5,-2.2,2,-1.4,6,1.9
S02000991,S02000991,15,15,8,21,-7,0,6,59,44,18,-0.8,25,1,11,-0.9,34,-0.8
S02000991,S02000993,77,0,4,23,-73,-77,-54,104,27,32,7.8,44,4.9,19,-3.5,60,-4.2
S02000991,S02000994,8,4,0,0,-8,-4,-8,12,4,4,2.2,5,3.1,2,-1.5,7,-2.6
S02000991,S02000995,4,0,0,5,-4,-4,1,9,5,3,0.7,4,0.1,2,-1.3,5,-0.1
S02000991,S02000996,0,0,0,4,0,0,4,4,4,1,-1.1,2,-1.3,1,-0.9,2,1.1
S02000991,S02000997,6,7,0,13,-6,1,7,26,20,8,-0.7,11,0.6,5,-2.2,15,-0.5
S02000991,S02000998,5,0,0,11,-5,-5,6,16,11,5,0,7,-0.7,3,-1.7,9,0.6
S02000991,S02000999,9,3,0,19,-9,-6,10,31,22,10,-0.2,13,-0.3,6,-2.4,18,0.3
S02000991,S02001000,93,23,27,114,-66,-70,21,257,164,80,1.4,109,0.6,48,-3,148,-0.6
S02000991,S02001001,0,4,0,12,0,4,12,16,16,5,-2.2,7,-1.1,3,-1.7,9,0.9
S02000991,S02001003,16,5,0,12,-16,-11,-4,33,17,10,1.8,14,1.9,6,-2.5,19,-1.6
S02000991,S02001004,9,7,4,20,-5,-2,11,40,31,12,-1,17,-0.2,7,-1.2,23,0.2
S02000991,S02001006,4,0,0,0,-4,-4,-4,4,0,1,2.5,2,1.8,1,-0.9,2,-1.5
S02000991,S02001007,6,6,0,6,-6,0,0,18,12,6,0.2,8,1.6,3,-1.8,10,-1.4
S02000991,S02001010,66,26,19,66,-47,-40,0,177,111,55,1.5,75,1.9,33,-2.4,102,-1.7
S02000991,S02001011,0,0,0,8,0,0,8,8,8,2,-1.6,3,-1.8,1,-1.2,5,1.6
S02000991,S02001012,0,0,0,5,0,0,5,5,5,2,-1.2,2,-1.5,1,-1,3,1.3
S02000991,S02001013,10,19,7,54,-3,9,44,90,80,28,-3.4,38,-1.5,17,-2.4,52,1.3
S02000991,S02001014,5,14,3,6,-2,9,1,28,23,9,-1.3,12,2.1,5,-1,16,-1.8
S02000991,S02001015,8,51,11,11,3,43,3,81,73,25,-3.4,34,4.2,15,-1,47,-3.6
S02000991,S02001016,6,0,3,7,-3,-6,1,16,10,5,0.5,7,-0.3,3,0,9,0.3
S02000991,S02001017,7,0,0,0,-7,-7,-7,7,0,2,3.3,3,2.3,1,-1.1,4,-2
S02000991,S02001018,0,0,0,5,0,0,5,5,5,2,-1.2,2,-1.5,1,-1,3,1.3
S02000991,S02001185,7,0,5,3,-2,-7,-4,15,8,5,1.1,6,0.2,3,1.3,9,-0.2
S02000991,S02001192,0,0,0,3,0,0,3,3,3,1,-1,1,-1.1,1,-0.7,2,1
S02000992,S02000314,0,0,0,4,0,0,4,4,4,1,-1.1,2,-1.3,1,-0.9,2,1.1
S02000992,S02000322,0,0,5,0,5,0,0,5,5,2,-1.2,2,-1.5,1,4.2,3,1.3
S02000992,S02000324,0,0,0,4,0,0,4,4,4,1,-1.1,2,-1.3,1,-0.9,2,1.1
S02000992,S02000328,4,0,0,0,-4,-4,-4,4,0,1,2.5,2,1.8,1,-0.9,2,-1.5
S02000992,S02000610,0,0,0,3,0,0,3,3,3,1,-1,1,-1.1,1,-0.7,2,1
S02000992,S02000625,0,0,0,3,0,0,3,3,3,1,-1,1,-1.1,1,-0.7,2,1
S02000992,S02000631,0,0,3,0,3,0,0,3,3,1,-1,1,-1.1,1,3.3,2,1
S02000992,S02000638,3,3,0,0,-3,0,-3,6,3,2,0.8,3,2.2,1,-1.1,3,-1.9
S02000992,S02000643,0,3,0,0,0,3,0,3,3,1,-1,1,1.5,1,-0.7,2,-1.3
S02000992,S02000649,0,4,0,0,0,4,0,4,4,1,-1.1,2,1.8,1,-0.9,2,-1.5
S02000992,S02000651,0,3,3,0,3,3,0,6,6,2,-1.4,3,0.3,1,1.8,3,-0.2
S02000992,S02000655,29,6,70,26,41,-23,-3,131,102,41,-1.8,56,-2.8,24,9.3,75,2.4
S02000992,S02000656,7,7,0,0,-7,0,-7,14,7,4,1.3,6,3.3,3,-1.6,8,-2.8
S02000992,S02000658,10,0,3,20,-7,-10,10,33,23,10,-0.1,14,-1.1,6,-1.3,19,0.9
S02000992,S02000660,14,4,3,5,-11,-10,-9,26,12,8,2.1,11,2.1,5,-0.8,15,-1.8
S02000992,S02000661,7,0,7,0,0,-7,-7,14,7,4,1.3,6,0.4,3,2.7,8,-0.4
S02000992,S02000672,0,0,0,9,0,0,9,9,9,3,-1.7,4,-2,2,-1.3,5,1.7
S02000992,S02000684,0,10,0,3,0,10,3,13,13,4,-2,6,1.9,2,-1.6,7,-1.6
S02000992,S02000689,0,0,0,4,0,0,4,4,4,1,-1.1,2,-1.3,1,-0.9,2,1.1
S02000992,S02000705,0,0,0,4,0,0,4,4,4,1,-1.1,2,-1.3,1,-0.9,2,1.1
S02000992,S02000771,3,0,0,0,-3,-3,-3,3,0,1,2.1,1,1.5,1,-0.7,2,-1.3
S02000992,S02000772,5,0,0,0,-5,-5,-5,5,0,2,2.8,2,2,1,-1,3,-1.7
S02000992,S02000776,3,0,0,0,-3,-3,-3,3,0,1,2.1,1,1.5,1,-0.7,2,-1.3
S02000992,S02000984,14,0,0,8,-14,-14,-6,22,8,7,2.7,9,1.5,4,-2,13,-1.3
S02000992,S02000988,12,0,0,25,-12,-12,13,37,25,12,0.1,16,-0.9,7,-2.6,21,0.8
S02000992,S02000989,4,0,0,0,-4,-4,-4,4,0,1,2.5,2,1.8,1,-0.9,2,-1.5
S02000992,S02000991,0,0,0,3,0,0,3,3,3,1,-1,1,-1.1,1,-0.7,2,1
S02000992,S02000992,15,3,0,14,-15,-12,-1,32,17,10,1.6,14,1.2,6,-2.4,18,-1
S02000992,S02000993,51,0,0,6,-51,-51,-45,57,6,18,7.9,24,5.4,11,-3.2,33,-4.7
S02000992,S02000994,41,25,5,20,-36,-16,-21,91,50,28,2.4,39,4.4,17,-2.9,52,-3.8
S02000992,S02000995,3,0,0,0,-3,-3,-3,3,0,1,2.1,1,1.5,1,-0.7,2,-1.3
S02000992,S02000996,3,0,0,0,-3,-3,-3,3,0,1,2.1,1,1.5,1,-0.7,2,-1.3
S02000992,S02000997,7,4,0,4,-7,-3,-3,15,8,5,1.1,6,1.8,3,-1.7,9,-1.6
S02000992,S02000998,52,17,9,55,-43,-35,3,133,81,41,1.6,57,1.7,25,-3.1,76,-1.4
S02000992,S02000999,18,8,12,39,-6,-10,21,77,59,24,-1.2,33,-1.2,14,-0.6,44,1
S02000992,S02001000,35,9,8,46,-27,-26,11,98,63,31,0.8,42,0.4,18,-2.4,56,-0.3
S02000992,S02001002,0,0,0,4,0,0,4,4,4,1,-1.1,2,-1.3,1,-0.9,2,1.1
S02000992,S02001003,9,0,0,3,-9,-9,-6,12,3,4,2.7,5,1.7,2,-1.5,7,-1.5
S02000992,S02001004,5,5,3,0,-2,0,-5,13,8,4,0.5,6,1.9,2,0.4,7,-1.6
S02000992,S02001005,6,0,0,3,-6,-6,-3,9,3,3,1.9,4,1.1,2,-1.3,5,-1
S02000992,S02001007,0,5,0,4,0,5,4,9,9,3,-1.7,4,0.6,2,-1.3,5,-0.5
S02000992,S02001008,0,10,3,0,3,10,0,13,13,4,-2,6,1.9,2,0.4,7,-1.6
S02000992,S02001010,56,15,15,48,-41,-41,-8,134,78,42,2.2,57,1.9,25,-2,77,-1.6
S02000992,S02001011,0,0,0,3,0,0,3,3,3,1,-1,1,-1.1,1,-0.7,2,1
S02000992,S02001013,6,21,6,24,0,15,18,57,51,18,-2.8,24,0.6,11,-1.4,33,-0.5
S02000992,S02001014,3,13,0,5,-3,10,2,21,18,7,-1.4,9,2.4,4,-2,12,-2
S02000992,S02001015,9,31,7,11,-2,22,2,58,49,18,-2.1,25,3.1,11,-1.1,33,-2.7
S02000992,S02001016,6,6,0,7,-6,0,1,19,13,6,0,8,1.4,4,-1.9,11,-1.2
S02000992,S02001018,5,0,0,0,-5,-5,-5,5,0,2,2.8,2,2,1,-1,3,-1.7
S02000992,S02001185,4,0,0,0,-4,-4,-4,4,0,1,2.5,2,1.8,1,-0.9,2,-1.5
S02000993,S02000264,0,0,0,3,0,0,3,3,3,1,-1,1,-1.1,1,-0.7,2,1
S02000993,S02000312,0,0,0,4,0,0,4,4,4,1,-1.1,2,-1.3,1,-0.9,2,1.1
S02000993,S02000313,0,0,0,5,0,0,5,5,5,2,-1.2,2,-1.5,1,-1,3,1.3
S02000993,S02000324,4,0,0,0,-4,-4,-4,4,0,1,2.5,2,1.8,1,-0.9,2,-1.5
S02000993,S02000328,12,0,0,6,-12,-12,-6,18,6,6,2.7,8,1.6,3,-1.8,10,-1.4
S02000993,S02000329,3,0,0,0,-3,-3,-3,3,0,1,2.1,1,1.5,1,-0.7,2,-1.3
S02000993,S02000597,0,0,0,4,0,0,4,4,4,1,-1.1,2,-1.3,1,-0.9,2,1.1
S02000993,S02000599,4,0,0,0,-4,-4,-4,4,0,1,2.5,2,1.8,1,-0.9,2,-1.5
S02000993,S02000602,4,0,0,0,-4,-4,-4,4,0,1,2.5,2,1.8,1,-0.9,2,-1.5
S02000993,S02000607,6,0,0,0,-6,-6,-6,6,0,2,3,3,2.2,1,-1.1,3,-1.9
S02000993,S02000615,0,3,0,0,0,3,0,3,3,1,-1,1,1.5,1,-0.7,2,-1.3
S02000993,S02000621,3,0,0,0,-3,-3,-3,3,0,1,2.1,1,1.5,1,-0.7,2,-1.3
S02000993,S02000625,0,0,0,7,0,0,7,7,7,2,-1.5,3,-1.7,1,-1.1,4,1.5
S02000993,S02000627,0,0,0,3,0,0,3,3,3,1,-1,1,-1.1,1,-0.7,2,1
S02000993,S02000628,0,3,0,0,0,3,0,3,3,1,-1,1,1.5,1,-0.7,2,-1.3
S02000993,S02000634,0,0,0,4,0,0,4,4,4,1,-1.1,2,-1.3,1,-0.9,2,1.1
S02000993,S02000642,0,0,0,3,0,0,3,3,3,1,-1,1,-1.1,1,-0.7,2,1
S02000993,S02000644,0,0,6,0,6,0,0,6,6,2,-1.4,3,-1.6,1,4.6,3,1.4
S02000993,S02000651,0,0,4,0,4,0,0,4,4,1,-1.1,2,-1.3,1,3.8,2,1.1
S02000993,S02000655,58,10,73,36,15,-48,-22,177,119,55,0.4,75,-0.8,33,7,102,0.7
S02000993,S02000656,6,7,0,0,-6,1,-6,13,7,4,1,6,3.2,2,-1.6,7,-2.7
S02000993,S02000658,21,4,8,33,-13,-17,12,66,45,21,0.1,28,-0.6,12,-1.2,38,0.5
S02000993,S02000660,17,5,0,4,-17,-12,-13,26,9,8,3.1,11,3.3,5,-2.2,15,-2.8
S02000993,S02000661,8,0,8,8,0,-8,0,24,16,7,0.2,10,-0.7,4,1.7,14,0.6
S02000993,S02000663,0,3,0,0,0,3,0,3,3,1,-1,1,1.5,1,-0.7,2,-1.3
S02000993,S02000664,5,0,0,0,-5,-5,-5,5,0,2,2.8,2,2,1,-1,3,-1.7
S02000993,S02000665,4,0,3,0,-1,-4,-4,7,3,2,1.2,3,0.6,1,1.5,4,-0.5
S02000993,S02000668,3,0,0,0,-3,-3,-3,3,0,1,2.1,1,1.5,1,-0.7,2,-1.3
S02000993,S02000672,0,0,0,8,0,0,8,8,8,2,-1.6,3,-1.8,1,-1.2,5,1.6
S02000993,S02000676,0,0,4,0,4,0,0,4,4,1,-1.1,2,-1.3,1,3.8,2,1.1
S02000993,S02000684,0,8,0,0,0,8,0,8,8,2,-1.6,3,2.5,1,-1.2,5,-2.1
S02000993,S02000689,9,0,0,4,-9,-9,-5,13,4,4,2.5,6,1.5,2,-1.6,7,-1.3
S02000993,S02000712,0,4,0,0,0,4,0,4,4,1,-1.1,2,1.8,1,-0.9,2,-1.5
S02000993,S02000771,0,0,0,5,0,0,5,5,5,2,-1.2,2,-1.5,1,-1,3,1.3
S02000993,S02000775,0,0,0,4,0,0,4,4,4,1,-1.1,2,-1.3,1,-0.9,2,1.1
S02000993,S02000777,0,0,0,3,0,0,3,3,3,1,-1,1,-1.1,1,-0.7,2,1
S02000993,S02000781,7,0,3,4,-4,-7,-3,14,7,4,1.3,6,0.4,3,0.3,8,-0.4
S02000993,S02000782,0,0,3,0,3,0,0,3,3,1,-1,1,-1.1,1,3.3,2,1
S02000993,S02000783,3,0,0,0,-3,-3,-3,3,0,1,2.1,1,1.5,1,-0.7,2,-1.3
S02000993,S02000784,0,0,0,5,0,0,5,5,5,2,-1.2,2,-1.5,1,-1,3,1.3
S02000993,S02000984,14,0,0,6,-14,-14,-8,20,6,6,3.1,9,1.9,4,-1.9,11,-1.6
S02000993,S02000985,0,0,0,7,0,0,7,7,7,2,-1.5,3,-1.7,1,-1.1,4,1.5
S02000993,S02000986,5,0,0,8,-5,-5,3,13,8,4,0.5,6,-0.2,2,-1.6,7,0.2
S02000993,S02000989,4,0,0,0,-4,-4,-4,4,0,1,2.5,2,1.8,1,-0.9,2,-1.5
S02000993,S02000990,4,0,0,8,-4,-4,4,12,8,4,0.1,5,-0.5,2,-1.5,7,0.4
S02000993,S02000991,4,3,3,12,-1,-1,8,22,18,7,-1.1,9,-0.8,4,-0.5,13,0.7
S02000993,S02000992,3,0,0,0,-3,-3,-3,3,0,1,2.1,1,1.5,1,-0.7,2,-1.3
S02000993,S02000993,79,0,0,7,-79,-79,-72,86,7,27,10.1,37,7,16,-4,49,-6
S02000993,S02000994,3,0,0,6,-3,-3,3,9,6,3,0.1,4,-0.4,2,-1.3,5,0.4
S02000993,S02000995,0,0,0,3,0,0,3,3,3,1,-1,1,-1.1,1,-0.7,2,1
S02000993,S02000997,4,16,0,15,-4,12,11,35,31,11,-2.1,15,1.3,6,-2.5,20,-1.1
S02000993,S02000998,5,0,5,0,0,-5,-5,10,5,3,1.1,4,0.4,2,2.3,6,-0.3
S02000993,S02000999,6,3,5,19,-1,-3,13,33,27,10,-1.3,14,-1.3,6,-0.4,19,1.2
S02000993,S02001000,66,21,18,75,-48,-45,9,180,114,56,1.3,77,1.2,33,-2.7,103,-1
S02000993,S02001001,0,3,0,8,0,3,8,11,11,3,-1.9,5,-0.8,2,-1.4,6,0.7
S02000993,S02001003,7,0,0,8,-7,-7,1,15,8,5,1.1,6,0.2,3,-1.7,9,-0.2
S02000993,S02001004,0,3,4,7,4,3,7,14,14,4,-2.1,6,-1.2,3,0.9,8,1
S02000993,S02001005,0,0,0,8,0,0,8,8,8,2,-1.6,3,-1.8,1,-1.2,5,1.6
S02000993,S02001006,0,0,0,4,0,0,4,4,4,1,-1.1,2,-1.3,1,-0.9,2,1.1
S02000993,S02001007,0,12,0,3,0,12,3,15,15,5,-2.2,6,2.2,3,-1.7,9,-1.9
S02000993,S02001008,0,5,0,0,0,5,0,5,5,2,-1.2,2,2,1,-1,3,-1.7
S02000993,S02001010,35,29,14,34,-21,-6,-1,112,77,35,0,48,2.4,21,-1.5,64,-2
S02000993,S02001011,0,0,0,4,0,0,4,4,4,1,-1.1,2,-1.3,1,-0.9,2,1.1
S02000993,S02001012,0,0,0,3,0,0,3,3,3,1,-1,1,-1.1,1,-0.7,2,1
S02000993,S02001013,5,19,3,32,-2,14,27,59,54,18,-3.1,25,-0.2,11,-2.4,34,0.2
S02000993,S02001014,11,7,6,3,-5,-4,-8,27,16,8,0.9,11,1.9,5,0.4,16,-1.7
S02000993,S02001015,8,28,4,5,-4,20,-3,45,37,14,-1.6,19,3.9,8,-1.5,26,-3.3
S02000993,S02001016,8,7,0,5,-8,-1,-3,20,12,6,0.7,9,2.2,4,-1.9,11,-1.9
S02000993,S02001018,0,0,0,7,0,0,7,7,7,2,-1.5,3,-1.7,1,-1.1,4,1.5
S02000993,S02001185,3,0,4,3,1,-3,0,10,7,3,-0.1,4,-0.6,2,1.6,6,0.5
S02000993,S02001195,0,0,0,3,0,0,3,3,3,1,-1,1,-1.1,1,-0.7,2,1
S02000994,S02000587,0,3,0,0,0,3,0,3,3,1,-1,1,1.5,1,-0.7,2,-1.3
S02000994,S02000634,0,0,0,3,0,0,3,3,3,1,-1,1,-1.1,1,-0.7,2,1
S02000994,S02000635,0,0,0,3,0,0,3,3,3,1,-1,1,-1.1,1,-0.7,2,1
S02000994,S02000638,3,0,0,0,-3,-3,-3,3,0,1,2.1,1,1.5,1,-0.7,2,-1.3
S02000994,S02000648,0,3,0,0,0,3,0,3,3,1,-1,1,1.5,1,-0.7,2,-1.3
S02000994,S02000655,12,6,41,21,29,-6,9,80,68,25,-2.6,34,-2.7,15,6.8,46,2.4
S02000994,S02000656,5,6,0,3,-5,1,-2,14,9,4,0.3,6,2.1,3,-1.6,8,-1.8
S02000994,S02000658,8,0,3,17,-5,-8,9,28,20,9,-0.2,12,-1.1,5,-1,16,1
S02000994,S02000660,12,8,4,3,-8,-4,-9,27,15,8,1.2,11,2.5,5,-0.4,16,-2.2
S02000994,S02000661,0,0,3,0,3,0,0,3,3,1,-1,1,-1.1,1,3.3,2,1
S02000994,S02000672,0,0,0,12,0,0,12,12,12,4,-1.9,5,-2.3,2,-1.5,7,1.9
S02000994,S02000689,4,0,0,0,-4,-4,-4,4,0,1,2.5,2,1.8,1,-0.9,2,-1.5
S02000994,S02000700,0,3,0,0,0,3,0,3,3,1,-1,1,1.5,1,-0.7,2,-1.3
S02000994,S02000772,0,4,0,0,0,4,0,4,4,1,-1.1,2,1.8,1,-0.9,2,-1.5
S02000994,S02000781,3,0,4,0,1,-3,-3,7,4,2,0.6,3,0,1,2.4,4,0
S02000994,S02000784,0,0,0,4,0,0,4,4,4,1,-1.1,2,-1.3,1,-0.9,2,1.1
S02000994,S02000984,24,3,0,5,-24,-21,-19,32,8,10,4.4,14,3.6,6,-2.4,18,-3.1
S02000994,S02000988,7,0,0,13,-7,-7,6,20,13,6,0.3,9,-0.5,4,-1.9,11,0.4
S02000994,S02000991,3,0,0,0,-3,-3,-3,3,0,1,2.1,1,1.5,1,-0.7,2,-1.3
S02000994,S02000992,3,0,0,3,-3,-3,0,6,3,2,0.8,3,0.3,1,-1.1,3,-0.2
S02000994,S02000993,26,0,0,0,-26,-26,-26,26,0,8,6.3,11,4.5,5,-2.2,15,-3.9
S02000994,S02000994,29,27,4,22,-25,-2,-7,82,53,26,0.7,35,3.6,15,-2.9,47,-3.1
S02000994,S02000995,3,0,0,3,-3,-3,0,6,3,2,0.8,3,0.3,1,-1.1,3,-0.2
S02000994,S02000997,3,0,0,5,-3,-3,2,8,5,2,0.3,3,-0.2,1,-1.2,5,0.2
S02000994,S02000998,36,15,7,66,-29,-21,30,124,88,39,-0.4,53,-0.2,23,-3.3,71,0.2
S02000994,S02000999,8,0,6,30,-2,-8,22,44,36,14,-1.5,19,-2.5,8,-0.8,25,2.1
S02000994,S02001000,19,0,5,29,-14,-19,10,53,34,17,0.6,23,-0.7,10,-1.5,30,0.6
S02000994,S02001001,4,0,0,4,-4,-4,0,8,4,2,1,3,0.3,1,-1.2,5,-0.3
S02000994,S02001003,5,0,0,0,-5,-5,-5,5,0,2,2.8,2,2,1,-1,3,-1.7
S02000994,S02001004,0,0,0,5,0,0,5,5,5,2,-1.2,2,-1.5,1,-1,3,1.3
S02000994,S02001005,0,3,0,4,0,3,4,7,7,2,-1.5,3,0,1,-1.1,4,0
S02000994,S02001006,0,0,0,4,0,0,4,4,4,1,-1.1,2,-1.3,1,-0.9,2,1.1
S02000994,S02001007,0,4,0,3,0,4,3,7,7,2,-1.5,3,0.6,1,-1.1,4,-0.5
S02000994,S02001008,0,13,0,8,0,13,8,21,21,7,-2.6,9,1.4,4,-2,12,-1.2
S02000994,S02001010,37,13,15,22,-22,-24,-15,87,50,27,1.9,37,2.1,16,-0.3,50,-1.8
S02000994,S02001012,3,0,0,3,-3,-3,0,6,3,2,0.8,3,0.3,1,-1.1,3,-0.2
S02000994,S02001013,0,3,5,14,5,3,14,22,22,7,-2.6,9,-2.1,4,0.5,13,1.8
S02000994,S02001014,4,3,4,0,0,-1,-4,11,7,3,0.3,5,1.1,2,1.4,6,-0.9
S02000994,S02001015,4,31,10,13,6,27,9,58,54,18,-3.3,25,2.1,11,-0.2,33,-1.8
S02000994,S02001016,0,3,0,4,0,3,4,7,7,2,-1.5,3,0,1,-1.1,4,0
S02000994,S02001185,5,0,0,0,-5,-5,-5,5,0,2,2.8,2,2,1,-1,3,-1.7
S02000995,S02000327,0,0,0,5,0,0,5,5,5,2,-1.2,2,-1.5,1,-1,3,1.3
S02000995,S02000328,10,4,0,8,-10,-6,-2,22,12,7,1.2,9,1.5,4,-2,13,-1.3
S02000995,S02000587,0,10,0,0,0,10,0,10,10,3,-1.8,4,2.8,2,-1.4,6,-2.4
S02000995,S02000590,0,0,0,5,0,0,5,5,5,2,-1.2,2,-1.5,1,-1,3,1.3
S02000995,S02000596,0,0,0,5,0,0,5,5,5,2,-1.2,2,-1.5,1,-1,3,1.3
S02000995,S02000597,0,0,4,10,4,0,10,14,14,4,-2.1,6,-2.4,3,0.9,8,2.1
S02000995,S02000599,6,0,0,0,-6,-6,-6,6,0,2,3,3,2.2,1,-1.1,3,-1.9
S02000995,S02000602,0,0,0,3,0,0,3,3,3,1,-1,1,-1.1,1,-0.7,2,1
S02000995,S02000603,0,0,0,3,0,0,3,3,3,1,-1,1,-1.1,1,-0.7,2,1
S02000995,S02000607,6,0,0,3,-6,-6,-3,9,3,3,1.9,4,1.1,2,-1.3,5,-1
S02000995,S02000611,4,5,0,0,-4,1,-4,9,5,3,0.7,4,2.6,2,-1.3,5,-2.3
S02000995,S02000617,3,0,0,0,-3,-3,-3,3,0,1,2.1,1,1.5,1,-0.7,2,-1.3
S02000995,S02000625,3,0,0,6,-3,-3,3,9,6,3,0.1,4,-0.4,2,-1.3,5,0.4
S02000995,S02000628,8,0,0,0,-8,-8,-8,8,0,2,3.5,3,2.5,1,-1.2,5,-2.1
S02000995,S02000631,0,0,3,0,3,0,0,3,3,1,-1,1,-1.1,1,3.3,2,1
S02000995,S02000633,0,0,3,0,3,0,0,3,3,1,-1,1,-1.1,1,3.3,2,1
S02000995,S02000634,0,0,0,4,0,0,4,4,4,1,-1.1,2,-1.3,1,-0.9,2,1.1
S02000995,S02000638,4,0,0,0,-4,-4,-4,4,0,1,2.5,2,1.8,1,-0.9,2,-1.5
S02000995,S02000639,0,4,0,0,0,4,0,4,4,1,-1.1,2,1.8,1,-0.9,2,-1.5
S02000995,S02000644,3,4,0,0,-3,1,-3,7,4,2,0.6,3,2.3,1,-1.1,4,-2
S02000995,S02000649,0,0,0,3,0,0,3,3,3,1,-1,1,-1.1,1,-0.7,2,1
S02000995,S02000651,4,0,7,0,3,-4,-4,11,7,3,0.3,5,-0.3,2,3.5,6,0.3
S02000995,S02000655,35,7,92,26,57,-28,-9,160,125,50,-2.1,68,-3.2,30,11.5,92,2.7
S02000995,S02000656,12,11,3,7,-9,-1,-5,33,21,10,0.5,14,2.4,6,-1.3,19,-2.1
S02000995,S02000658,20,4,9,38,-11,-16,18,71,51,22,-0.4,30,-1.1,13,-1.1,41,1
S02000995,S02000659,4,0,3,0,-1,-4,-4,7,3,2,1.2,3,0.6,1,1.5,4,-0.5
S02000995,S02000660,27,7,4,11,-23,-20,-16,49,22,15,3,21,2.9,9,-1.7,28,-2.5
S02000995,S02000661,8,0,8,4,0,-8,-4,20,12,6,0.7,9,-0.2,4,2.2,11,0.1
S02000995,S02000663,0,3,0,0,0,3,0,3,3,1,-1,1,1.5,1,-0.7,2,-1.3
S02000995,S02000664,3,0,0,0,-3,-3,-3,3,0,1,2.1,1,1.5,1,-0.7,2,-1.3
S02000995,S02000666,0,3,0,5,0,3,5,8,8,2,-1.6,3,-0.2,1,-1.2,5,0.2
S02000995,S02000668,4,0,0,0,-4,-4,-4,4,0,1,2.5,2,1.8,1,-0.9,2,-1.5
S02000995,S02000670,3,0,0,0,-3,-3,-3,3,0,1,2.1,1,1.5,1,-0.7,2,-1.3
S02000995,S02000672,0,0,0,16,0,0,16,16,16,5,-2.2,7,-2.6,3,-1.7,9,2.2
S02000995,S02000673,0,0,0,3,0,0,3,3,3,1,-1,1,-1.1,1,-0.7,2,1
S02000995,S02000684,0,5,0,0,0,5,0,5,5,2,-1.2,2,2,1,-1,3,-1.7
S02000995,S02000689,10,0,0,0,-10,-10,-10,10,0,3,3.9,4,2.8,2,-1.4,6,-2.4
S02000995,S02000710,0,3,3,0,3,3,0,6,6,2,-1.4,3,0.3,1,1.8,3,-0.2
S02000995,S02000772,5,0,0,0,-5,-5,-5,5,0,2,2.8,2,2,1,-1,3,-1.7
S02000995,S02000775,0,0,0,4,0,0,4,4,4,1,-1.1,2,-1.3,1,-0.9,2,1.1
S02000995,S02000777,0,0,0,3,0,0,3,3,3,1,-1,1,-1.1,1,-0.7,2,1
S02000995,S02000781,13,0,5,5,-8,-13,-8,23,10,7,2.2,10,1,4,0.4,13,-0.9
S02000995,S02000984,11,3,0,11,-11,-8,0,25,14,8,1.2,11,1,5,-2.2,14,-0.9
S02000995,S02000985,7,0,0,3,-7,-7,-4,10,3,3,2.2,4,1.3,2,-1.4,6,-1.1
S02000995,S02000986,0,0,3,6,3,0,6,9,9,3,-1.7,4,-2,2,1,5,1.7
S02000995,S02000987,6,0,0,3,-6,-6,-3,9,3,3,1.9,4,1.1,2,-1.3,5,-1
S02000995,S02000988,0,0,0,6,0,0,6,6,6,2,-1.4,3,-1.6,1,-1.1,3,1.4
S02000995,S02000990,4,0,0,7,-4,-4,3,11,7,3,0.3,5,-0.3,2,-1.4,6,0.3
S02000995,S02000991,11,5,0,10,-11,-6,-1,26,15,8,1,11,1.5,5,-2.2,15,-1.3
S02000995,S02000992,0,0,0,3,0,0,3,3,3,1,-1,1,-1.1,1,-0.7,2,1
S02000995,S02000993,128,8,0,16,-128,-120,-112,152,24,47,11.7,65,8.9,28,-5.3,87,-7.6
S02000995,S02000994,10,0,0,8,-10,-10,-2,18,8,6,1.9,8,0.8,3,-1.8,10,-0.7
S02000995,S02000995,26,3,7,18,-19,-23,-8,54,28,17,2.2,23,1.3,10,-0.9,31,-1.1
S02000995,S02000996,3,0,0,0,-3,-3,-3,3,0,1,2.1,1,1.5,1,-0.7,2,-1.3
S02000995,S02000997,8,15,0,9,-8,7,1,32,24,10,-0.6,14,2.5,6,-2.4,18,-2.2
S02000995,S02000998,22,6,0,10,-22,-16,-12,38,16,12,3,16,2.9,7,-2.7,22,-2.5
S02000995,S02000999,15,0,6,40,-9,-15,25,61,46,19,-0.9,26,-2.1,11,-1.6,35,1.8
S02000995,S02001000,82,25,24,95,-58,-57,13,226,144,70,1.4,96,1.1,42,-2.8,130,-1
S02000995,S02001001,4,6,0,25,-4,2,21,35,31,11,-2.1,15,-1.3,6,-2.5,20,1.1
S02000995,S02001002,0,0,0,6,0,0,6,6,6,2,-1.4,3,-1.6,1,-1.1,3,1.4
S02000995,S02001003,20,3,0,5,-20,-17,-15,28,8,9,3.8,12,3.2,5,-2.3,16,-2.8
S02000995,S02001004,8,0,3,18,-5,-8,10,29,21,9,-0.3,12,-1.2,5,-1,17,1.1
S02000995,S02001005,9,3,0,10,-9,-6,1,22,13,7,0.8,9,0.9,4,-2,13,-0.7
S02000995,S02001006,4,0,0,0,-4,-4,-4,4,0,1,2.5,2,1.8,1,-0.9,2,-1.5
S02000995,S02001007,6,14,4,7,-2,8,1,31,25,10,-1.2,13,1.9,6,-0.7,18,-1.6
S02000995,S02001008,0,6,0,3,0,6,3,9,9,3,-1.7,4,1.1,2,-1.3,5,-1
S02000995,S02001010,85,33,21,52,-64,-52,-33,191,106,59,3.3,81,4.1,35,-2.4,110,-3.5
S02000995,S02001011,0,0,0,3,0,0,3,3,3,1,-1,1,-1.1,1,-0.7,2,1
S02000995,S02001012,0,0,0,6,0,0,6,6,6,2,-1.4,3,-1.6,1,-1.1,3,1.4
S02000995,S02001013,7,19,13,41,6,12,34,80,73,25,-3.6,34,-1.4,15,-0.5,46,1.2
S02000995,S02001014,9,10,0,5,-9,1,-4,24,15,7,0.6,10,2.8,4,-2.1,14,-2.4
S02000995,S02001015,12,47,9,10,-3,35,-2,78,66,24,-2.5,33,4.5,14,-1.4,45,-3.9
S02000995,S02001016,4,4,5,18,1,0,14,31,27,10,-1.8,13,-1.4,6,-0.3,18,1.2
S02000995,S02001017,6,0,0,0,-6,-6,-6,6,0,2,3,3,2.2,1,-1.1,3,-1.9
S02000995,S02001018,0,0,0,8,0,0,8,8,8,2,-1.6,3,-1.8,1,-1.2,5,1.6
S02000995,S02001185,0,0,4,8,4,0,8,12,12,4,-1.9,5,-2.3,2,1.2,7,1.9
S02000996,S02000324,0,0,0,4,0,0,4,4,4,1,-1.1,2,-1.3,1,-0.9,2,1.1
S02000996,S02000607,4,0,0,0,-4,-4,-4,4,0,1,2.5,2,1.8,1,-0.9,2,-1.5
S02000996,S02000625,0,0,0,4,0,0,4,4,4,1,-1.1,2,-1.3,1,-0.9,2,1.1
S02000996,S02000628,4,0,0,0,-4,-4,-4,4,0,1,2.5,2,1.8,1,-0.9,2,-1.5
S02000996,S02000638,3,0,0,0,-3,-3,-3,3,0,1,2.1,1,1.5,1,-0.7,2,-1.3
S02000996,S02000651,0,0,0,4,0,0,4,4,4,1,-1.1,2,-1.3,1,-0.9,2,1.1
S02000996,S02000655,18,6,60,27,42,-12,9,111,93,35,-2.8,47,-3.4,21,8.7,64,2.9
S02000996,S02000656,0,4,0,4,0,4,4,8,8,2,-1.6,3,0.3,1,-1.2,5,-0.3
S02000996,S02000658,18,0,10,22,-8,-18,4,50,32,16,0.6,21,-0.7,9,0.2,29,0.6
S02000996,S02000660,12,4,6,7,-6,-8,-5,29,17,9,1,12,1,5,0.3,17,-0.9
S02000996,S02000661,4,0,4,0,0,-4,-4,8,4,2,1,3,0.3,1,2.1,5,-0.3
S02000996,S02000664,5,0,0,0,-5,-5,-5,5,0,2,2.8,2,2,1,-1,3,-1.7
S02000996,S02000668,0,0,0,4,0,0,4,4,4,1,-1.1,2,-1.3,1,-0.9,2,1.1
S02000996,S02000670,3,0,0,0,-3,-3,-3,3,0,1,2.1,1,1.5,1,-0.7,2,-1.3
S02000996,S02000672,0,0,0,17,0,0,17,17,17,5,-2.3,7,-2.7,3,-1.8,10,2.3
S02000996,S02000684,0,3,0,0,0,3,0,3,3,1,-1,1,1.5,1,-0.7,2,-1.3
S02000996,S02000771,0,0,0,8,0,0,8,8,8,2,-1.6,3,-1.8,1,-1.2,5,1.6
S02000996,S02000772,9,0,0,0,-9,-9,-9,9,0,3,3.7,4,2.6,2,-1.3,5,-2.3
S02000996,S02000776,4,0,0,0,-4,-4,-4,4,0,1,2.5,2,1.8,1,-0.9,2,-1.5
S02000996,S02000780,3,0,0,0,-3,-3,-3,3,0,1,2.1,1,1.5,1,-0.7,2,-1.3
S02000996,S02000781,12,0,6,5,-6,-12,-7,23,11,7,1.8,10,0.7,4,0.8,13,-0.6
S02000996,S02000783,4,0,0,0,-4,-4,-4,4,0,1,2.5,2,1.8,1,-0.9,2,-1.5
S02000996,S02000784,0,0,0,6,0,0,6,6,6,2,-1.4,3,-1.6,1,-1.1,3,1.4
S02000996,S02000983,0,0,0,3,0,0,3,3,3,1,-1,1,-1.1,1,-0.7,2,1
S02000996,S02000984,11,0,0,4,-11,-11,-7,15,4,5,2.9,6,1.8,3,-1.7,9,-1.6
S02000996,S02000986,0,0,0,3,0,0,3,3,3,1,-1,1,-1.1,1,-0.7,2,1
S02000996,S02000987,3,0,0,0,-3,-3,-3,3,0,1,2.1,1,1.5,1,-0.7,2,-1.3
S02000996,S02000988,6,0,0,17,-6,-6,11,23,17,7,-0.4,10,-1.2,4,-2.1,13,1
S02000996,S02000990,0,0,0,4,0,0,4,4,4,1,-1.1,2,-1.3,1,-0.9,2,1.1
S02000996,S02000992,5,0,0,3,-5,-5,-2,8,3,2,1.6,3,0.9,1,-1.2,5,-0.7
S02000996,S02000993,37,0,0,0,-37,-37,-37,37,0,12,7.5,16,5.4,7,-2.6,21,-4.6
S02000996,S02000994,17,11,0,6,-17,-6,-11,34,17,11,2,14,3.6,6,-2.5,20,-3.1
S02000996,S02000995,0,0,0,3,0,0,3,3,3,1,-1,1,-1.1,1,-0.7,2,1
S02000996,S02000996,8,3,6,25,-2,-5,17,42,34,13,-1.4,18,-1.6,8,-0.6,24,1.4
S02000996,S02000997,4,4,0,6,-4,0,2,14,10,4,-0.2,6,0.8,3,-1.6,8,-0.7
S02000996,S02000998,15,12,6,25,-9,-3,10,58,43,18,-0.7,25,0.5,11,-1.4,33,-0.4
S02000996,S02000999,9,3,4,18,-5,-6,9,34,25,11,-0.5,14,-0.6,6,-0.9,20,0.6
S02000996,S02001000,27,8,9,31,-18,-19,4,75,48,23,0.8,32,0.5,14,-1.3,43,-0.5
S02000996,S02001001,0,0,0,3,0,0,3,3,3,1,-1,1,-1.1,1,-0.7,2,1
S02000996,S02001003,4,0,0,6,-4,-4,2,10,6,3,0.5,4,-0.1,2,-1.4,6,0.1
S02000996,S02001004,6,0,3,0,-3,-6,-6,9,3,3,1.9,4,1.1,2,1,5,-1
S02000996,S02001005,3,0,0,7,-3,-3,4,10,7,3,-0.1,4,-0.6,2,-1.4,6,0.5
S02000996,S02001006,0,0,0,5,0,0,5,5,5,2,-1.2,2,-1.5,1,-1,3,1.3
S02000996,S02001007,0,3,0,4,0,3,4,7,7,2,-1.5,3,0,1,-1.1,4,0
S02000996,S02001008,0,19,0,9,0,19,9,28,28,9,-3,12,2.1,5,-2.3,16,-1.8
S02000996,S02001010,36,12,16,28,-20,-24,-8,92,56,29,1.4,39,1.4,17,-0.2,53,-1.2
S02000996,S02001012,0,0,0,9,0,0,9,9,9,3,-1.7,4,-2,2,-1.3,5,1.7
S02000996,S02001013,0,8,5,20,5,8,20,33,33,10,-3.2,14,-1.6,6,-0.4,19,1.4
S02000996,S02001014,0,5,0,3,0,5,3,8,8,2,-1.6,3,0.9,1,-1.2,5,-0.7
S02000996,S02001015,8,20,4,9,-4,12,1,41,33,13,-1.3,17,2.5,8,-1.3,24,-2.2
S02000996,S02001017,3,0,0,0,-3,-3,-3,3,0,1,2.1,1,1.5,1,-0.7,2,-1.3
S02000996,S02001185,7,0,7,3,0,-7,-4,17,10,5,0.7,7,-0.1,3,2.2,10,0.1
S02000996,S02001194,4,0,0,0,-4,-4,-4,4,0,1,2.5,2,1.8,1,-0.9,2,-1.5
S02000997,S02000324,0,4,0,3,0,4,3,7,7,2,-1.5,3,0.6,1,-1.1,4,-0.5
S02000997,S02000328,12,0,3,0,-9,-12,-12,15,3,5,3.4,6,2.2,3,0.1,9,-1.9
S02000997,S02000597,0,0,0,6,0,0,6,6,6,2,-1.4,3,-1.6,1,-1.1,3,1.4
S02000997,S02000607,4,0,0,0,-4,-4,-4,4,0,1,2.5,2,1.8,1,-0.9,2,-1.5
S02000997,S02000608,7,0,0,3,-7,-7,-4,10,3,3,2.2,4,1.3,2,-1.4,6,-1.1
S02000997,S02000612,0,0,0,4,0,0,4,4,4,1,-1.1,2,-1.3,1,-0.9,2,1.1
S02000997,S02000625,0,0,0,3,0,0,3,3,3,1,-1,1,-1.1,1,-0.7,2,1
S02000997,S02000634,0,0,0,8,0,0,8,8,8,2,-1.6,3,-1.8,1,-1.2,5,1.6
S02000997,S02000638,3,0,0,0,-3,-3,-3,3,0,1,2.1,1,1.5,1,-0.7,2,-1.3
S02000997,S02000642,0,6,0,0,0,6,0,6,6,2,-1.4,3,2.2,1,-1.1,3,-1.9
S02000997,S02000651,0,0,7,0,7,0,0,7,7,2,-1.5,3,-1.7,1,5,4,1.5
S02000997,S02000655,17,0,49,17,32,-17,0,83,66,26,-1.7,35,-3.1,15,8.6,48,2.6
S02000997,S02000656,3,3,0,0,-3,0,-3,6,3,2,0.8,3,2.2,1,-1.1,3,-1.9
S02000997,S02000658,14,0,8,20,-6,-14,6,42,28,13,0.3,18,-0.9,8,0.1,24,0.8
S02000997,S02000660,15,3,3,8,-12,-12,-7,29,14,9,2,12,1.6,5,-1,17,-1.4
S02000997,S02000661,0,0,3,5,3,0,5,8,8,2,-1.6,3,-1.8,1,1.2,5,1.6
S02000997,S02000665,0,0,3,0,3,0,0,3,3,1,-1,1,-1.1,1,3.3,2,1
S02000997,S02000670,6,0,0,3,-6,-6,-3,9,3,3,1.9,4,1.1,2,-1.3,5,-1
S02000997,S02000672,0,0,0,4,0,0,4,4,4,1,-1.1,2,-1.3,1,-0.9,2,1.1
S02000997,S02000684,0,6,0,4,0,6,4,10,10,3,-1.8,4,0.8,2,-1.4,6,-0.7
S02000997,S02000689,4,0,0,4,-4,-4,0,8,4,2,1,3,0.3,1,-1.2,5,-0.3
S02000997,S02000781,0,0,4,0,4,0,0,4,4,1,-1.1,2,-1.3,1,3.8,2,1.1
S02000997,S02000784,0,0,0,5,0,0,5,5,5,2,-1.2,2,-1.5,1,-1,3,1.3
S02000997,S02000984,31,0,0,11,-31,-31,-20,42,11,13,5,18,3.1,8,-2.8,24,-2.7
S02000997,S02000989,0,0,0,7,0,0,7,7,7,2,-1.5,3,-1.7,1,-1.1,4,1.5
S02000997,S02000990,3,0,0,5,-3,-3,2,8,5,2,0.3,3,-0.2,1,-1.2,5,0.2
S02000997,S02000991,5,6,0,12,-5,1,7,23,18,7,-0.8,10,0.4,4,-2.1,13,-0.3
S02000997,S02000993,46,0,0,14,-46,-46,-32,60,14,19,6.3,26,4.1,11,-3.3,34,-3.5
S02000997,S02000994,8,0,0,0,-8,-8,-8,8,0,2,3.5,3,2.5,1,-1.2,5,-2.1
S02000997,S02000995,3,0,0,0,-3,-3,-3,3,0,1,2.1,1,1.5,1,-0.7,2,-1.3
S02000997,S02000997,11,8,0,12,-11,-3,1,31,20,10,0.4,13,1.6,6,-2.4,18,-1.4
S02000997,S02000998,6,0,3,9,-3,-6,3,18,12,6,0.2,8,-0.6,3,-0.2,10,0.5
S02000997,S02000999,9,0,3,14,-6,-9,5,26,17,8,0.3,11,-0.6,5,-0.8,15,0.5
S02000997,S02001000,39,13,15,73,-24,-26,34,140,101,44,-0.7,60,-1,26,-2.1,80,0.8
S02000997,S02001001,4,0,0,8,-4,-4,4,12,8,4,0.1,5,-0.5,2,-1.5,7,0.4
S02000997,S02001003,8,3,4,7,-4,-5,-1,22,14,7,0.4,9,0.5,4,0,13,-0.5
S02000997,S02001004,6,0,6,11,0,-6,5,23,17,7,-0.4,10,-1.2,4,0.8,13,1
S02000997,S02001005,0,4,0,0,0,4,0,4,4,1,-1.1,2,1.8,1,-0.9,2,-1.5
S02000997,S02001007,0,9,0,10,0,9,10,19,19,6,-2.4,8,0.3,4,-1.9,11,-0.3
S02000997,S02001008,0,9,0,0,0,9,0,9,9,3,-1.7,4,2.6,2,-1.3,5,-2.3
S02000997,S02001010,39,22,11,52,-28,-17,13,124,85,39,0.1,53,1.1,23,-2.5,71,-1
S02000997,S02001011,4,0,0,5,-4,-4,1,9,5,3,0.7,4,0.1,2,-1.3,5,-0.1
S02000997,S02001013,5,14,4,25,-1,9,20,48,43,15,-2.6,20,-0.3,9,-1.6,28,0.3
S02000997,S02001014,4,5,0,9,-4,1,5,18,14,6,-0.7,8,0.5,3,-1.8,10,-0.4
S02000997,S02001015,4,28,10,8,6,24,4,50,46,16,-2.9,21,2.3,9,0.2,29,-2
S02000997,S02001016,0,4,0,0,0,4,0,4,4,1,-1.1,2,1.8,1,-0.9,2,-1.5
S02000997,S02001017,3,0,0,0,-3,-3,-3,3,0,1,2.1,1,1.5,1,-0.7,2,-1.3
S02000997,S02001185,0,3,0,0,0,3,0,3,3,1,-1,1,1.5,1,-0.7,2,-1.3
S02000998,S02000328,7,0,0,0,-7,-7,-7,7,0,2,3.3,3,2.3,1,-1.1,4,-2
S02000998,S02000599,5,0,0,0,-5,-5,-5,5,0,2,2.8,2,2,1,-1,3,-1.7
S02000998,S02000607,5,0,0,0,-5,-5,-5,5,0,2,2.8,2,2,1,-1,3,-1.7
S02000998,S02000625,0,0,0,7,0,0,7,7,7,2,-1.5,3,-1.7,1,-1.1,4,1.5
S02000998,S02000631,3,0,0,0,-3,-3,-3,3,0,1,2.1,1,1.5,1,-0.7,2,-1.3
S02000998,S02000633,4,0,0,0,-4,-4,-4,4,0,1,2.5,2,1.8,1,-0.9,2,-1.5
S02000998,S02000634,4,0,0,0,-4,-4,-4,4,0,1,2.5,2,1.8,1,-0.9,2,-1.5
S02000998,S02000638,4,0,0,0,-4,-4,-4,4,0,1,2.5,2,1.8,1,-0.9,2,-1.5
S02000998,S02000651,0,3,0,0,0,3,0,3,3,1,-1,1,1.5,1,-0.7,2,-1.3
S02000998,S02000655,19,8,69,16,50,-11,-3,112,93,35,-2.7,48,-3,21,10.6,64,2.6
S02000998,S02000656,6,0,3,0,-3,-6,-6,9,3,3,1.9,4,1.1,2,1,5,-1
S02000998,S02000658,11,4,5,13,-6,-7,2,33,22,10,0.2,14,0.3,6,-0.4,19,-0.2
S02000998,S02000660,8,4,0,3,-8,-4,-5,15,7,5,1.5,6,2.2,3,-1.7,9,-1.9
S02000998,S02000661,8,0,6,0,-2,-8,-8,14,6,4,1.7,6,0.8,3,2.1,8,-0.7
S02000998,S02000667,3,0,0,0,-3,-3,-3,3,0,1,2.1,1,1.5,1,-0.7,2,-1.3
S02000998,S02000672,0,0,0,8,0,0,8,8,8,2,-1.6,3,-1.8,1,-1.2,5,1.6
S02000998,S02000689,4,0,0,0,-4,-4,-4,4,0,1,2.5,2,1.8,1,-0.9,2,-1.5
S02000998,S02000772,4,0,0,0,-4,-4,-4,4,0,1,2.5,2,1.8,1,-0.9,2,-1.5
S02000998,S02000777,0,0,4,0,4,0,0,4,4,1,-1.1,2,-1.3,1,3.8,2,1.1
S02000998,S02000781,0,0,3,0,3,0,0,3,3,1,-1,1,-1.1,1,3.3,2,1
S02000998,S02000782,0,3,0,0,0,3,0,3,3,1,-1,1,1.5,1,-0.7,2,-1.3
S02000998,S02000984,22,0,0,4,-22,-22,-18,26,4,8,4.9,11,3.3,5,-2.2,15,-2.8
S02000998,S02000985,6,0,0,0,-6,-6,-6,6,0,2,3,3,2.2,1,-1.1,3,-1.9
S02000998,S02000986,3,0,0,0,-3,-3,-3,3,0,1,2.1,1,1.5,1,-0.7,2,-1.3
S02000998,S02000988,5,0,0,7,-5,-5,2,12,7,4,0.7,5,0,2,-1.5,7,0
S02000998,S02000990,4,0,0,0,-4,-4,-4,4,0,1,2.5,2,1.8,1,-0.9,2,-1.5
S02000998,S02000991,8,6,0,6,-8,-2,-2,20,12,6,0.7,9,1.9,4,-1.9,11,-1.6
S02000998,S02000992,9,0,0,6,-9,-9,-3,15,6,5,2,6,1,3,-1.7,9,-0.9
S02000998,S02000993,31,0,0,4,-31,-31,-27,35,4,11,6.1,15,4.2,6,-2.5,20,-3.6
S02000998,S02000994,36,17,4,11,-32,-19,-25,68,32,21,3.2,29,4.5,13,-2.4,39,-3.9
S02000998,S02000995,4,0,0,0,-4,-4,-4,4,0,1,2.5,2,1.8,1,-0.9,2,-1.5
S02000998,S02000996,0,3,0,3,0,3,3,6,6,2,-1.4,3,0.3,1,-1.1,3,-0.2
S02000998,S02000997,0,0,0,4,0,0,4,4,4,1,-1.1,2,-1.3,1,-0.9,2,1.1
S02000998,S02000998,32,16,10,54,-22,-16,22,112,80,35,-0.5,48,0.1,21,-2.4,64,0
S02000998,S02000999,10,3,5,39,-5,-7,29,57,47,18,-1.8,24,-2.3,11,-1.7,33,2
S02000998,S02001000,40,7,8,38,-32,-33,-2,93,53,29,2.1,40,1.2,17,-2.2,53,-1
S02000998,S02001001,0,0,0,4,0,0,4,4,4,1,-1.1,2,-1.3,1,-0.9,2,1.1
S02000998,S02001003,10,0,0,0,-10,-10,-10,10,0,3,3.9,4,2.8,2,-1.4,6,-2.4
S02000998,S02001004,0,0,3,3,3,0,3,6,6,2,-1.4,3,-1.6,1,1.8,3,1.4
S02000998,S02001005,5,0,0,3,-5,-5,-2,8,3,2,1.6,3,0.9,1,-1.2,5,-0.7
S02000998,S02001007,0,4,0,4,0,4,4,8,8,2,-1.6,3,0.3,1,-1.2,5,-0.3
S02000998,S02001008,0,7,0,5,0,7,5,12,12,4,-1.9,5,0.8,2,-1.5,7,-0.7
S02000998,S02001010,46,12,11,27,-35,-34,-19,96,50,30,2.9,41,2.7,18,-1.6,55,-2.3
S02000998,S02001013,8,13,0,13,-8,5,5,34,26,11,-0.8,14,1.7,6,-2.5,20,-1.5
S02000998,S02001014,6,4,0,0,-6,-2,-6,10,4,3,1.6,4,2.8,2,-1.4,6,-2.4
S02000998,S02001015,13,40,7,10,-6,27,-3,70,57,22,-1.9,30,4.3,13,-1.7,40,-3.7
S02000998,S02001016,5,3,0,5,-5,-2,0,13,8,4,0.5,6,1.1,2,-1.6,7,-0.9
S02000998,S02001017,4,0,0,0,-4,-4,-4,4,0,1,2.5,2,1.8,1,-0.9,2,-1.5
S02000998,S02001018,4,0,0,0,-4,-4,-4,4,0,1,2.5,2,1.8,1,-0.9,2,-1.5
S02000998,S02001185,4,0,3,0,-1,-4,-4,7,3,2,1.2,3,0.6,1,1.5,4,-0.5
S02000999,S02000312,0,0,0,3,0,0,3,3,3,1,-1,1,-1.1,1,-0.7,2,1
S02000999,S02000322,0,0,0,3,0,0,3,3,3,1,-1,1,-1.1,1,-0.7,2,1
S02000999,S02000328,9,5,0,5,-9,-4,-4,19,10,6,1.3,8,2.1,4,-1.9,11,-1.8
S02000999,S02000597,6,0,6,4,0,-6,-2,16,10,5,0.5,7,-0.3,3,1.8,9,0.3
S02000999,S02000603,3,0,0,0,-3,-3,-3,3,0,1,2.1,1,1.5,1,-0.7,2,-1.3
S02000999,S02000607,4,0,0,0,-4,-4,-4,4,0,1,2.5,2,1.8,1,-0.9,2,-1.5
S02000999,S02000608,9,0,0,3,-9,-9,-6,12,3,4,2.7,5,1.7,2,-1.5,7,-1.5
S02000999,S02000611,0,3,0,0,0,3,0,3,3,1,-1,1,1.5,1,-0.7,2,-1.3
S02000999,S02000622,0,0,0,3,0,0,3,3,3,1,-1,1,-1.1,1,-0.7,2,1
S02000999,S02000625,0,0,0,8,0,0,8,8,8,2,-1.6,3,-1.8,1,-1.2,5,1.6
S02000999,S02000628,3,0,0,0,-3,-3,-3,3,0,1,2.1,1,1.5,1,-0.7,2,-1.3
S02000999,S02000633,0,0,0,3,0,0,3,3,3,1,-1,1,-1.1,1,-0.7,2,1
S02000999,S02000635,4,4,0,0,-4,0,-4,8,4,2,1,3,2.5,1,-1.2,5,-2.1
S02000999,S02000638,4,0,0,0,-4,-4,-4,4,0,1,2.5,2,1.8,1,-0.9,2,-1.5
S02000999,S02000644,0,0,5,3,5,0,3,8,8,2,-1.6,3,-1.8,1,2.9,5,1.6
S02000999,S02000647,0,0,0,3,0,0,3,3,3,1,-1,1,-1.1,1,-0.7,2,1
S02000999,S02000651,0,0,3,3,3,0,3,6,6,2,-1.4,3,-1.6,1,1.8,3,1.4
S02000999,S02000654,3,0,0,0,-3,-3,-3,3,0,1,2.1,1,1.5,1,-0.7,2,-1.3
S02000999,S02000655,52,5,91,33,39,-47,-19,181,129,56,-0.6,77,-2.3,33,9.9,104,2
S02000999,S02000656,8,11,0,0,-8,3,-8,19,11,6,0.9,8,3.8,4,-1.9,11,-3.3
S02000999,S02000658,20,4,5,40,-15,-16,20,69,49,21,-0.3,29,-1,13,-2.2,40,0.8
S02000999,S02000660,22,12,3,7,-19,-10,-15,44,22,14,2.2,19,3.5,8,-1.8,25,-3
S02000999,S02000661,15,0,3,3,-12,-15,-12,21,6,7,3.3,9,2,4,-0.4,12,-1.7
S02000999,S02000664,5,0,0,0,-5,-5,-5,5,0,2,2.8,2,2,1,-1,3,-1.7
S02000999,S02000665,0,0,5,3,5,0,3,8,8,2,-1.6,3,-1.8,1,2.9,5,1.6
S02000999,S02000669,4,0,0,0,-4,-4,-4,4,0,1,2.5,2,1.8,1,-0.9,2,-1.5
S02000999,S02000672,0,0,5,28,5,0,28,33,33,10,-3.2,14,-3.7,6,-0.4,19,3.2
S02000999,S02000684,0,7,0,0,0,7,0,7,7,2,-1.5,3,2.3,1,-1.1,4,-2
S02000999,S02000689,11,0,0,5,-11,-11,-6,16,5,5,2.7,7,1.6,3,-1.7,9,-1.4
S02000999,S02000710,0,0,4,0,4,0,0,4,4,1,-1.1,2,-1.3,1,3.8,2,1.1
S02000999,S02000716,3,0,0,0,-3,-3,-3,3,0,1,2.1,1,1.5,1,-0.7,2,-1.3
S02000999,S02000771,0,0,0,4,0,0,4,4,4,1,-1.1,2,-1.3,1,-0.9,2,1.1
S02000999,S02000772,4,0,0,0,-4,-4,-4,4,0,1,2.5,2,1.8,1,-0.9,2,-1.5
S02000999,S02000777,0,0,3,0,3,0,0,3,3,1,-1,1,-1.1,1,3.3,2,1
S02000999,S02000778,0,4,0,0,0,4,0,4,4,1,-1.1,2,1.8,1,-0.9,2,-1.5
S02000999,S02000781,3,0,4,4,1,-3,1,11,8,3,-0.2,5,-0.8,2,1.4,6,0.7
S02000999,S02000784,0,0,0,6,0,0,6,6,6,2,-1.4,3,-1.6,1,-1.1,3,1.4
S02000999,S02000984,18,0,0,12,-18,-18,-6,30,12,9,2.8,13,1.5,6,-2.4,17,-1.3
S02000999,S02000985,0,0,0,3,0,0,3,3,3,1,-1,1,-1.1,1,-0.7,2,1
S02000999,S02000987,0,0,0,6,0,0,6,6,6,2,-1.4,3,-1.6,1,-1.1,3,1.4
S02000999,S02000988,6,0,0,14,-6,-6,8,20,14,6,-0.1,9,-0.9,4,-1.9,11,0.7
S02000999,S02000990,8,0,0,0,-8,-8,-8,8,0,2,3.5,3,2.5,1,-1.2,5,-2.1
S02000999,S02000991,0,3,0,6,0,3,6,9,9,3,-1.7,4,-0.4,2,-1.3,5,0.4
S02000999,S02000992,15,0,0,10,-15,-15,-5,25,10,8,2.6,11,1.3,5,-2.2,14,-1.2
S02000999,S02000993,81,0,0,5,-81,-81,-76,86,5,27,10.5,37,7.3,16,-4,49,-6.3
S02000999,S02000994,31,10,5,8,-26,-21,-23,54,23,17,3.5,23,3.8,10,-1.6,31,-3.2
S02000999,S02000995,6,0,0,5,-6,-6,-1,11,5,3,1.4,5,0.6,2,-1.4,6,-0.5
S02000999,S02000996,3,0,0,0,-3,-3,-3,3,0,1,2.1,1,1.5,1,-0.7,2,-1.3
S02000999,S02000997,6,9,0,7,-6,3,1,22,16,7,-0.3,9,1.8,4,-2,13,-1.6
S02000999,S02000998,34,8,10,36,-24,-26,2,88,54,27,1.3,37,0.7,16,-1.6,51,-0.6
S02000999,S02000999,21,14,12,64,-9,-7,43,111,90,35,-2.3,47,-1.8,21,-1.9,64,1.5
S02000999,S02001000,51,7,22,81,-29,-44,30,161,110,50,0.1,68,-1.3,30,-1.4,93,1.1
S02000999,S02001001,5,0,0,7,-5,-5,2,12,7,4,0.7,5,0,2,-1.5,7,0
S02000999,S02001003,12,3,0,8,-12,-9,-4,23,11,7,1.8,10,1.7,4,-2.1,13,-1.4
S02000999,S02001004,5,0,6,8,1,-5,3,19,14,6,-0.4,8,-1.1,4,1.3,11,0.9
S02000999,S02001005,4,3,0,12,-4,-1,8,19,15,6,-0.8,8,-0.4,4,-1.9,11,0.3
S02000999,S02001006,0,0,0,4,0,0,4,4,4,1,-1.1,2,-1.3,1,-0.9,2,1.1
S02000999,S02001007,0,5,0,5,0,5,5,10,10,3,-1.8,4,0.4,2,-1.4,6,-0.3
S02000999,S02001008,0,5,0,0,0,5,0,5,5,2,-1.2,2,2,1,-1,3,-1.7
S02000999,S02001010,66,27,18,52,-48,-39,-14,163,97,51,2.1,69,2.8,30,-2.2,94,-2.4
S02000999,S02001011,0,0,0,4,0,0,4,4,4,1,-1.1,2,-1.3,1,-0.9,2,1.1
S02000999,S02001012,0,0,0,4,0,0,4,4,4,1,-1.1,2,-1.3,1,-0.9,2,1.1
S02000999,S02001013,7,24,9,38,2,17,31,78,71,24,-3.5,33,-0.4,14,-1.4,45,0.3
S02000999,S02001014,3,11,4,3,1,8,0,21,18,7,-1.4,9,1.7,4,0.1,12,-1.5
S02000999,S02001015,14,45,14,14,0,31,0,87,73,27,-2.5,37,3.6,16,-0.5,50,-3.1
S02000999,S02001016,6,5,6,5,0,-1,-1,22,16,7,-0.3,9,0.5,4,1,13,-0.5
S02000999,S02001017,0,0,0,3,0,0,3,3,3,1,-1,1,-1.1,1,-0.7,2,1
S02000999,S02001018,0,0,0,5,0,0,5,5,5,2,-1.2,2,-1.5,1,-1,3,1.3
S02000999,S02001020,0,0,0,3,0,0,3,3,3,1,-1,1,-1.1,1,-0.7,2,1
S02000999,S02001161,0,5,0,0,0,5,0,5,5,2,-1.2,2,2,1,-1,3,-1.7
S02000999,S02001185,10,4,6,5,-4,-6,-5,25,15,8,0.8,11,1,5,0.6,14,-0.9
S02000999,S02001192,6,0,3,3,-3,-6,-3,12,6,4,1.2,5,0.4,2,0.5,7,-0.3
S02001000,S02000281,0,0,0,3,0,0,3,3,3,1,-1,1,-1.1,1,-0.7,2,1
S02001000,S02000314,6,0,0,5,-6,-6,-1,11,5,3,1.4,5,0.6,2,-1.4,6,-0.5
S02001000,S02000321,0,0,0,4,0,0,4,4,4,1,-1.1,2,-1.3,1,-0.9,2,1.1
S02001000,S02000322,0,0,0,4,0,0,4,4,4,1,-1.1,2,-1.3,1,-0.9,2,1.1
S02001000,S02000324,0,3,0,3,0,3,3,6,6,2,-1.4,3,0.3,1,-1.1,3,-0.2
S02001000,S02000328,13,5,3,6,-10,-8,-7,27,14,8,1.6,11,1.9,5,-0.9,16,-1.7
S02001000,S02000587,0,4,0,0,0,4,0,4,4,1,-1.1,2,1.8,1,-0.9,2,-1.5
S02001000,S02000596,0,0,0,3,0,0,3,3,3,1,-1,1,-1.1,1,-0.7,2,1
S02001000,S02000597,4,0,3,12,-1,-4,8,19,15,6,-0.8,8,-1.4,4,-0.3,11,1.2
S02001000,S02000607,8,0,0,0,-8,-8,-8,8,0,2,3.5,3,2.5,1,-1.2,5,-2.1
S02001000,S02000608,8,0,0,0,-8,-8,-8,8,0,2,3.5,3,2.5,1,-1.2,5,-2.1
S02001000,S02000609,0,0,0,4,0,0,4,4,4,1,-1.1,2,-1.3,1,-0.9,2,1.1
S02001000,S02000611,0,3,0,0,0,3,0,3,3,1,-1,1,1.5,1,-0.7,2,-1.3
S02001000,S02000617,0,0,3,0,3,0,0,3,3,1,-1,1,-1.1,1,3.3,2,1
S02001000,S02000622,0,0,0,5,0,0,5,5,5,2,-1.2,2,-1.5,1,-1,3,1.3
S02001000,S02000625,0,0,0,7,0,0,7,7,7,2,-1.5,3,-1.7,1,-1.1,4,1.5
S02001000,S02000627,3,0,0,0,-3,-3,-3,3,0,1,2.1,1,1.5,1,-0.7,2,-1.3
S02001000,S02000628,4,0,0,6,-4,-4,2,10,6,3,0.5,4,-0.1,2,-1.4,6,0.1
S02001000,S02000631,3,0,3,3,0,-3,0,9,6,3,0.1,4,-0.4,2,1,5,0.4
S02001000,S02000633,0,0,4,0,4,0,0,4,4,1,-1.1,2,-1.3,1,3.8,2,1.1
S02001000,S02000634,9,0,4,7,-5,-9,-2,20,11,6,1.1,9,0.2,4,0.2,11,-0.1
S02001000,S02000635,0,3,0,4,0,3,4,7,7,2,-1.5,3,0,1,-1.1,4,0
S02001000,S02000638,5,0,0,0,-5,-5,-5,5,0,2,2.8,2,2,1,-1,3,-1.7
S02001000,S02000641,0,3,0,0,0,3,0,3,3,1,-1,1,1.5,1,-0.7,2,-1.3
S02001000,S02000642,4,0,0,0,-4,-4,-4,4,0,1,2.5,2,1.8,1,-0.9,2,-1.5
S02001000,S02000644,11,0,6,0,-5,-11,-11,17,6,5,2.5,7,1.4,3,1.6,10,-1.2
S02001000,S02000648,0,0,0,3,0,0,3,3,3,1,-1,1,-1.1,1,-0.7,2,1
S02001000,S02000651,0,0,7,5,7,0,5,12,12,4,-1.9,5,-2.3,2,3.2,7,1.9
S02001000,S02000655,72,10,155,71,83,-62,-1,308,236,96,-2.4,131,-4.3,57,13,177,3.7
S02001000,S02000656,10,17,5,4,-5,7,-6,36,26,11,-0.4,15,3,7,-0.6,21,-2.6
S02001000,S02000658,30,5,22,56,-8,-25,26,113,83,35,-0.9,48,-1.9,21,0.2,65,1.6
S02001000,S02000659,0,0,4,3,4,0,3,7,7,2,-1.5,3,-1.7,1,2.4,4,1.5
S02001000,S02000660,41,6,9,16,-32,-35,-25,72,31,22,3.9,31,3,13,-1.2,41,-2.5
S02001000,S02000661,0,0,13,8,13,0,8,21,21,7,-2.6,9,-3,4,4.6,12,2.6
S02001000,S02000663,0,3,0,0,0,3,0,3,3,1,-1,1,1.5,1,-0.7,2,-1.3
S02001000,S02000664,3,0,0,3,-3,-3,0,6,3,2,0.8,3,0.3,1,-1.1,3,-0.2
S02001000,S02000665,0,0,0,4,0,0,4,4,4,1,-1.1,2,-1.3,1,-0.9,2,1.1
S02001000,S02000668,3,0,0,0,-3,-3,-3,3,0,1,2.1,1,1.5,1,-0.7,2,-1.3
S02001000,S02000669,4,0,0,0,-4,-4,-4,4,0,1,2.5,2,1.8,1,-0.9,2,-1.5
S02001000,S02000670,0,5,0,0,0,5,0,5,5,2,-1.2,2,2,1,-1,3,-1.7
S02001000,S02000672,0,0,0,11,0,0,11,11,11,3,-1.9,5,-2.2,2,-1.4,6,1.9
S02001000,S02000676,0,0,3,0,3,0,0,3,3,1,-1,1,-1.1,1,3.3,2,1
S02001000,S02000684,0,8,0,4,0,8,4,12,12,4,-1.9,5,1.3,2,-1.5,7,-1.1
S02001000,S02000689,14,0,0,5,-14,-14,-9,19,5,6,3.3,8,2.1,4,-1.9,11,-1.8
S02001000,S02000691,4,0,0,0,-4,-4,-4,4,0,1,2.5,2,1.8,1,-0.9,2,-1.5
S02001000,S02000696,4,0,0,0,-4,-4,-4,4,0,1,2.5,2,1.8,1,-0.9,2,-1.5
S02001000,S02000702,4,0,0,0,-4,-4,-4,4,0,1,2.5,2,1.8,1,-0.9,2,-1.5
S02001000,S02000712,3,0,0,0,-3,-3,-3,3,0,1,2.1,1,1.5,1,-0.7,2,-1.3
S02001000,S02000772,5,0,0,0,-5,-5,-5,5,0,2,2.8,2,2,1,-1,3,-1.7
S02001000,S02000777,0,0,6,0,6,0,0,6,6,2,-1.4,3,-1.6,1,4.6,3,1.4
S02001000,S02000779,0,0,3,0,3,0,0,3,3,1,-1,1,-1.1,1,3.3,2,1
S02001000,S02000781,12,0,7,4,-5,-12,-8,23,11,7,1.8,10,0.7,4,1.3,13,-0.6
S02001000,S02000782,0,3,6,0,6,3,0,9,9,3,-1.7,4,-0.4,2,3.4,5,0.4
S02001000,S02000783,4,0,0,0,-4,-4,-4,4,0,1,2.5,2,1.8,1,-0.9,2,-1.5
S02001000,S02000984,12,0,0,6,-12,-12,-6,18,6,6,2.7,8,1.6,3,-1.8,10,-1.4
S02001000,S02000986,0,0,0,3,0,0,3,3,3,1,-1,1,-1.1,1,-0.7,2,1
S02001000,S02000987,4,0,0,0,-4,-4,-4,4,0,1,2.5,2,1.8,1,-0.9,2,-1.5
S02001000,S02000988,0,0,0,4,0,0,4,4,4,1,-1.1,2,-1.3,1,-0.9,2,1.1
S02001000,S02000989,3,0,0,0,-3,-3,-3,3,0,1,2.1,1,1.5,1,-0.7,2,-1.3
S02001000,S02000990,5,0,0,0,-5,-5,-5,5,0,2,2.8,2,2,1,-1,3,-1.7
S02001000,S02000991,7,4,0,9,-7,-3,2,20,13,6,0.3,9,0.9,4,-1.9,11,-0.7
S02001000,S02000993,80,0,4,5,-76,-80,-75,89,9,28,9.9,38,6.9,16,-3.1,51,-5.9
S02001000,S02000994,7,0,0,0,-7,-7,-7,7,0,2,3.3,3,2.3,1,-1.1,4,-2
S02001000,S02000995,10,0,0,0,-10,-10,-10,10,0,3,3.9,4,2.8,2,-1.4,6,-2.4
S02001000,S02000997,14,22,0,19,-14,8,5,55,41,17,-0.8,23,2.6,10,-3.2,32,-2.2
S02001000,S02000998,5,4,4,5,-1,-1,0,18,13,6,-0.3,8,0.5,3,0.4,10,-0.4
S02001000,S02000999,8,0,5,32,-3,-8,24,45,37,14,-1.6,19,-2.5,8,-1.2,26,2.2
S02001000,S02001000,121,44,52,203,-69,-77,82,420,299,131,-0.9,179,-1,78,-2.9,241,0.9
S02001000,S02001001,4,6,0,7,-4,2,3,17,13,5,-0.6,7,1,3,-1.8,10,-0.9
S02001000,S02001003,18,5,0,9,-18,-13,-9,32,14,10,2.5,14,2.5,6,-2.4,18,-2.2
S02001000,S02001004,11,0,4,13,-7,-11,2,28,17,9,0.8,12,-0.3,5,-0.5,16,0.2
S02001000,S02001005,0,5,0,3,0,5,3,8,8,2,-1.6,3,0.9,1,-1.2,5,-0.7
S02001000,S02001006,0,0,0,5,0,0,5,5,5,2,-1.2,2,-1.5,1,-1,3,1.3
S02001000,S02001007,4,12,0,8,-4,8,4,24,20,7,-1.3,10,1.8,4,-2.1,14,-1.6
S02001000,S02001008,0,10,0,0,0,10,0,10,10,3,-1.8,4,2.8,2,-1.4,6,-2.4
S02001000,S02001010,72,50,17,91,-55,-22,19,230,158,72,0,98,2.4,43,-3.9,132,-2.1
S02001000,S02001011,0,0,0,4,0,0,4,4,4,1,-1.1,2,-1.3,1,-0.9,2,1.1
S02001000,S02001013,15,22,7,75,-8,7,60,119,104,37,-3.6,51,-1.9,22,-3.2,68,1.6
S02001000,S02001014,11,16,17,13,6,5,2,57,46,18,-1.6,24,0.6,11,2,33,-0.5
S02001000,S02001015,18,75,26,27,8,57,9,146,128,45,-4.1,62,3.9,27,-0.2,84,-3.4
S02001000,S02001016,6,7,3,8,-3,1,2,24,18,7,-0.5,10,0.9,4,-0.7,14,-0.8
S02001000,S02001017,3,0,0,0,-3,-3,-3,3,0,1,2.1,1,1.5,1,-0.7,2,-1.3
S02001000,S02001018,6,0,0,7,-6,-6,1,13,7,4,1,6,0.2,2,-1.6,7,-0.2
S02001000,S02001185,4,5,5,4,1,1,0,18,14,6,-0.7,8,0.5,3,0.9,10,-0.4
S02001000,S02001186,0,0,0,3,0,0,3,3,3,1,-1,1,-1.1,1,-0.7,2,1
S02001000,S02001192,5,0,0,0,-5,-5,-5,5,0,2,2.8,2,2,1,-1,3,-1.7
S02001001,S02000328,5,6,4,5,-1,1,0,20,15,6,-0.5,9,0.9,4,0.2,11,-0.7
S02001001,S02000597,0,0,0,4,0,0,4,4,4,1,-1.1,2,-1.3,1,-0.9,2,1.1
S02001001,S02000607,4,0,0,0,-4,-4,-4,4,0,1,2.5,2,1.8,1,-0.9,2,-1.5
S02001001,S02000625,0,0,0,3,0,0,3,3,3,1,-1,1,-1.1,1,-0.7,2,1
S02001001,S02000628,0,0,0,3,0,0,3,3,3,1,-1,1,-1.1,1,-0.7,2,1
S02001001,S02000631,0,3,0,0,0,3,0,3,3,1,-1,1,1.5,1,-0.7,2,-1.3
S02001001,S02000634,3,0,0,0,-3,-3,-3,3,0,1,2.1,1,1.5,1,-0.7,2,-1.3
S02001001,S02000644,5,0,0,0,-5,-5,-5,5,0,2,2.8,2,2,1,-1,3,-1.7
S02001001,S02000651,0,0,6,0,6,0,0,6,6,2,-1.4,3,-1.6,1,4.6,3,1.4
S02001001,S02000655,22,9,51,18,29,-13,-4,100,78,31,-1.6,43,-1.8,19,7.6,57,1.5
S02001001,S02000656,0,3,0,6,0,3,6,9,9,3,-1.7,4,-0.4,2,-1.3,5,0.4
S02001001,S02000658,4,6,6,11,2,2,7,27,23,8,-1.5,11,-0.4,5,0.4,16,0.4
S02001001,S02000659,3,0,0,0,-3,-3,-3,3,0,1,2.1,1,1.5,1,-0.7,2,-1.3
S02001001,S02000660,10,0,3,0,-7,-10,-10,13,3,4,3,6,1.9,2,0.4,7,-1.6
S02001001,S02000661,3,0,7,0,4,-3,-3,10,7,3,-0.1,4,-0.6,2,3.8,6,0.5
S02001001,S02000664,6,0,0,0,-6,-6,-6,6,0,2,3,3,2.2,1,-1.1,3,-1.9
S02001001,S02000669,0,0,0,4,0,0,4,4,4,1,-1.1,2,-1.3,1,-0.9,2,1.1
S02001001,S02000670,0,4,0,0,0,4,0,4,4,1,-1.1,2,1.8,1,-0.9,2,-1.5
S02001001,S02000672,0,0,3,8,3,0,8,11,11,3,-1.9,5,-2.2,2,0.7,6,1.9
S02001001,S02000684,0,0,3,0,3,0,0,3,3,1,-1,1,-1.1,1,3.3,2,1
S02001001,S02000691,3,0,0,0,-3,-3,-3,3,0,1,2.1,1,1.5,1,-0.7,2,-1.3
S02001001,S02000772,5,0,0,0,-5,-5,-5,5,0,2,2.8,2,2,1,-1,3,-1.7
S02001001,S02000781,4,0,3,3,-1,-4,-1,10,6,3,0.5,4,-0.1,2,0.8,6,0.1
S02001001,S02000784,0,0,0,3,0,0,3,3,3,1,-1,1,-1.1,1,-0.7,2,1
S02001001,S02000984,10,0,0,3,-10,-10,-7,13,3,4,3,6,1.9,2,-1.6,7,-1.6
S02001001,S02000986,3,0,0,0,-3,-3,-3,3,0,1,2.1,1,1.5,1,-0.7,2,-1.3
S02001001,S02000987,3,0,0,0,-3,-3,-3,3,0,1,2.1,1,1.5,1,-0.7,2,-1.3
S02001001,S02000988,0,0,0,3,0,0,3,3,3,1,-1,1,-1.1,1,-0.7,2,1
S02001001,S02000991,5,0,3,0,-2,-5,-5,8,3,2,1.6,3,0.9,1,1.2,5,-0.7
S02001001,S02000993,39,0,3,4,-36,-39,-35,46,7,14,6.5,20,4.4,9,-1.9,26,-3.8
S02001001,S02000994,3,0,0,4,-3,-3,1,7,4,2,0.6,3,0,1,-1.1,4,0
S02001001,S02000995,5,0,0,0,-5,-5,-5,5,0,2,2.8,2,2,1,-1,3,-1.7
S02001001,S02000998,7,7,7,8,0,0,1,29,22,9,-0.7,12,0.5,5,0.7,17,-0.4
S02001001,S02000999,6,3,8,22,2,-3,16,39,33,12,-1.8,17,-1.9,7,0.3,22,1.6
S02001001,S02001000,33,11,21,71,-12,-22,38,136,103,42,-1.4,58,-1.8,25,-0.8,78,1.6
S02001001,S02001001,13,8,6,14,-7,-5,1,41,28,13,0.1,17,0.9,8,-0.6,24,-0.7
S02001001,S02001003,8,3,9,6,1,-5,-2,26,18,8,0,11,0,5,1.9,15,0
S02001001,S02001004,0,0,3,4,3,0,4,7,7,2,-1.5,3,-1.7,1,1.5,4,1.5
S02001001,S02001007,0,9,0,3,0,9,3,12,12,4,-1.9,5,1.7,2,-1.5,7,-1.5
S02001001,S02001008,0,11,0,0,0,11,0,11,11,3,-1.9,5,2.9,2,-1.4,6,-2.5
S02001001,S02001010,42,21,16,52,-26,-21,10,131,89,41,0.2,56,1,24,-1.7,75,-0.8
S02001001,S02001013,0,20,4,22,4,20,22,46,46,14,-3.8,20,0.1,9,-1.5,26,-0.1
S02001001,S02001014,5,0,7,9,2,-5,4,21,16,7,-0.6,9,-1.3,4,1.6,12,1.1
S02001001,S02001015,0,36,14,18,14,36,18,68,68,21,-4.6,29,1.3,13,0.4,39,-1.1
S02001001,S02001016,0,0,0,5,0,0,5,5,5,2,-1.2,2,-1.5,1,-1,3,1.3
S02001001,S02001017,7,0,0,0,-7,-7,-7,7,0,2,3.3,3,2.3,1,-1.1,4,-2
S02001001,S02001018,0,0,0,4,0,0,4,4,4,1,-1.1,2,-1.3,1,-0.9,2,1.1
S02001001,S02001185,5,0,0,0,-5,-5,-5,5,0,2,2.8,2,2,1,-1,3,-1.7
S02001001,S02001192,3,0,0,0,-3,-3,-3,3,0,1,2.1,1,1.5,1,-0.7,2,-1.3
S02001002,S02000270,0,0,0,4,0,0,4,4,4,1,-1.1,2,-1.3,1,-0.9,2,1.1
S02001002,S02000312,0,0,0,6,0,0,6,6,6,2,-1.4,3,-1.6,1,-1.1,3,1.4
S02001002,S02000313,0,0,0,5,0,0,5,5,5,2,-1.2,2,-1.5,1,-1,3,1.3
S02001002,S02000324,0,0,0,6,0,0,6,6,6,2,-1.4,3,-1.6,1,-1.1,3,1.4
S02001002,S02000327,5,0,0,0,-5,-5,-5,5,0,2,2.8,2,2,1,-1,3,-1.7
S02001002,S02000328,3,3,0,6,-3,0,3,12,9,4,-0.4,5,0.4,2,-1.5,7,-0.3
S02001002,S02000329,3,0,0,0,-3,-3,-3,3,0,1,2.1,1,1.5,1,-0.7,2,-1.3
S02001002,S02000587,0,3,0,3,0,3,3,6,6,2,-1.4,3,0.3,1,-1.1,3,-0.2
S02001002,S02000593,0,0,0,3,0,0,3,3,3,1,-1,1,-1.1,1,-0.7,2,1
S02001002,S02000597,5,0,3,9,-2,-5,4,17,12,5,-0.1,7,-0.8,3,-0.1,10,0.7
S02001002,S02000601,3,0,0,0,-3,-3,-3,3,0,1,2.1,1,1.5,1,-0.7,2,-1.3
S02001002,S02000603,0,0,0,4,0,0,4,4,4,1,-1.1,2,-1.3,1,-0.9,2,1.1
S02001002,S02000606,0,0,0,3,0,0,3,3,3,1,-1,1,-1.1,1,-0.7,2,1
S02001002,S02000607,7,0,0,0,-7,-7,-7,7,0,2,3.3,3,2.3,1,-1.1,4,-2
S02001002,S02000608,3,0,0,0,-3,-3,-3,3,0,1,2.1,1,1.5,1,-0.7,2,-1.3
S02001002,S02000611,0,3,0,0,0,3,0,3,3,1,-1,1,1.5,1,-0.7,2,-1.3
S02001002,S02000617,0,0,0,4,0,0,4,4,4,1,-1.1,2,-1.3,1,-0.9,2,1.1
S02001002,S02000621,0,0,0,4,0,0,4,4,4,1,-1.1,2,-1.3,1,-0.9,2,1.1
S02001002,S02000625,10,3,0,17,-10,-7,7,30,20,9,0.2,13,0.1,6,-2.4,17,-0.1
S02001002,S02000627,8,3,3,7,-5,-5,-1,21,13,7,0.6,9,0.7,4,-0.4,12,-0.6
S02001002,S02000628,5,0,0,5,-5,-5,0,10,5,3,1.1,4,0.4,2,-1.4,6,-0.3
S02001002,S02000631,4,3,0,3,-4,-1,-1,10,6,3,0.5,4,1.3,2,-1.4,6,-1.1
S02001002,S02000634,6,0,0,0,-6,-6,-6,6,0,2,3,3,2.2,1,-1.1,3,-1.9
S02001002,S02000635,8,0,3,5,-5,-8,-3,16,8,5,1.4,7,0.5,3,0,9,-0.4
S02001002,S02000638,8,4,0,3,-8,-4,-5,15,7,5,1.5,6,2.2,3,-1.7,9,-1.9
S02001002,S02000639,4,0,0,6,-4,-4,2,10,6,3,0.5,4,-0.1,2,-1.4,6,0.1
S02001002,S02000641,0,0,0,3,0,0,3,3,3,1,-1,1,-1.1,1,-0.7,2,1
S02001002,S02000642,4,0,0,0,-4,-4,-4,4,0,1,2.5,2,1.8,1,-0.9,2,-1.5
S02001002,S02000644,8,7,5,3,-3,-1,-5,23,15,7,0.3,10,1.7,4,0.4,13,-1.4
S02001002,S02000649,3,3,0,3,-3,0,0,9,6,3,0.1,4,1.1,2,-1.3,5,-1
S02001002,S02000651,0,0,4,4,4,0,4,8,8,2,-1.6,3,-1.8,1,2.1,5,1.6
S02001002,S02000655,62,12,124,29,62,-50,-33,227,165,71,-1,97,-2.3,42,12.7,130,2
S02001002,S02000656,18,12,0,11,-18,-6,-7,41,23,13,1.5,17,3,8,-2.8,24,-2.6
S02001002,S02000658,36,0,17,70,-19,-36,34,123,87,38,-0.4,52,-2.3,23,-1.2,71,1.9
S02001002,S02000659,0,0,6,0,6,0,0,6,6,2,-1.4,3,-1.6,1,4.6,3,1.4
S02001002,S02000660,53,9,5,14,-48,-44,-39,81,28,25,5.5,34,4.7,15,-2.6,47,-4
S02001002,S02000661,10,0,5,6,-5,-10,-4,21,11,7,1.4,9,0.4,4,0.6,12,-0.3
S02001002,S02000664,6,0,0,0,-6,-6,-6,6,0,2,3,3,2.2,1,-1.1,3,-1.9
S02001002,S02000665,0,0,9,0,9,0,0,9,9,3,-1.7,4,-2,2,5.7,5,1.7
S02001002,S02000666,0,0,0,5,0,0,5,5,5,2,-1.2,2,-1.5,1,-1,3,1.3
S02001002,S02000669,0,0,3,0,3,0,0,3,3,1,-1,1,-1.1,1,3.3,2,1
S02001002,S02000670,3,0,3,0,0,-3,-3,6,3,2,0.8,3,0.3,1,1.8,3,-0.2
S02001002,S02000672,0,5,0,22,0,5,22,27,27,8,-2.9,11,-1.9,5,-2.2,16,1.6
S02001002,S02000675,3,0,0,0,-3,-3,-3,3,0,1,2.1,1,1.5,1,-0.7,2,-1.3
S02001002,S02000680,0,0,0,6,0,0,6,6,6,2,-1.4,3,-1.6,1,-1.1,3,1.4
S02001002,S02000684,0,10,0,0,0,10,0,10,10,3,-1.8,4,2.8,2,-1.4,6,-2.4
S02001002,S02000689,11,0,0,3,-11,-11,-8,14,3,4,3.2,6,2.1,3,-1.6,8,-1.8
S02001002,S02000691,6,3,0,0,-6,-3,-6,9,3,3,1.9,4,2.6,2,-1.3,5,-2.3
S02001002,S02000702,0,0,0,4,0,0,4,4,4,1,-1.1,2,-1.3,1,-0.9,2,1.1
S02001002,S02000716,3,0,0,0,-3,-3,-3,3,0,1,2.1,1,1.5,1,-0.7,2,-1.3
S02001002,S02000772,3,0,0,0,-3,-3,-3,3,0,1,2.1,1,1.5,1,-0.7,2,-1.3
S02001002,S02000776,0,3,0,0,0,3,0,3,3,1,-1,1,1.5,1,-0.7,2,-1.3
S02001002,S02000781,0,0,5,4,5,0,4,9,9,3,-1.7,4,-2,2,2.6,5,1.7
S02001002,S02000782,0,3,0,0,0,3,0,3,3,1,-1,1,1.5,1,-0.7,2,-1.3
S02001002,S02000783,3,0,0,0,-3,-3,-3,3,0,1,2.1,1,1.5,1,-0.7,2,-1.3
S02001002,S02000984,4,0,0,7,-4,-4,3,11,7,3,0.3,5,-0.3,2,-1.4,6,0.3
S02001002,S02000986,0,0,0,3,0,0,3,3,3,1,-1,1,-1.1,1,-0.7,2,1
S02001002,S02000988,0,0,0,3,0,0,3,3,3,1,-1,1,-1.1,1,-0.7,2,1
S02001002,S02000991,4,0,0,3,-4,-4,-1,7,3,2,1.2,3,0.6,1,-1.1,4,-0.5
S02001002,S02000993,18,0,0,4,-18,-18,-14,22,4,7,4.3,9,2.8,4,-2,13,-2.4
S02001002,S02000994,9,0,0,3,-9,-9,-6,12,3,4,2.7,5,1.7,2,-1.5,7,-1.5
S02001002,S02000995,3,0,0,3,-3,-3,0,6,3,2,0.8,3,0.3,1,-1.1,3,-0.2
S02001002,S02000997,0,4,0,8,0,4,8,12,12,4,-1.9,5,-0.5,2,-1.5,7,0.4
S02001002,S02000998,0,0,0,4,0,0,4,4,4,1,-1.1,2,-1.3,1,-0.9,2,1.1
S02001002,S02000999,4,0,0,6,-4,-4,2,10,6,3,0.5,4,-0.1,2,-1.4,6,0.1
S02001002,S02001000,38,3,17,33,-21,-35,-5,91,53,28,1.8,39,0.4,17,0,52,-0.3
S02001002,S02001001,0,0,0,4,0,0,4,4,4,1,-1.1,2,-1.3,1,-0.9,2,1.1
S02001002,S02001002,10,4,0,11,-10,-6,1,25,15,8,0.8,11,1,5,-2.2,14,-0.9
S02001002,S02001003,0,0,0,3,0,0,3,3,3,1,-1,1,-1.1,1,-0.7,2,1
S02001002,S02001004,0,4,6,39,6,4,39,49,49,15,-3.9,21,-3.7,9,-1,28,3.2
S02001002,S02001005,0,0,0,3,0,0,3,3,3,1,-1,1,-1.1,1,-0.7,2,1
S02001002,S02001007,0,3,0,10,0,3,10,13,13,4,-2,6,-1.1,2,-1.6,7,0.9
S02001002,S02001010,41,17,9,28,-32,-24,-13,95,54,30,2.1,40,2.8,18,-2,55,-2.4
S02001002,S02001011,0,0,0,3,0,0,3,3,3,1,-1,1,-1.1,1,-0.7,2,1
S02001002,S02001012,0,0,0,4,0,0,4,4,4,1,-1.1,2,-1.3,1,-0.9,2,1.1
S02001002,S02001013,10,28,6,51,-4,18,41,95,85,30,-3.6,40,-0.4,18,-2.8,55,0.3
S02001002,S02001014,8,5,0,0,-8,-3,-8,13,5,4,2,6,3.2,2,-1.6,7,-2.7
S02001002,S02001015,3,27,9,7,6,24,4,46,43,14,-3,20,2.4,9,0.2,26,-2
S02001002,S02001016,8,4,0,4,-8,-4,-4,16,8,5,1.4,7,2,3,-1.7,9,-1.7
S02001002,S02001017,0,0,0,3,0,0,3,3,3,1,-1,1,-1.1,1,-0.7,2,1
S02001002,S02001018,0,0,0,7,0,0,7,7,7,2,-1.5,3,-1.7,1,-1.1,4,1.5
S02001002,S02001185,10,0,5,0,-5,-10,-10,15,5,5,2.5,6,1.4,3,1.3,9,-1.2
S02001002,S02001187,0,0,0,5,0,0,5,5,5,2,-1.2,2,-1.5,1,-1,3,1.3
S02001003,S02000328,6,0,0,5,-6,-6,-1,11,5,3,1.4,5,0.6,2,-1.4,6,-0.5
S02001003,S02000597,0,0,0,5,0,0,5,5,5,2,-1.2,2,-1.5,1,-1,3,1.3
S02001003,S02000602,0,0,3,0,3,0,0,3,3,1,-1,1,-1.1,1,3.3,2,1
S02001003,S02000625,0,0,0,6,0,0,6,6,6,2,-1.4,3,-1.6,1,-1.1,3,1.4
S02001003,S02000627,4,0,0,0,-4,-4,-4,4,0,1,2.5,2,1.8,1,-0.9,2,-1.5
S02001003,S02000628,4,0,0,0,-4,-4,-4,4,0,1,2.5,2,1.8,1,-0.9,2,-1.5
S02001003,S02000631,3,0,0,0,-3,-3,-3,3,0,1,2.1,1,1.5,1,-0.7,2,-1.3
S02001003,S02000644,0,3,5,0,5,3,0,8,8,2,-1.6,3,-0.2,1,2.9,5,0.2
S02001003,S02000655,15,0,27,14,12,-15,-1,56,41,17,-0.6,24,-1.8,10,5.2,32,1.6
S02001003,S02000656,0,0,0,4,0,0,4,4,4,1,-1.1,2,-1.3,1,-0.9,2,1.1
S02001003,S02000658,7,0,3,13,-4,-7,6,23,16,7,-0.1,10,-0.9,4,-0.6,13,0.8
S02001003,S02000660,7,0,0,3,-7,-7,-4,10,3,3,2.2,4,1.3,2,-1.4,6,-1.1
S02001003,S02000661,3,0,5,6,2,-3,3,14,11,4,-0.7,6,-1.2,3,1.5,8,1
S02001003,S02000667,5,0,0,0,-5,-5,-5,5,0,2,2.8,2,2,1,-1,3,-1.7
S02001003,S02000669,0,0,4,0,4,0,0,4,4,1,-1.1,2,-1.3,1,3.8,2,1.1
S02001003,S02000672,0,0,0,6,0,0,6,6,6,2,-1.4,3,-1.6,1,-1.1,3,1.4
S02001003,S02000684,0,6,0,0,0,6,0,6,6,2,-1.4,3,2.2,1,-1.1,3,-1.9
S02001003,S02000782,0,0,3,0,3,0,0,3,3,1,-1,1,-1.1,1,3.3,2,1
S02001003,S02000984,5,0,0,0,-5,-5,-5,5,0,2,2.8,2,2,1,-1,3,-1.7
S02001003,S02000988,3,0,0,0,-3,-3,-3,3,0,1,2.1,1,1.5,1,-0.7,2,-1.3
S02001003,S02000991,0,0,0,4,0,0,4,4,4,1,-1.1,2,-1.3,1,-0.9,2,1.1
S02001003,S02000992,3,0,0,0,-3,-3,-3,3,0,1,2.1,1,1.5,1,-0.7,2,-1.3
S02001003,S02000993,30,0,0,0,-30,-30,-30,30,0,9,6.8,13,4.8,6,-2.4,17,-4.2
S02001003,S02000994,3,0,0,5,-3,-3,2,8,5,2,0.3,3,-0.2,1,-1.2,5,0.2
S02001003,S02000995,10,0,0,0,-10,-10,-10,10,0,3,3.9,4,2.8,2,-1.4,6,-2.4
S02001003,S02000997,0,7,0,12,0,7,12,19,19,6,-2.4,8,-0.4,4,-1.9,11,0.3
S02001003,S02000998,17,5,3,12,-14,-12,-5,37,20,12,1.6,16,1.6,7,-1.5,21,-1.4
S02001003,S02000999,7,0,11,52,4,-7,45,70,63,22,-3.2,30,-4.2,13,-0.5,40,3.6
S02001003,S02001000,35,11,19,59,-16,-24,24,124,89,39,-0.6,53,-0.9,23,-0.8,71,0.8
S02001003,S02001001,4,0,0,9,-4,-4,5,13,9,4,0,6,-0.7,2,-1.6,7,0.6
S02001003,S02001003,37,5,14,32,-23,-32,-5,88,51,27,1.8,37,0.7,16,-0.6,51,-0.6
S02001003,S02001004,0,3,0,8,0,3,8,11,11,3,-1.9,5,-0.8,2,-1.4,6,0.7
S02001003,S02001005,0,0,0,4,0,0,4,4,4,1,-1.1,2,-1.3,1,-0.9,2,1.1
S02001003,S02001007,9,9,0,4,-9,0,-5,22,13,7,0.8,9,2.8,4,-2,13,-2.4
S02001003,S02001008,0,9,3,4,3,9,4,16,16,5,-2.2,7,0.8,3,0,9,-0.7
S02001003,S02001010,53,20,18,58,-35,-33,5,149,96,46,1,63,1.2,28,-1.8,86,-1
S02001003,S02001011,4,0,0,0,-4,-4,-4,4,0,1,2.5,2,1.8,1,-0.9,2,-1.5
S02001003,S02001013,7,11,9,25,2,4,18,52,45,16,-2.3,22,-0.9,10,-0.2,30,0.8
S02001003,S02001014,6,5,0,3,-6,-1,-3,14,8,4,0.8,6,2.1,3,-1.6,8,-1.8
S02001003,S02001015,4,33,7,14,3,29,10,58,54,18,-3.3,25,2.5,11,-1.1,33,-2.1
S02001003,S02001016,0,0,0,10,0,0,10,10,10,3,-1.8,4,-2.1,2,-1.4,6,1.8
S02001003,S02001185,3,0,0,0,-3,-3,-3,3,0,1,2.1,1,1.5,1,-0.7,2,-1.3
S02001004,S02000324,4,0,0,7,-4,-4,3,11,7,3,0.3,5,-0.3,2,-1.4,6,0.3
S02001004,S02000328,3,3,0,5,-3,0,2,11,8,3,-0.2,5,0.6,2,-1.4,6,-0.5
S02001004,S02000329,3,0,0,0,-3,-3,-3,3,0,1,2.1,1,1.5,1,-0.7,2,-1.3
S02001004,S02000597,0,0,0,14,0,0,14,14,14,4,-2.1,6,-2.4,3,-1.6,8,2.1
S02001004,S02000599,4,0,0,0,-4,-4,-4,4,0,1,2.5,2,1.8,1,-0.9,2,-1.5
S02001004,S02000601,5,0,0,0,-5,-5,-5,5,0,2,2.8,2,2,1,-1,3,-1.7
S02001004,S02000602,6,0,0,0,-6,-6,-6,6,0,2,3,3,2.2,1,-1.1,3,-1.9
S02001004,S02000607,3,0,0,0,-3,-3,-3,3,0,1,2.1,1,1.5,1,-0.7,2,-1.3
S02001004,S02000608,3,0,0,0,-3,-3,-3,3,0,1,2.1,1,1.5,1,-0.7,2,-1.3
S02001004,S02000609,0,0,0,3,0,0,3,3,3,1,-1,1,-1.1,1,-0.7,2,1
S02001004,S02000611,0,6,0,0,0,6,0,6,6,2,-1.4,3,2.2,1,-1.1,3,-1.9
S02001004,S02000615,4,0,0,0,-4,-4,-4,4,0,1,2.5,2,1.8,1,-0.9,2,-1.5
S02001004,S02000622,0,0,0,3,0,0,3,3,3,1,-1,1,-1.1,1,-0.7,2,1
S02001004,S02000625,13,0,0,14,-13,-13,1,27,14,8,1.6,11,0.4,5,-2.2,16,-0.4
S02001004,S02000627,3,0,0,0,-3,-3,-3,3,0,1,2.1,1,1.5,1,-0.7,2,-1.3
S02001004,S02000631,6,3,4,0,-2,-3,-6,13,7,4,1,6,1.5,2,1,7,-1.3
S02001004,S02000633,3,0,0,0,-3,-3,-3,3,0,1,2.1,1,1.5,1,-0.7,2,-1.3
S02001004,S02000634,5,0,3,4,-2,-5,-1,12,7,4,0.7,5,0,2,0.5,7,0
S02001004,S02000635,3,0,0,0,-3,-3,-3,3,0,1,2.1,1,1.5,1,-0.7,2,-1.3
S02001004,S02000639,0,0,0,4,0,0,4,4,4,1,-1.1,2,-1.3,1,-0.9,2,1.1
S02001004,S02000642,0,3,0,4,0,3,4,7,7,2,-1.5,3,0,1,-1.1,4,0
S02001004,S02000644,3,5,6,4,3,2,1,18,15,6,-1.1,8,0.1,3,1.5,10,-0.1
S02001004,S02000648,0,0,0,5,0,0,5,5,5,2,-1.2,2,-1.5,1,-1,3,1.3
S02001004,S02000649,0,0,0,6,0,0,6,6,6,2,-1.4,3,-1.6,1,-1.1,3,1.4
S02001004,S02000651,0,0,7,0,7,0,0,7,7,2,-1.5,3,-1.7,1,5,4,1.5
S02001004,S02000655,46,7,107,54,61,-39,8,214,168,67,-2.5,91,-4,40,10.7,123,3.4
S02001004,S02000656,11,11,3,6,-8,0,-5,31,20,10,0.4,13,2.4,6,-1.1,18,-2.1
S02001004,S02000658,27,3,14,64,-13,-24,37,108,81,34,-1.1,46,-2.4,20,-1.3,62,2
S02001004,S02000659,0,0,4,0,4,0,0,4,4,1,-1.1,2,-1.3,1,3.8,2,1.1
S02001004,S02000660,34,5,7,13,-27,-29,-21,59,25,18,3.6,25,2.8,11,-1.2,34,-2.4
S02001004,S02000661,16,0,17,7,1,-16,-9,40,24,12,1,17,-0.2,7,3.5,23,0.2
S02001004,S02000663,0,3,0,0,0,3,0,3,3,1,-1,1,1.5,1,-0.7,2,-1.3
S02001004,S02000664,8,0,3,0,-5,-8,-8,11,3,3,2.5,5,1.5,2,0.7,6,-1.3
S02001004,S02000665,0,0,3,0,3,0,0,3,3,1,-1,1,-1.1,1,3.3,2,1
S02001004,S02000669,0,0,9,0,9,0,0,9,9,3,-1.7,4,-2,2,5.7,5,1.7
S02001004,S02000672,0,0,0,14,0,0,14,14,14,4,-2.1,6,-2.4,3,-1.6,8,2.1
S02001004,S02000676,4,0,0,0,-4,-4,-4,4,0,1,2.5,2,1.8,1,-0.9,2,-1.5
S02001004,S02000681,0,0,0,4,0,0,4,4,4,1,-1.1,2,-1.3,1,-0.9,2,1.1
S02001004,S02000684,4,8,0,0,-4,4,-4,12,8,4,0.1,5,3.1,2,-1.5,7,-2.6
S02001004,S02000689,11,3,0,10,-11,-8,-1,24,13,7,1.3,10,1.2,4,-2.1,14,-1
S02001004,S02000691,3,0,0,0,-3,-3,-3,3,0,1,2.1,1,1.5,1,-0.7,2,-1.3
S02001004,S02000712,0,0,0,4,0,0,4,4,4,1,-1.1,2,-1.3,1,-0.9,2,1.1
S02001004,S02000773,0,0,3,0,3,0,0,3,3,1,-1,1,-1.1,1,3.3,2,1
S02001004,S02000776,4,0,0,0,-4,-4,-4,4,0,1,2.5,2,1.8,1,-0.9,2,-1.5
S02001004,S02000781,8,0,6,4,-2,-8,-4,18,10,6,1,8,0.1,3,1.5,10,-0.1
S02001004,S02000784,0,0,0,4,0,0,4,4,4,1,-1.1,2,-1.3,1,-0.9,2,1.1
S02001004,S02000984,17,0,0,9,-17,-17,-8,26,9,8,3.1,11,1.8,5,-2.2,15,-1.5
S02001004,S02000985,5,0,0,0,-5,-5,-5,5,0,2,2.8,2,2,1,-1,3,-1.7
S02001004,S02000986,0,0,0,3,0,0,3,3,3,1,-1,1,-1.1,1,-0.7,2,1
S02001004,S02000987,3,0,0,0,-3,-3,-3,3,0,1,2.1,1,1.5,1,-0.7,2,-1.3
S02001004,S02000988,0,0,0,6,0,0,6,6,6,2,-1.4,3,-1.6,1,-1.1,3,1.4
S02001004,S02000990,0,0,0,5,0,0,5,5,5,2,-1.2,2,-1.5,1,-1,3,1.3
S02001004,S02000991,3,4,4,0,1,1,-3,11,8,3,-0.2,5,1.1,2,1.4,6,-0.9
S02001004,S02000993,52,0,0,7,-52,-52,-45,59,7,18,7.8,25,5.4,11,-3.3,34,-4.6
S02001004,S02000994,9,0,0,3,-9,-9,-6,12,3,4,2.7,5,1.7,2,-1.5,7,-1.5
S02001004,S02000995,0,0,0,6,0,0,6,6,6,2,-1.4,3,-1.6,1,-1.1,3,1.4
S02001004,S02000997,6,15,0,13,-6,9,7,34,28,11,-1.4,14,1.7,6,-2.5,20,-1.5
S02001004,S02000998,7,6,3,0,-4,-1,-7,16,9,5,0.9,7,2.4,3,0,9,-2
S02001004,S02000999,4,0,5,8,1,-4,4,17,13,5,-0.6,7,-1.2,3,1,10,1
S02001004,S02001000,69,23,21,99,-48,-46,30,212,143,66,0.4,90,0.2,39,-2.9,122,-0.2
S02001004,S02001001,4,0,0,5,-4,-4,1,9,5,3,0.7,4,0.1,2,-1.3,5,-0.1
S02001004,S02001002,5,0,0,6,-5,-5,1,11,6,3,0.9,5,0.1,2,-1.4,6,-0.1
S02001004,S02001003,11,3,4,16,-7,-8,5,34,23,11,0.1,14,-0.1,6,-0.9,20,0.1
S02001004,S02001004,22,13,9,30,-13,-9,8,74,52,23,-0.2,31,0.6,14,-1.3,43,-0.5
S02001004,S02001005,4,0,0,3,-4,-4,-1,7,3,2,1.2,3,0.6,1,-1.1,4,-0.5
S02001004,S02001007,10,9,3,12,-7,-1,2,34,24,11,-0.2,14,1.2,6,-1.3,20,-1
S02001004,S02001010,62,21,16,50,-46,-41,-12,149,87,46,2.3,63,2.5,28,-2.2,86,-2.1
S02001004,S02001011,4,0,0,6,-4,-4,2,10,6,3,0.5,4,-0.1,2,-1.4,6,0.1
S02001004,S02001013,11,24,4,58,-7,13,47,97,86,30,-3.5,41,-1,18,-3.3,56,0.8
S02001004,S02001014,0,6,9,3,9,6,3,18,18,6,-2.4,8,-0.6,3,3.1,10,0.5
S02001004,S02001015,13,44,13,19,0,31,6,89,76,28,-2.8,38,3.1,16,-0.9,51,-2.7
S02001004,S02001016,6,3,0,11,-6,-3,5,20,14,6,-0.1,9,0.2,4,-1.9,11,-0.1
S02001004,S02001018,0,0,0,4,0,0,4,4,4,1,-1.1,2,-1.3,1,-0.9,2,1.1
S02001004,S02001185,16,0,6,0,-10,-16,-16,22,6,7,3.5,9,2.2,4,1,13,-1.9
S02001005,S02000597,0,0,3,0,3,0,0,3,3,1,-1,1,-1.1,1,3.3,2,1
S02001005,S02000608,7,0,0,0,-7,-7,-7,7,0,2,3.3,3,2.3,1,-1.1,4,-2
S02001005,S02000611,3,6,0,0,-3,3,-3,9,6,3,0.1,4,2.6,2,-1.3,5,-2.3
S02001005,S02000625,3,0,0,0,-3,-3,-3,3,0,1,2.1,1,1.5,1,-0.7,2,-1.3
S02001005,S02000638,4,0,0,0,-4,-4,-4,4,0,1,2.5,2,1.8,1,-0.9,2,-1.5
S02001005,S02000644,0,0,0,3,0,0,3,3,3,1,-1,1,-1.1,1,-0.7,2,1
S02001005,S02000651,0,0,3,0,3,0,0,3,3,1,-1,1,-1.1,1,3.3,2,1
S02001005,S02000655,25,0,29,16,4,-25,-9,70,45,22,0.7,30,-0.9,13,4.5,40,0.8
S02001005,S02000656,0,9,0,7,0,9,7,16,16,5,-2.2,7,0.8,3,-1.7,9,-0.7
S02001005,S02000658,6,0,3,16,-3,-6,10,25,19,8,-0.6,11,-1.4,5,-0.8,14,1.2
S02001005,S02000660,10,5,3,0,-7,-5,-10,18,8,6,1.9,8,2.7,3,-0.2,10,-2.3
S02001005,S02000661,0,0,3,0,3,0,0,3,3,1,-1,1,-1.1,1,3.3,2,1
S02001005,S02000670,0,3,0,0,0,3,0,3,3,1,-1,1,1.5,1,-0.7,2,-1.3
S02001005,S02000672,0,0,0,9,0,0,9,9,9,3,-1.7,4,-2,2,-1.3,5,1.7
S02001005,S02000684,5,4,0,0,-5,-1,-5,9,4,3,1.3,4,2.6,2,-1.3,5,-2.3
S02001005,S02000772,7,0,0,0,-7,-7,-7,7,0,2,3.3,3,2.3,1,-1.1,4,-2
S02001005,S02000781,0,0,3,0,3,0,0,3,3,1,-1,1,-1.1,1,3.3,2,1
S02001005,S02000782,0,3,0,0,0,3,0,3,3,1,-1,1,1.5,1,-0.7,2,-1.3
S02001005,S02000984,9,0,0,5,-9,-9,-4,14,5,4,2.2,6,1.2,3,-1.6,8,-1.1
S02001005,S02000988,0,0,0,5,0,0,5,5,5,2,-1.2,2,-1.5,1,-1,3,1.3
S02001005,S02000990,0,0,0,3,0,0,3,3,3,1,-1,1,-1.1,1,-0.7,2,1
S02001005,S02000991,3,0,0,0,-3,-3,-3,3,0,1,2.1,1,1.5,1,-0.7,2,-1.3
S02001005,S02000992,0,3,0,0,0,3,0,3,3,1,-1,1,1.5,1,-0.7,2,-1.3
S02001005,S02000993,36,3,3,7,-33,-33,-29,49,13,15,5.3,21,4,9,-2,28,-3.4
S02001005,S02000994,16,10,0,11,-16,-6,-5,37,21,12,1.3,16,2.6,7,-2.6,21,-2.2
S02001005,S02000995,8,0,0,0,-8,-8,-8,8,0,2,3.5,3,2.5,1,-1.2,5,-2.1
S02001005,S02000997,11,11,0,8,-11,0,-3,30,19,9,0.5,13,2.6,6,-2.4,17,-2.2
S02001005,S02000998,22,4,4,21,-18,-18,-1,51,29,16,1.5,22,0.9,9,-1.8,29,-0.8
S02001005,S02000999,10,0,3,88,-7,-10,78,101,91,31,-3.8,43,-5,19,-3.6,58,4.3
S02001005,S02001000,27,12,10,34,-17,-15,7,83,56,26,0.2,35,0.6,15,-1.4,48,-0.5
S02001005,S02001001,6,0,0,4,-6,-6,-2,10,4,3,1.6,4,0.8,2,-1.4,6,-0.7
S02001005,S02001003,7,4,6,13,-1,-3,6,30,23,9,-0.8,13,-0.5,6,0.2,17,0.4
S02001005,S02001004,0,0,0,3,0,0,3,3,3,1,-1,1,-1.1,1,-0.7,2,1
S02001005,S02001005,20,6,9,42,-11,-14,22,77,57,24,-0.8,33,-1.2,14,-1.4,44,1
S02001005,S02001006,14,0,0,13,-14,-14,-1,27,13,8,1.9,11,0.7,5,-2.2,16,-0.6
S02001005,S02001007,0,0,0,4,0,0,4,4,4,1,-1.1,2,-1.3,1,-0.9,2,1.1
S02001005,S02001008,4,10,0,0,-4,6,-4,14,10,4,-0.2,6,3.3,3,-1.6,8,-2.8
S02001005,S02001010,28,13,9,45,-19,-15,17,95,67,30,-0.3,40,0.1,18,-2,55,-0.1
S02001005,S02001012,0,0,0,3,0,0,3,3,3,1,-1,1,-1.1,1,-0.7,2,1
S02001005,S02001013,9,19,9,28,0,10,19,65,56,20,-2.5,28,0.1,12,-0.9,37,-0.1
S02001005,S02001014,4,0,3,0,-1,-4,-4,7,3,2,1.2,3,0.6,1,1.5,4,-0.5
S02001005,S02001015,21,48,10,20,-11,27,-1,99,78,31,-1.8,42,4.1,18,-1.9,57,-3.6
S02001005,S02001016,6,4,3,5,-3,-2,-1,18,12,6,0.2,8,0.8,3,-0.2,10,-0.7
S02001005,S02001185,3,0,0,3,-3,-3,0,6,3,2,0.8,3,0.3,1,-1.1,3,-0.2
S02001006,S02000270,0,0,3,0,3,0,0,3,3,1,-1,1,-1.1,1,3.3,2,1
S02001006,S02000279,0,0,3,0,3,0,0,3,3,1,-1,1,-1.1,1,3.3,2,1
S02001006,S02000323,3,0,0,0,-3,-3,-3,3,0,1,2.1,1,1.5,1,-0.7,2,-1.3
S02001006,S02000328,7,3,0,4,-7,-4,-3,14,7,4,1.3,6,1.7,3,-1.6,8,-1.4
S02001006,S02000597,0,0,0,3,0,0,3,3,3,1,-1,1,-1.1,1,-0.7,2,1
S02001006,S02000608,3,0,0,0,-3,-3,-3,3,0,1,2.1,1,1.5,1,-0.7,2,-1.3
S02001006,S02000611,0,5,0,0,0,5,0,5,5,2,-1.2,2,2,1,-1,3,-1.7
S02001006,S02000621,3,0,0,0,-3,-3,-3,3,0,1,2.1,1,1.5,1,-0.7,2,-1.3
S02001006,S02000625,4,0,0,7,-4,-4,3,11,7,3,0.3,5,-0.3,2,-1.4,6,0.3
S02001006,S02000631,0,0,0,4,0,0,4,4,4,1,-1.1,2,-1.3,1,-0.9,2,1.1
S02001006,S02000634,7,0,0,0,-7,-7,-7,7,0,2,3.3,3,2.3,1,-1.1,4,-2
S02001006,S02000642,0,0,0,3,0,0,3,3,3,1,-1,1,-1.1,1,-0.7,2,1
S02001006,S02000644,5,0,0,0,-5,-5,-5,5,0,2,2.8,2,2,1,-1,3,-1.7
S02001006,S02000649,4,0,0,4,-4,-4,0,8,4,2,1,3,0.3,1,-1.2,5,-0.3
S02001006,S02000651,3,3,0,0,-3,0,-3,6,3,2,0.8,3,2.2,1,-1.1,3,-1.9
S02001006,S02000655,34,0,53,28,19,-34,-6,115,81,36,-0.3,49,-2.1,21,6.9,66,1.8
S02001006,S02000656,4,20,0,4,-4,16,0,28,24,9,-1.6,12,3.5,5,-2.3,16,-3
S02001006,S02000658,6,0,12,17,6,-6,11,35,29,11,-1.5,15,-2.3,6,2.2,20,2
S02001006,S02000660,15,0,0,4,-15,-15,-11,19,4,6,3.7,8,2.4,4,-1.9,11,-2.1
S02001006,S02000661,12,3,0,0,-12,-9,-12,15,3,5,3.4,6,3.4,3,-1.7,9,-2.9
S02001006,S02000664,4,0,0,0,-4,-4,-4,4,0,1,2.5,2,1.8,1,-0.9,2,-1.5
S02001006,S02000667,3,0,0,0,-3,-3,-3,3,0,1,2.1,1,1.5,1,-0.7,2,-1.3
S02001006,S02000672,0,0,0,7,0,0,7,7,7,2,-1.5,3,-1.7,1,-1.1,4,1.5
S02001006,S02000684,4,7,0,0,-4,3,-4,11,7,3,0.3,5,2.9,2,-1.4,6,-2.5
S02001006,S02000689,5,0,0,0,-5,-5,-5,5,0,2,2.8,2,2,1,-1,3,-1.7
S02001006,S02000772,7,0,0,0,-7,-7,-7,7,0,2,3.3,3,2.3,1,-1.1,4,-2
S02001006,S02000781,6,0,6,5,0,-6,-1,17,11,5,0.3,7,-0.5,3,1.6,10,0.4
S02001006,S02000784,0,0,0,4,0,0,4,4,4,1,-1.1,2,-1.3,1,-0.9,2,1.1
S02001006,S02000984,9,0,0,3,-9,-9,-6,12,3,4,2.7,5,1.7,2,-1.5,7,-1.5
S02001006,S02000986,5,0,0,0,-5,-5,-5,5,0,2,2.8,2,2,1,-1,3,-1.7
S02001006,S02000988,0,0,0,9,0,0,9,9,9,3,-1.7,4,-2,2,-1.3,5,1.7
S02001006,S02000993,55,0,0,4,-55,-55,-51,59,4,18,8.5,25,6,11,-3.3,34,-5.1
S02001006,S02000994,17,10,0,10,-17,-7,-7,37,20,12,1.6,16,2.8,7,-2.6,21,-2.4
S02001006,S02000995,11,0,0,3,-11,-11,-8,14,3,4,3.2,6,2.1,3,-1.6,8,-1.8
S02001006,S02000997,3,3,0,3,-3,0,0,9,6,3,0.1,4,1.1,2,-1.3,5,-1
S02001006,S02000998,28,5,3,29,-25,-23,1,65,37,20,1.7,28,1,12,-2.6,37,-0.9
S02001006,S02000999,11,5,6,105,-5,-6,94,127,116,40,-4.5,54,-5.2,23,-3.6,73,4.4
S02001006,S02001000,47,9,19,44,-28,-38,-3,119,72,37,1.6,51,0.8,22,-0.6,68,-0.7
S02001006,S02001001,0,0,0,8,0,0,8,8,8,2,-1.6,3,-1.8,1,-1.2,5,1.6
S02001006,S02001002,3,0,0,0,-3,-3,-3,3,0,1,2.1,1,1.5,1,-0.7,2,-1.3
S02001006,S02001003,16,3,3,5,-13,-13,-11,27,11,8,2.6,11,2.2,5,-0.9,16,-1.9
S02001006,S02001004,7,0,4,10,-3,-7,3,21,14,7,0.2,9,-0.6,4,0.1,12,0.6
S02001006,S02001005,20,13,10,54,-10,-7,34,97,77,30,-1.9,41,-1.3,18,-1.9,56,1.1
S02001006,S02001006,17,5,5,24,-12,-12,7,51,34,16,0.3,22,0.1,9,-1.4,29,-0.1
S02001006,S02001007,3,5,0,0,-3,2,-3,8,5,2,0.3,3,2.5,1,-1.2,5,-2.1
S02001006,S02001008,0,13,0,0,0,13,0,13,13,4,-2,6,3.2,2,-1.6,7,-2.7
S02001006,S02001010,53,36,14,49,-39,-17,-4,152,99,47,0.8,65,3,28,-2.7,87,-2.6
S02001006,S02001012,4,0,0,5,-4,-4,1,9,5,3,0.7,4,0.1,2,-1.3,5,-0.1
S02001006,S02001013,6,41,5,33,-1,35,27,85,79,26,-4,36,1.8,16,-2.7,49,-1.6
S02001006,S02001014,0,3,4,0,4,3,0,7,7,2,-1.5,3,0,1,2.4,4,0
S02001006,S02001015,19,51,10,13,-9,32,-6,93,74,29,-1.9,40,4.8,17,-1.7,53,-4.2
S02001006,S02001016,6,9,0,13,-6,3,7,28,22,9,-0.9,12,0.9,5,-2.3,16,-0.8
S02001006,S02001018,7,0,0,5,-7,-7,-2,12,5,4,1.7,5,0.8,2,-1.5,7,-0.7
S02001006,S02001019,3,0,0,0,-3,-3,-3,3,0,1,2.1,1,1.5,1,-0.7,2,-1.3
S02001006,S02001157,0,3,0,0,0,3,0,3,3,1,-1,1,1.5,1,-0.7,2,-1.3
S02001006,S02001161,0,3,0,0,0,3,0,3,3,1,-1,1,1.5,1,-0.7,2,-1.3
S02001006,S02001162,0,3,0,0,0,3,0,3,3,1,-1,1,1.5,1,-0.7,2,-1.3
S02001006,S02001185,5,5,0,3,-5,0,-2,13,8,4,0.5,6,1.9,2,-1.6,7,-1.6
S02001007,S02000310,0,3,0,0,0,3,0,3,3,1,-1,1,1.5,1,-0.7,2,-1.3
S02001007,S02000313,3,0,0,0,-3,-3,-3,3,0,1,2.1,1,1.5,1,-0.7,2,-1.3
S02001007,S02000314,3,0,0,0,-3,-3,-3,3,0,1,2.1,1,1.5,1,-0.7,2,-1.3
S02001007,S02000328,10,0,0,0,-10,-10,-10,10,0,3,3.9,4,2.8,2,-1.4,6,-2.4
S02001007,S02000597,0,0,3,7,3,0,7,10,10,3,-1.8,4,-2.1,2,0.8,6,1.8
S02001007,S02000599,3,0,0,0,-3,-3,-3,3,0,1,2.1,1,1.5,1,-0.7,2,-1.3
S02001007,S02000607,4,0,0,0,-4,-4,-4,4,0,1,2.5,2,1.8,1,-0.9,2,-1.5
S02001007,S02000608,3,0,0,0,-3,-3,-3,3,0,1,2.1,1,1.5,1,-0.7,2,-1.3
S02001007,S02000615,0,3,0,0,0,3,0,3,3,1,-1,1,1.5,1,-0.7,2,-1.3
S02001007,S02000622,0,0,0,4,0,0,4,4,4,1,-1.1,2,-1.3,1,-0.9,2,1.1
S02001007,S02000625,0,0,0,4,0,0,4,4,4,1,-1.1,2,-1.3,1,-0.9,2,1.1
S02001007,S02000627,0,0,0,7,0,0,7,7,7,2,-1.5,3,-1.7,1,-1.1,4,1.5
S02001007,S02000628,5,0,0,0,-5,-5,-5,5,0,2,2.8,2,2,1,-1,3,-1.7
S02001007,S02000633,3,0,0,0,-3,-3,-3,3,0,1,2.1,1,1.5,1,-0.7,2,-1.3
S02001007,S02000634,0,3,0,0,0,3,0,3,3,1,-1,1,1.5,1,-0.7,2,-1.3
S02001007,S02000642,4,3,0,0,-4,-1,-4,7,3,2,1.2,3,2.3,1,-1.1,4,-2
S02001007,S02000644,0,0,4,4,4,0,4,8,8,2,-1.6,3,-1.8,1,2.1,5,1.6
S02001007,S02000651,0,0,4,0,4,0,0,4,4,1,-1.1,2,-1.3,1,3.8,2,1.1
S02001007,S02000655,17,7,59,19,42,-10,2,102,85,32,-2.6,43,-2.9,19,9.2,59,2.5
S02001007,S02000656,6,16,10,10,4,10,4,42,36,13,-2,18,1,8,0.8,24,-0.8
S02001007,S02000658,8,5,9,29,1,-3,21,51,43,16,-2,22,-1.9,9,-0.1,29,1.6
S02001007,S02000660,20,6,3,9,-17,-14,-11,38,18,12,2.4,16,2.4,7,-1.5,22,-2.1
S02001007,S02000661,9,0,13,3,4,-9,-6,25,16,8,0.4,11,-0.5,5,3.9,14,0.4
S02001007,S02000663,0,4,0,0,0,4,0,4,4,1,-1.1,2,1.8,1,-0.9,2,-1.5
S02001007,S02000664,0,0,0,4,0,0,4,4,4,1,-1.1,2,-1.3,1,-0.9,2,1.1
S02001007,S02000665,3,0,3,0,0,-3,-3,6,3,2,0.8,3,0.3,1,1.8,3,-0.2
S02001007,S02000672,0,0,0,3,0,0,3,3,3,1,-1,1,-1.1,1,-0.7,2,1
S02001007,S02000684,0,4,0,0,0,4,0,4,4,1,-1.1,2,1.8,1,-0.9,2,-1.5
S02001007,S02000689,7,0,0,6,-7,-7,-1,13,6,4,1.5,6,0.6,2,-1.6,7,-0.5
S02001007,S02000712,0,4,0,0,0,4,0,4,4,1,-1.1,2,1.8,1,-0.9,2,-1.5
S02001007,S02000772,3,0,0,0,-3,-3,-3,3,0,1,2.1,1,1.5,1,-0.7,2,-1.3
S02001007,S02000781,4,0,7,0,3,-4,-4,11,7,3,0.3,5,-0.3,2,3.5,6,0.3
S02001007,S02000984,13,0,0,3,-13,-13,-10,16,3,5,3.6,7,2.4,3,-1.7,9,-2
S02001007,S02000985,5,0,0,3,-5,-5,-2,8,3,2,1.6,3,0.9,1,-1.2,5,-0.7
S02001007,S02000986,0,0,0,3,0,0,3,3,3,1,-1,1,-1.1,1,-0.7,2,1
S02001007,S02000989,3,0,0,3,-3,-3,0,6,3,2,0.8,3,0.3,1,-1.1,3,-0.2
S02001007,S02000990,6,0,0,0,-6,-6,-6,6,0,2,3,3,2.2,1,-1.1,3,-1.9
S02001007,S02000991,4,4,0,11,-4,0,7,19,15,6,-0.8,8,0,4,-1.9,11,0
S02001007,S02000993,47,0,0,4,-47,-47,-43,51,4,16,7.8,22,5.4,9,-3.1,29,-4.7
S02001007,S02000994,0,3,0,0,0,3,0,3,3,1,-1,1,1.5,1,-0.7,2,-1.3
S02001007,S02000997,5,5,3,12,-2,0,7,25,20,8,-1,11,-0.2,5,-0.8,14,0.2
S02001007,S02000998,10,3,0,6,-10,-7,-4,19,9,6,1.7,8,1.7,4,-1.9,11,-1.5
S02001007,S02000999,4,0,8,14,4,-4,10,26,22,8,-1.4,11,-2.1,5,1.5,15,1.8
S02001007,S02001000,48,25,26,86,-22,-23,38,185,137,58,-1.3,79,-0.6,34,-1.4,106,0.6
S02001007,S02001001,6,0,4,9,-2,-6,3,19,13,6,0,8,-0.7,4,0.3,11,0.6
S02001007,S02001002,0,0,0,5,0,0,5,5,5,2,-1.2,2,-1.5,1,-1,3,1.3
S02001007,S02001003,6,0,3,12,-3,-6,6,21,15,7,-0.2,9,-1,4,-0.4,12,0.8
S02001007,S02001004,14,0,8,12,-6,-14,-2,34,20,11,1,14,-0.1,6,0.7,20,0.1
S02001007,S02001005,3,0,0,4,-3,-3,1,7,4,2,0.6,3,0,1,-1.1,4,0
S02001007,S02001007,20,13,7,44,-13,-7,24,84,64,26,-1.2,36,-0.5,16,-2.2,48,0.4
S02001007,S02001010,56,28,14,82,-42,-28,26,180,124,56,0,77,0.9,33,-3.3,103,-0.7
S02001007,S02001011,6,0,0,11,-6,-6,5,17,11,5,0.3,7,-0.5,3,-1.8,10,0.4
S02001007,S02001013,9,25,13,66,4,16,57,113,104,35,-4.4,48,-2,21,-1.7,65,1.7
S02001007,S02001014,13,24,5,8,-8,11,-5,50,37,16,-0.7,21,3.4,9,-1.4,29,-2.9
S02001007,S02001015,19,57,22,12,3,38,-7,110,91,34,-2.6,47,4.3,20,0.4,63,-3.7
S02001007,S02001016,4,10,4,21,0,6,17,39,35,12,-2.3,17,-0.6,7,-1.2,22,0.5
S02001007,S02001017,8,0,0,0,-8,-8,-8,8,0,2,3.5,3,2.5,1,-1.2,5,-2.1
S02001007,S02001018,4,0,0,5,-4,-4,1,9,5,3,0.7,4,0.1,2,-1.3,5,-0.1
S02001007,S02001019,3,0,0,0,-3,-3,-3,3,0,1,2.1,1,1.5,1,-0.7,2,-1.3
S02001007,S02001020,0,0,0,3,0,0,3,3,3,1,-1,1,-1.1,1,-0.7,2,1
S02001007,S02001185,7,6,0,4,-7,-1,-3,17,10,5,0.7,7,2.1,3,-1.8,10,-1.8
S02001007,S02001197,0,3,0,0,0,3,0,3,3,1,-1,1,1.5,1,-0.7,2,-1.3
S02001008,S02000625,0,0,0,7,0,0,7,7,7,2,-1.5,3,-1.7,1,-1.1,4,1.5
S02001008,S02000627,4,0,0,0,-4,-4,-4,4,0,1,2.5,2,1.8,1,-0.9,2,-1.5
S02001008,S02000631,3,0,0,0,-3,-3,-3,3,0,1,2.1,1,1.5,1,-0.7,2,-1.3
S02001008,S02000633,6,0,0,0,-6,-6,-6,6,0,2,3,3,2.2,1,-1.1,3,-1.9
S02001008,S02000634,3,0,3,3,0,-3,0,9,6,3,0.1,4,-0.4,2,1,5,0.4
S02001008,S02000644,5,0,6,0,1,-5,-5,11,6,3,0.9,5,0.1,2,2.8,6,-0.1
S02001008,S02000651,0,0,12,0,12,0,0,12,12,4,-1.9,5,-2.3,2,6.6,7,1.9
S02001008,S02000655,38,6,103,28,65,-32,-10,175,137,55,-2.2,74,-3.5,32,12.4,101,3
S02001008,S02000656,10,10,0,0,-10,0,-10,20,10,6,1.5,9,3.9,4,-1.9,11,-3.4
S02001008,S02000658,16,6,12,36,-4,-10,20,70,54,22,-1.2,30,-1.4,13,-0.3,40,1.2
S02001008,S02000660,25,4,5,0,-20,-21,-25,34,9,11,4.4,14,3.8,6,-0.5,20,-3.3
S02001008,S02000661,7,0,11,0,4,-7,-7,18,11,6,0.6,8,-0.2,3,4.2,10,0.2
S02001008,S02000664,13,0,0,0,-13,-13,-13,13,0,4,4.4,6,3.2,2,-1.6,7,-2.7
S02001008,S02000665,0,0,3,0,3,0,0,3,3,1,-1,1,-1.1,1,3.3,2,1
S02001008,S02000667,3,0,0,0,-3,-3,-3,3,0,1,2.1,1,1.5,1,-0.7,2,-1.3
S02001008,S02000669,0,0,3,0,3,0,0,3,3,1,-1,1,-1.1,1,3.3,2,1
S02001008,S02000670,0,3,0,0,0,3,0,3,3,1,-1,1,1.5,1,-0.7,2,-1.3
S02001008,S02000672,0,0,0,20,0,0,20,20,20,6,-2.5,9,-2.9,4,-1.9,11,2.5
S02001008,S02000684,3,6,0,0,-3,3,-3,9,6,3,0.1,4,2.6,2,-1.3,5,-2.3
S02001008,S02000689,5,0,0,3,-5,-5,-2,8,3,2,1.6,3,0.9,1,-1.2,5,-0.7
S02001008,S02000691,3,0,0,0,-3,-3,-3,3,0,1,2.1,1,1.5,1,-0.7,2,-1.3
S02001008,S02000712,0,4,0,3,0,4,3,7,7,2,-1.5,3,0.6,1,-1.1,4,-0.5
S02001008,S02000716,3,0,0,0,-3,-3,-3,3,0,1,2.1,1,1.5,1,-0.7,2,-1.3
S02001008,S02000771,4,0,0,16,-4,-4,12,20,16,6,-0.9,9,-1.5,4,-1.9,11,1.3
S02001008,S02000772,24,6,0,6,-24,-18,-18,36,12,11,3.8,15,3.8,7,-2.6,21,-3.2
S02001008,S02000774,0,0,0,3,0,0,3,3,3,1,-1,1,-1.1,1,-0.7,2,1
S02001008,S02000775,0,0,0,3,0,0,3,3,3,1,-1,1,-1.1,1,-0.7,2,1
S02001008,S02000776,3,0,0,0,-3,-3,-3,3,0,1,2.1,1,1.5,1,-0.7,2,-1.3
S02001008,S02000778,0,0,0,3,0,0,3,3,3,1,-1,1,-1.1,1,-0.7,2,1
S02001008,S02000781,12,0,4,8,-8,-12,-4,24,12,7,1.7,10,0.6,4,-0.2,14,-0.5
S02001008,S02000783,9,0,3,0,-6,-9,-9,12,3,4,2.7,5,1.7,2,0.5,7,-1.5
S02001008,S02000784,0,0,0,5,0,0,5,5,5,2,-1.2,2,-1.5,1,-1,3,1.3
S02001008,S02000983,0,0,0,3,0,0,3,3,3,1,-1,1,-1.1,1,-0.7,2,1
S02001008,S02000984,7,0,3,0,-4,-7,-7,10,3,3,2.2,4,1.3,2,0.8,6,-1.1
S02001008,S02000988,6,0,0,6,-6,-6,0,12,6,4,1.2,5,0.4,2,-1.5,7,-0.3
S02001008,S02000990,3,0,0,0,-3,-3,-3,3,0,1,2.1,1,1.5,1,-0.7,2,-1.3
S02001008,S02000993,30,0,0,0,-30,-30,-30,30,0,9,6.8,13,4.8,6,-2.4,17,-4.2
S02001008,S02000994,19,0,4,6,-15,-19,-13,29,10,9,3.3,12,1.9,5,-0.6,17,-1.6
S02001008,S02000996,0,0,0,3,0,0,3,3,3,1,-1,1,-1.1,1,-0.7,2,1
S02001008,S02000997,0,3,0,0,0,3,0,3,3,1,-1,1,1.5,1,-0.7,2,-1.3
S02001008,S02000998,15,5,3,27,-12,-10,12,50,35,16,-0.1,21,-0.3,9,-2.1,29,0.2
S02001008,S02000999,6,0,4,12,-2,-6,6,22,16,7,-0.3,9,-1.1,4,0,13,0.9
S02001008,S02001000,30,0,14,30,-16,-30,0,74,44,23,1.4,31,-0.3,14,0.1,43,0.2
S02001008,S02001003,6,0,0,6,-6,-6,0,12,6,4,1.2,5,0.4,2,-1.5,7,-0.3
S02001008,S02001004,3,0,0,5,-3,-3,2,8,5,2,0.3,3,-0.2,1,-1.2,5,0.2
S02001008,S02001005,0,0,0,10,0,0,10,10,10,3,-1.8,4,-2.1,2,-1.4,6,1.8
S02001008,S02001006,3,0,0,7,-3,-3,4,10,7,3,-0.1,4,-0.6,2,-1.4,6,0.5
S02001008,S02001007,0,4,0,4,0,4,4,8,8,2,-1.6,3,0.3,1,-1.2,5,-0.3
S02001008,S02001008,16,37,10,63,-6,21,47,126,110,39,-3.7,54,-0.1,23,-2.8,72,0.1
S02001008,S02001010,29,13,11,22,-18,-16,-7,75,46,23,1.2,32,1.8,14,-0.8,43,-1.5
S02001008,S02001011,3,0,0,3,-3,-3,0,6,3,2,0.8,3,0.3,1,-1.1,3,-0.2
S02001008,S02001012,5,0,4,41,-1,-5,36,50,45,16,-2.7,21,-3.5,9,-1.7,29,3
S02001008,S02001013,0,15,6,35,6,15,35,56,56,17,-4.2,24,-1.8,10,-1.4,32,1.6
S02001008,S02001014,4,0,5,0,1,-4,-4,9,5,3,0.7,4,0.1,2,2.6,5,-0.1
S02001008,S02001015,10,35,10,14,0,25,4,69,59,21,-2.5,29,2.9,13,-0.8,40,-2.5
S02001008,S02001016,8,3,0,4,-8,-5,-4,15,7,5,1.5,6,1.8,3,-1.7,9,-1.6
S02001008,S02001017,0,0,0,3,0,0,3,3,3,1,-1,1,-1.1,1,-0.7,2,1
S02001008,S02001018,0,0,0,4,0,0,4,4,4,1,-1.1,2,-1.3,1,-0.9,2,1.1
S02001008,S02001020,0,0,0,3,0,0,3,3,3,1,-1,1,-1.1,1,-0.7,2,1
S02001008,S02001185,10,7,4,6,-6,-3,-4,27,17,8,0.5,11,1.6,5,-0.4,16,-1.4
S02001009,S02000318,0,0,0,4,0,0,4,4,4,1,-1.1,2,-1.3,1,-0.9,2,1.1
S02001009,S02000324,0,0,0,4,0,0,4,4,4,1,-1.1,2,-1.3,1,-0.9,2,1.1
S02001009,S02000328,5,0,0,0,-5,-5,-5,5,0,2,2.8,2,2,1,-1,3,-1.7
S02001009,S02000597,0,0,3,0,3,0,0,3,3,1,-1,1,-1.1,1,3.3,2,1
S02001009,S02000607,5,0,0,0,-5,-5,-5,5,0,2,2.8,2,2,1,-1,3,-1.7
S02001009,S02000611,4,0,0,0,-4,-4,-4,4,0,1,2.5,2,1.8,1,-0.9,2,-1.5
S02001009,S02000625,0,0,0,3,0,0,3,3,3,1,-1,1,-1.1,1,-0.7,2,1
S02001009,S02000627,3,0,0,0,-3,-3,-3,3,0,1,2.1,1,1.5,1,-0.7,2,-1.3
S02001009,S02000631,0,0,3,0,3,0,0,3,3,1,-1,1,-1.1,1,3.3,2,1
S02001009,S02000634,5,0,0,3,-5,-5,-2,8,3,2,1.6,3,0.9,1,-1.2,5,-0.7
S02001009,S02000635,0,0,0,3,0,0,3,3,3,1,-1,1,-1.1,1,-0.7,2,1
S02001009,S02000638,4,0,0,0,-4,-4,-4,4,0,1,2.5,2,1.8,1,-0.9,2,-1.5
S02001009,S02000649,0,0,0,4,0,0,4,4,4,1,-1.1,2,-1.3,1,-0.9,2,1.1
S02001009,S02000651,0,0,9,0,9,0,0,9,9,3,-1.7,4,-2,2,5.7,5,1.7
S02001009,S02000655,49,12,102,16,53,-37,-33,179,130,56,-0.9,76,-1.7,33,12,103,1.5
S02001009,S02000656,10,7,3,0,-7,-3,-10,20,10,6,1.5,9,2.9,4,-0.4,11,-2.5
S02001009,S02000658,25,3,13,36,-12,-22,11,77,52,24,0.2,33,-0.8,14,-0.3,44,0.7
S02001009,S02000660,25,4,9,3,-16,-21,-22,41,16,13,3.4,17,2.8,8,0.5,24,-2.4
S02001009,S02000661,5,0,0,6,-5,-5,1,11,6,3,0.9,5,0.1,2,-1.4,6,-0.1
S02001009,S02000664,6,0,0,0,-6,-6,-6,6,0,2,3,3,2.2,1,-1.1,3,-1.9
S02001009,S02000668,3,0,0,0,-3,-3,-3,3,0,1,2.1,1,1.5,1,-0.7,2,-1.3
S02001009,S02000669,0,0,0,3,0,0,3,3,3,1,-1,1,-1.1,1,-0.7,2,1
S02001009,S02000672,3,0,0,17,-3,-3,14,20,17,6,-1.3,9,-1.9,4,-1.9,11,1.6
S02001009,S02000675,0,0,0,3,0,0,3,3,3,1,-1,1,-1.1,1,-0.7,2,1
S02001009,S02000681,0,0,0,3,0,0,3,3,3,1,-1,1,-1.1,1,-0.7,2,1
S02001009,S02000684,4,3,0,0,-4,-1,-4,7,3,2,1.2,3,2.3,1,-1.1,4,-2
S02001009,S02000689,0,0,0,4,0,0,4,4,4,1,-1.1,2,-1.3,1,-0.9,2,1.1
S02001009,S02000701,0,3,0,0,0,3,0,3,3,1,-1,1,1.5,1,-0.7,2,-1.3
S02001009,S02000772,6,0,0,0,-6,-6,-6,6,0,2,3,3,2.2,1,-1.1,3,-1.9
S02001009,S02000775,0,0,0,3,0,0,3,3,3,1,-1,1,-1.1,1,-0.7,2,1
S02001009,S02000780,0,0,0,3,0,0,3,3,3,1,-1,1,-1.1,1,-0.7,2,1
S02001009,S02000781,12,0,9,6,-3,-12,-6,27,15,8,1.2,11,0.2,5,1.8,16,-0.1
S02001009,S02000783,5,0,0,0,-5,-5,-5,5,0,2,2.8,2,2,1,-1,3,-1.7
S02001009,S02000784,0,0,0,5,0,0,5,5,5,2,-1.2,2,-1.5,1,-1,3,1.3
S02001009,S02000983,0,0,0,4,0,0,4,4,4,1,-1.1,2,-1.3,1,-0.9,2,1.1
S02001009,S02000984,0,0,0,4,0,0,4,4,4,1,-1.1,2,-1.3,1,-0.9,2,1.1
S02001009,S02000988,0,0,0,4,0,0,4,4,4,1,-1.1,2,-1.3,1,-0.9,2,1.1
S02001009,S02000990,0,0,0,3,0,0,3,3,3,1,-1,1,-1.1,1,-0.7,2,1
S02001009,S02000992,0,0,0,4,0,0,4,4,4,1,-1.1,2,-1.3,1,-0.9,2,1.1
S02001009,S02000993,24,0,0,0,-24,-24,-24,24,0,7,6,10,4.3,4,-2.1,14,-3.7
S02001009,S02000994,11,0,0,3,-11,-11,-8,14,3,4,3.2,6,2.1,3,-1.6,8,-1.8
S02001009,S02000997,6,7,0,3,-6,1,-3,16,10,5,0.5,7,2.4,3,-1.7,9,-2
S02001009,S02000998,7,0,3,11,-4,-7,4,21,14,7,0.2,9,-0.6,4,-0.4,12,0.6
S02001009,S02000999,3,0,0,22,-3,-3,19,25,22,8,-1.7,11,-2.3,5,-2.2,14,2
S02001009,S02001000,23,3,17,37,-6,-20,14,80,57,25,-0.4,34,-1.4,15,0.6,46,1.2
S02001009,S02001003,7,0,0,3,-7,-7,-4,10,3,3,2.2,4,1.3,2,-1.4,6,-1.1
S02001009,S02001004,3,0,0,7,-3,-3,4,10,7,3,-0.1,4,-0.6,2,-1.4,6,0.5
S02001009,S02001005,4,3,0,8,-4,-1,4,15,11,5,-0.3,6,0.2,3,-1.7,9,-0.2
S02001009,S02001006,3,0,0,6,-3,-3,3,9,6,3,0.1,4,-0.4,2,-1.3,5,0.4
S02001009,S02001007,0,0,0,5,0,0,5,5,5,2,-1.2,2,-1.5,1,-1,3,1.3
S02001009,S02001008,4,0,3,9,-1,-4,5,16,12,5,-0.4,7,-1.1,3,0,9,0.9
S02001009,S02001010,45,7,18,27,-27,-38,-18,97,52,30,2.7,41,1.7,18,0,56,-1.4
S02001009,S02001011,0,0,0,4,0,0,4,4,4,1,-1.1,2,-1.3,1,-0.9,2,1.1
S02001009,S02001012,3,7,3,33,0,4,30,46,43,14,-3,20,-2.2,9,-1.9,26,1.9
S02001009,S02001013,7,6,4,35,-3,-1,28,52,45,16,-2.3,22,-1.9,10,-1.8,30,1.7
S02001009,S02001014,0,7,3,3,3,7,3,13,13,4,-2,6,0.6,2,0.4,7,-0.5
S02001009,S02001015,17,35,7,25,-10,18,8,84,67,26,-1.8,36,2.7,16,-2.2,48,-2.3
S02001009,S02001016,0,0,3,3,3,0,3,6,6,2,-1.4,3,-1.6,1,1.8,3,1.4
S02001009,S02001018,11,0,0,0,-11,-11,-11,11,0,3,4.1,5,2.9,2,-1.4,6,-2.5
S02001009,S02001184,0,0,3,0,3,0,0,3,3,1,-1,1,-1.1,1,3.3,2,1
S02001009,S02001185,0,3,5,4,5,3,4,12,12,4,-1.9,5,-0.9,2,1.9,7,0.8
S02001010,S02000279,0,0,0,3,0,0,3,3,3,1,-1,1,-1.1,1,-0.7,2,1
S02001010,S02000282,0,0,0,3,0,0,3,3,3,1,-1,1,-1.1,1,-0.7,2,1
S02001010,S02000313,4,0,0,0,-4,-4,-4,4,0,1,2.5,2,1.8,1,-0.9,2,-1.5
S02001010,S02000321,3,0,0,0,-3,-3,-3,3,0,1,2.1,1,1.5,1,-0.7,2,-1.3
S02001010,S02000328,10,0,0,3,-10,-10,-7,13,3,4,3,6,1.9,2,-1.6,7,-1.6
S02001010,S02000587,0,3,0,0,0,3,0,3,3,1,-1,1,1.5,1,-0.7,2,-1.3
S02001010,S02000597,0,0,0,6,0,0,6,6,6,2,-1.4,3,-1.6,1,-1.1,3,1.4
S02001010,S02000601,3,0,0,0,-3,-3,-3,3,0,1,2.1,1,1.5,1,-0.7,2,-1.3
S02001010,S02000607,3,0,0,0,-3,-3,-3,3,0,1,2.1,1,1.5,1,-0.7,2,-1.3
S02001010,S02000625,0,0,3,4,3,0,4,7,7,2,-1.5,3,-1.7,1,1.5,4,1.5
S02001010,S02000627,0,3,0,0,0,3,0,3,3,1,-1,1,1.5,1,-0.7,2,-1.3
S02001010,S02000628,7,0,0,0,-7,-7,-7,7,0,2,3.3,3,2.3,1,-1.1,4,-2
S02001010,S02000631,3,0,0,0,-3,-3,-3,3,0,1,2.1,1,1.5,1,-0.7,2,-1.3
S02001010,S02000634,9,0,3,4,-6,-9,-5,16,7,5,1.8,7,0.8,3,0,9,-0.7
S02001010,S02000635,0,0,0,4,0,0,4,4,4,1,-1.1,2,-1.3,1,-0.9,2,1.1
S02001010,S02000638,6,0,0,0,-6,-6,-6,6,0,2,3,3,2.2,1,-1.1,3,-1.9
S02001010,S02000642,3,0,0,0,-3,-3,-3,3,0,1,2.1,1,1.5,1,-0.7,2,-1.3
S02001010,S02000644,0,0,5,0,5,0,0,5,5,2,-1.2,2,-1.5,1,4.2,3,1.3
S02001010,S02000648,0,0,0,4,0,0,4,4,4,1,-1.1,2,-1.3,1,-0.9,2,1.1
S02001010,S02000651,4,0,6,0,2,-4,-4,10,6,3,0.5,4,-0.1,2,3.1,6,0.1
S02001010,S02000655,27,5,81,22,54,-22,-5,135,108,42,-2.3,57,-3.4,25,11.2,78,2.9
S02001010,S02000656,3,4,3,5,0,1,2,15,12,5,-0.8,6,0.2,3,0.1,9,-0.2
S02001010,S02000658,20,0,7,20,-13,-20,0,47,27,15,1.4,20,0,9,-0.6,27,0
S02001010,S02000659,0,0,4,0,4,0,0,4,4,1,-1.1,2,-1.3,1,3.8,2,1.1
S02001010,S02000660,24,3,0,4,-24,-21,-20,31,7,10,4.6,13,3.8,6,-2.4,18,-3.3
S02001010,S02000661,6,0,13,8,7,-6,2,27,21,8,-0.8,11,-1.6,5,3.6,16,1.4
S02001010,S02000664,0,0,0,3,0,0,3,3,3,1,-1,1,-1.1,1,-0.7,2,1
S02001010,S02000665,0,0,0,3,0,0,3,3,3,1,-1,1,-1.1,1,-0.7,2,1
S02001010,S02000672,3,0,0,10,-3,-3,7,13,10,4,-0.5,6,-1.1,2,-1.6,7,0.9
S02001010,S02000676,0,0,3,0,3,0,0,3,3,1,-1,1,-1.1,1,3.3,2,1
S02001010,S02000689,4,0,0,3,-4,-4,-1,7,3,2,1.2,3,0.6,1,-1.1,4,-0.5
S02001010,S02000777,0,0,0,3,0,0,3,3,3,1,-1,1,-1.1,1,-0.7,2,1
S02001010,S02000781,10,0,7,4,-3,-10,-6,21,11,7,1.4,9,0.4,4,1.6,12,-0.3
S02001010,S02000984,17,0,0,0,-17,-17,-17,17,0,5,5.1,7,3.6,3,-1.8,10,-3.1
S02001010,S02000988,0,0,0,5,0,0,5,5,5,2,-1.2,2,-1.5,1,-1,3,1.3
S02001010,S02000989,0,0,3,0,3,0,0,3,3,1,-1,1,-1.1,1,3.3,2,1
S02001010,S02000990,0,0,0,5,0,0,5,5,5,2,-1.2,2,-1.5,1,-1,3,1.3
S02001010,S02000991,0,5,0,7,0,5,7,12,12,4,-1.9,5,0,2,-1.5,7,0
S02001010,S02000993,36,0,0,4,-36,-36,-32,40,4,12,6.7,17,4.6,7,-2.7,23,-4
S02001010,S02000994,7,5,0,0,-7,-2,-7,12,5,4,1.7,5,3.1,2,-1.5,7,-2.6
S02001010,S02000995,5,0,0,0,-5,-5,-5,5,0,2,2.8,2,2,1,-1,3,-1.7
S02001010,S02000997,0,5,0,4,0,5,4,9,9,3,-1.7,4,0.6,2,-1.3,5,-0.5
S02001010,S02000998,10,3,0,12,-10,-7,2,25,15,8,0.8,11,0.7,5,-2.2,14,-0.6
S02001010,S02000999,6,0,6,19,0,-6,13,31,25,10,-1.2,13,-2,6,0.1,18,1.7
S02001010,S02001000,54,6,19,77,-35,-48,23,156,102,49,0.8,66,-0.8,29,-1.8,90,0.7
S02001010,S02001001,3,0,0,8,-3,-3,5,11,8,3,-0.2,5,-0.8,2,-1.4,6,0.7
S02001010,S02001002,3,0,0,0,-3,-3,-3,3,0,1,2.1,1,1.5,1,-0.7,2,-1.3
S02001010,S02001003,15,0,4,9,-11,-15,-6,28,13,9,2.1,12,0.9,5,-0.5,16,-0.8
S02001010,S02001004,0,0,0,12,0,0,12,12,12,4,-1.9,5,-2.3,2,-1.5,7,1.9
S02001010,S02001006,3,0,3,4,0,-3,1,10,7,3,-0.1,4,-0.6,2,0.8,6,0.5
S02001010,S02001007,7,6,0,6,-7,-1,-1,19,12,6,0.4,8,1.7,4,-1.9,11,-1.5
S02001010,S02001008,0,7,0,0,0,7,0,7,7,2,-1.5,3,2.3,1,-1.1,4,-2
S02001010,S02001010,121,37,29,120,-92,-84,-1,307,186,96,2.6,131,2.4,57,-3.7,176,-2.1
S02001010,S02001011,7,0,0,5,-7,-7,-2,12,5,4,1.7,5,0.8,2,-1.5,7,-0.7
S02001010,S02001013,8,16,8,49,0,8,41,81,73,25,-3.4,34,-1.8,15,-1.8,47,1.5
S02001010,S02001014,18,9,5,10,-13,-9,-8,42,24,13,1.4,18,2.2,8,-1,24,-1.9
S02001010,S02001015,14,69,15,20,1,55,6,118,104,37,-3.8,50,4.6,22,-1.5,68,-4
S02001010,S02001016,8,3,0,7,-8,-5,-1,18,10,6,1,8,1.2,3,-1.8,10,-1
S02001010,S02001017,9,0,0,0,-9,-9,-9,9,0,3,3.7,4,2.6,2,-1.3,5,-2.3
S02001010,S02001018,0,0,0,3,0,0,3,3,3,1,-1,1,-1.1,1,-0.7,2,1
S02001010,S02001185,6,0,4,0,-2,-6,-6,10,4,3,1.6,4,0.8,2,1.6,6,-0.7
S02001011,S02000328,8,0,0,0,-8,-8,-8,8,0,2,3.5,3,2.5,1,-1.2,5,-2.1
S02001011,S02000329,0,0,0,3,0,0,3,3,3,1,-1,1,-1.1,1,-0.7,2,1
S02001011,S02000599,5,5,0,0,-5,0,-5,10,5,3,1.1,4,2.8,2,-1.4,6,-2.4
S02001011,S02000607,8,0,3,0,-5,-8,-8,11,3,3,2.5,5,1.5,2,0.7,6,-1.3
S02001011,S02000608,4,0,0,0,-4,-4,-4,4,0,1,2.5,2,1.8,1,-0.9,2,-1.5
S02001011,S02000610,0,6,0,0,0,6,0,6,6,2,-1.4,3,2.2,1,-1.1,3,-1.9
S02001011,S02000611,0,3,0,5,0,3,5,8,8,2,-1.6,3,-0.2,1,-1.2,5,0.2
S02001011,S02000621,3,0,0,0,-3,-3,-3,3,0,1,2.1,1,1.5,1,-0.7,2,-1.3
S02001011,S02000625,3,0,0,3,-3,-3,0,6,3,2,0.8,3,0.3,1,-1.1,3,-0.2
S02001011,S02000627,4,0,0,0,-4,-4,-4,4,0,1,2.5,2,1.8,1,-0.9,2,-1.5
S02001011,S02000628,6,0,0,0,-6,-6,-6,6,0,2,3,3,2.2,1,-1.1,3,-1.9
S02001011,S02000631,0,0,0,5,0,0,5,5,5,2,-1.2,2,-1.5,1,-1,3,1.3
S02001011,S02000633,0,3,0,0,0,3,0,3,3,1,-1,1,1.5,1,-0.7,2,-1.3
S02001011,S02000634,8,0,0,4,-8,-8,-4,12,4,4,2.2,5,1.3,2,-1.5,7,-1.1
S02001011,S02000638,5,0,0,0,-5,-5,-5,5,0,2,2.8,2,2,1,-1,3,-1.7
S02001011,S02000642,6,0,4,0,-2,-6,-6,10,4,3,1.6,4,0.8,2,1.6,6,-0.7
S02001011,S02000644,5,0,7,0,2,-5,-5,12,7,4,0.7,5,0,2,3.2,7,0
S02001011,S02000649,0,0,3,3,3,0,3,6,6,2,-1.4,3,-1.6,1,1.8,3,1.4
S02001011,S02000651,0,0,3,4,3,0,4,7,7,2,-1.5,3,-1.7,1,1.5,4,1.5
S02001011,S02000655,36,12,61,31,25,-24,-5,140,104,44,-1.2,60,-1.5,26,6.9,80,1.3
S02001011,S02000656,12,24,0,15,-12,12,3,51,39,16,-1,22,3.1,9,-3.1,29,-2.6
S02001011,S02000658,18,3,14,30,-4,-15,12,65,47,20,-0.5,28,-1.3,12,0.6,37,1.1
S02001011,S02000660,66,13,9,14,-57,-53,-52,102,36,32,6.1,43,5.4,19,-2.3,59,-4.7
S02001011,S02000661,12,0,5,6,-7,-12,-6,23,11,7,1.8,10,0.7,4,0.4,13,-0.6
S02001011,S02000663,0,3,0,0,0,3,0,3,3,1,-1,1,1.5,1,-0.7,2,-1.3
S02001011,S02000664,3,0,0,0,-3,-3,-3,3,0,1,2.1,1,1.5,1,-0.7,2,-1.3
S02001011,S02000669,0,0,4,3,4,0,3,7,7,2,-1.5,3,-1.7,1,2.4,4,1.5
S02001011,S02000670,0,3,0,0,0,3,0,3,3,1,-1,1,1.5,1,-0.7,2,-1.3
S02001011,S02000672,0,0,0,19,0,0,19,19,19,6,-2.4,8,-2.8,4,-1.9,11,2.4
S02001011,S02000676,0,0,3,0,3,0,0,3,3,1,-1,1,-1.1,1,3.3,2,1
S02001011,S02000679,0,0,3,0,3,0,0,3,3,1,-1,1,-1.1,1,3.3,2,1
S02001011,S02000684,3,14,0,7,-3,11,4,24,21,7,-1.6,10,2.1,4,-2.1,14,-1.8
S02001011,S02000689,9,0,0,3,-9,-9,-6,12,3,4,2.7,5,1.7,2,-1.5,7,-1.5
S02001011,S02000691,4,0,0,0,-4,-4,-4,4,0,1,2.5,2,1.8,1,-0.9,2,-1.5
S02001011,S02000693,3,0,0,0,-3,-3,-3,3,0,1,2.1,1,1.5,1,-0.7,2,-1.3
S02001011,S02000716,3,0,0,0,-3,-3,-3,3,0,1,2.1,1,1.5,1,-0.7,2,-1.3
S02001011,S02000776,0,5,0,0,0,5,0,5,5,2,-1.2,2,2,1,-1,3,-1.7
S02001011,S02000781,0,0,0,6,0,0,6,6,6,2,-1.4,3,-1.6,1,-1.1,3,1.4
S02001011,S02000984,6,0,0,0,-6,-6,-6,6,0,2,3,3,2.2,1,-1.1,3,-1.9
S02001011,S02000986,0,0,0,5,0,0,5,5,5,2,-1.2,2,-1.5,1,-1,3,1.3
S02001011,S02000988,0,0,0,6,0,0,6,6,6,2,-1.4,3,-1.6,1,-1.1,3,1.4
S02001011,S02000990,0,0,0,3,0,0,3,3,3,1,-1,1,-1.1,1,-0.7,2,1
S02001011,S02000991,0,0,0,3,0,0,3,3,3,1,-1,1,-1.1,1,-0.7,2,1
S02001011,S02000993,24,0,0,0,-24,-24,-24,24,0,7,6,10,4.3,4,-2.1,14,-3.7
S02001011,S02000994,6,0,0,0,-6,-6,-6,6,0,2,3,3,2.2,1,-1.1,3,-1.9
S02001011,S02000997,0,12,0,3,0,12,3,15,15,5,-2.2,6,2.2,3,-1.7,9,-1.9
S02001011,S02000998,4,3,0,6,-4,-1,2,13,9,4,0,6,0.6,2,-1.6,7,-0.5
S02001011,S02000999,3,0,0,21,-3,-3,18,24,21,7,-1.6,10,-2.3,4,-2.1,14,1.9
S02001011,S02001000,43,8,9,34,-34,-35,-9,94,51,29,2.5,40,1.7,17,-2,54,-1.5
S02001011,S02001003,4,0,0,9,-4,-4,5,13,9,4,0,6,-0.7,2,-1.6,7,0.6
S02001011,S02001004,4,0,4,4,0,-4,0,12,8,4,0.1,5,-0.5,2,1.2,7,0.4
S02001011,S02001005,0,0,0,3,0,0,3,3,3,1,-1,1,-1.1,1,-0.7,2,1
S02001011,S02001007,9,15,3,14,-6,6,5,41,32,13,-1.1,17,1.6,8,-1.7,24,-1.4
S02001011,S02001010,51,27,13,46,-38,-24,-5,137,86,43,1.3,58,2.6,25,-2.5,79,-2.2
S02001011,S02001011,22,5,3,30,-19,-17,8,60,38,19,0.8,26,0.3,11,-2.4,34,-0.3
S02001011,S02001013,29,35,23,168,-6,6,139,255,226,79,-5.7,108,-4.3,47,-3.5,147,3.7
S02001011,S02001014,15,24,16,21,1,9,6,76,61,24,-1.8,32,1.2,14,0.5,44,-1
S02001011,S02001015,15,47,12,9,-3,32,-6,83,68,26,-2.1,35,4.5,15,-0.9,48,-3.9
S02001011,S02001016,28,16,11,32,-17,-12,4,87,59,27,0.2,37,1.2,16,-1.3,50,-1
S02001011,S02001017,6,0,0,0,-6,-6,-6,6,0,2,3,3,2.2,1,-1.1,3,-1.9
S02001011,S02001018,4,0,0,0,-4,-4,-4,4,0,1,2.5,2,1.8,1,-0.9,2,-1.5
S02001011,S02001019,0,0,0,4,0,0,4,4,4,1,-1.1,2,-1.3,1,-0.9,2,1.1
S02001011,S02001184,3,0,0,0,-3,-3,-3,3,0,1,2.1,1,1.5,1,-0.7,2,-1.3
S02001011,S02001185,5,0,0,3,-5,-5,-2,8,3,2,1.6,3,0.9,1,-1.2,5,-0.7
S02001011,S02001197,0,4,0,0,0,4,0,4,4,1,-1.1,2,1.8,1,-0.9,2,-1.5
S02001012,S02000328,0,0,0,3,0,0,3,3,3,1,-1,1,-1.1,1,-0.7,2,1
S02001012,S02000599,0,3,0,0,0,3,0,3,3,1,-1,1,1.5,1,-0.7,2,-1.3
S02001012,S02000612,0,0,0,3,0,0,3,3,3,1,-1,1,-1.1,1,-0.7,2,1
S02001012,S02000631,0,6,0,0,0,6,0,6,6,2,-1.4,3,2.2,1,-1.1,3,-1.9
S02001012,S02000634,6,0,0,0,-6,-6,-6,6,0,2,3,3,2.2,1,-1.1,3,-1.9
S02001012,S02000638,4,0,0,0,-4,-4,-4,4,0,1,2.5,2,1.8,1,-0.9,2,-1.5
S02001012,S02000644,0,3,3,0,3,3,0,6,6,2,-1.4,3,0.3,1,1.8,3,-0.2
S02001012,S02000651,0,0,3,0,3,0,0,3,3,1,-1,1,-1.1,1,3.3,2,1
S02001012,S02000655,30,5,74,18,44,-25,-12,127,97,40,-1.5,54,-2.6,23,10.4,73,2.2
S02001012,S02000656,3,3,0,0,-3,0,-3,6,3,2,0.8,3,2.2,1,-1.1,3,-1.9
S02001012,S02000658,13,0,9,40,-4,-13,27,62,49,19,-1.4,26,-2.6,11,-0.7,36,2.2
S02001012,S02000659,0,0,3,0,3,0,0,3,3,1,-1,1,-1.1,1,3.3,2,1
S02001012,S02000660,15,0,0,4,-15,-15,-11,19,4,6,3.7,8,2.4,4,-1.9,11,-2.1
S02001012,S02000661,4,0,7,4,3,-4,0,15,11,5,-0.3,6,-0.9,3,2.5,9,0.8
S02001012,S02000664,5,0,0,0,-5,-5,-5,5,0,2,2.8,2,2,1,-1,3,-1.7
S02001012,S02000670,3,0,0,0,-3,-3,-3,3,0,1,2.1,1,1.5,1,-0.7,2,-1.3
S02001012,S02000672,0,0,0,17,0,0,17,17,17,5,-2.3,7,-2.7,3,-1.8,10,2.3
S02001012,S02000676,3,0,0,0,-3,-3,-3,3,0,1,2.1,1,1.5,1,-0.7,2,-1.3
S02001012,S02000684,0,8,0,0,0,8,0,8,8,2,-1.6,3,2.5,1,-1.2,5,-2.1
S02001012,S02000689,9,0,0,3,-9,-9,-6,12,3,4,2.7,5,1.7,2,-1.5,7,-1.5
S02001012,S02000771,0,0,0,9,0,0,9,9,9,3,-1.7,4,-2,2,-1.3,5,1.7
S02001012,S02000772,3,0,0,0,-3,-3,-3,3,0,1,2.1,1,1.5,1,-0.7,2,-1.3
S02001012,S02000779,4,0,0,0,-4,-4,-4,4,0,1,2.5,2,1.8,1,-0.9,2,-1.5
S02001012,S02000781,7,0,5,3,-2,-7,-4,15,8,5,1.1,6,0.2,3,1.3,9,-0.2
S02001012,S02000783,4,0,3,0,-1,-4,-4,7,3,2,1.2,3,0.6,1,1.5,4,-0.5
S02001012,S02000784,3,0,0,5,-3,-3,2,8,5,2,0.3,3,-0.2,1,-1.2,5,0.2
S02001012,S02000984,9,0,0,0,-9,-9,-9,9,0,3,3.7,4,2.6,2,-1.3,5,-2.3
S02001012,S02000988,0,0,0,5,0,0,5,5,5,2,-1.2,2,-1.5,1,-1,3,1.3
S02001012,S02000990,3,0,0,0,-3,-3,-3,3,0,1,2.1,1,1.5,1,-0.7,2,-1.3
S02001012,S02000991,0,3,0,0,0,3,0,3,3,1,-1,1,1.5,1,-0.7,2,-1.3
S02001012,S02000992,3,0,0,5,-3,-3,2,8,5,2,0.3,3,-0.2,1,-1.2,5,0.2
S02001012,S02000993,28,0,0,0,-28,-28,-28,28,0,9,6.5,12,4.7,5,-2.3,16,-4
S02001012,S02000994,5,0,3,7,-2,-5,2,15,10,5,0.2,6,-0.5,3,0.1,9,0.5
S02001012,S02000997,0,0,0,3,0,0,3,3,3,1,-1,1,-1.1,1,-0.7,2,1
S02001012,S02000998,7,7,4,8,-3,0,1,26,19,8,-0.4,11,0.9,5,-0.4,15,-0.8
S02001012,S02000999,4,0,0,26,-4,-4,22,30,26,9,-1.7,13,-2.5,6,-2.4,17,2.1
S02001012,S02001000,24,9,6,34,-18,-15,10,73,49,23,0.3,31,0.4,14,-2,42,-0.3
S02001012,S02001003,6,0,0,3,-6,-6,-3,9,3,3,1.9,4,1.1,2,-1.3,5,-1
S02001012,S02001004,3,0,0,6,-3,-3,3,9,6,3,0.1,4,-0.4,2,-1.3,5,0.4
S02001012,S02001005,5,0,0,8,-5,-5,3,13,8,4,0.5,6,-0.2,2,-1.6,7,0.2
S02001012,S02001006,0,0,0,4,0,0,4,4,4,1,-1.1,2,-1.3,1,-0.9,2,1.1
S02001012,S02001007,0,4,0,5,0,4,5,9,9,3,-1.7,4,0.1,2,-1.3,5,-0.1
S02001012,S02001008,6,12,4,13,-2,6,7,35,29,11,-1.5,15,0.8,6,-1,20,-0.7
S02001012,S02001010,41,10,11,22,-30,-31,-19,84,43,26,2.9,36,2.6,16,-1.2,48,-2.2
S02001012,S02001011,0,0,0,3,0,0,3,3,3,1,-1,1,-1.1,1,-0.7,2,1
S02001012,S02001012,8,4,0,27,-8,-4,19,39,31,12,-1.2,17,-1.1,7,-2.7,22,1
S02001012,S02001013,4,9,0,20,-4,5,16,33,29,10,-2,14,-0.3,6,-2.5,19,0.2
S02001012,S02001014,4,6,0,0,-4,2,-4,10,6,3,0.5,4,2.8,2,-1.4,6,-2.4
S02001012,S02001015,15,35,13,19,-2,20,4,82,67,26,-2.1,35,2.6,15,-0.6,47,-2.2
S02001012,S02001016,4,3,0,3,-4,-1,-1,10,6,3,0.5,4,1.3,2,-1.4,6,-1.1
S02001012,S02001018,0,0,0,7,0,0,7,7,7,2,-1.5,3,-1.7,1,-1.1,4,1.5
S02001012,S02001185,6,0,0,0,-6,-6,-6,6,0,2,3,3,2.2,1,-1.1,3,-1.9
S02001012,S02001190,0,3,0,0,0,3,0,3,3,1,-1,1,1.5,1,-0.7,2,-1.3
S02001013,S02000311,0,0,0,3,0,0,3,3,3,1,-1,1,-1.1,1,-0.7,2,1
S02001013,S02000324,0,0,0,5,0,0,5,5,5,2,-1.2,2,-1.5,1,-1,3,1.3
S02001013,S02000327,0,0,0,3,0,0,3,3,3,1,-1,1,-1.1,1,-0.7,2,1
S02001013,S02000328,6,0,0,7,-6,-6,1,13,7,4,1,6,0.2,2,-1.6,7,-0.2
S02001013,S02000590,0,0,0,3,0,0,3,3,3,1,-1,1,-1.1,1,-0.7,2,1
S02001013,S02000597,0,0,5,14,5,0,14,19,19,6,-2.4,8,-2.8,4,0.8,11,2.4
S02001013,S02000599,4,0,0,0,-4,-4,-4,4,0,1,2.5,2,1.8,1,-0.9,2,-1.5
S02001013,S02000602,0,0,0,3,0,0,3,3,3,1,-1,1,-1.1,1,-0.7,2,1
S02001013,S02000607,9,0,0,0,-9,-9,-9,9,0,3,3.7,4,2.6,2,-1.3,5,-2.3
S02001013,S02000608,9,0,0,0,-9,-9,-9,9,0,3,3.7,4,2.6,2,-1.3,5,-2.3
S02001013,S02000611,3,0,0,0,-3,-3,-3,3,0,1,2.1,1,1.5,1,-0.7,2,-1.3
S02001013,S02000615,0,3,0,3,0,3,3,6,6,2,-1.4,3,0.3,1,-1.1,3,-0.2
S02001013,S02000625,4,0,0,7,-4,-4,3,11,7,3,0.3,5,-0.3,2,-1.4,6,0.3
S02001013,S02000627,4,0,0,5,-4,-4,1,9,5,3,0.7,4,0.1,2,-1.3,5,-0.1
S02001013,S02000628,4,0,0,0,-4,-4,-4,4,0,1,2.5,2,1.8,1,-0.9,2,-1.5
S02001013,S02000631,0,4,3,4,3,4,4,11,11,3,-1.9,5,-0.3,2,0.7,6,0.3
S02001013,S02000633,7,0,0,0,-7,-7,-7,7,0,2,3.3,3,2.3,1,-1.1,4,-2
S02001013,S02000634,13,0,0,12,-13,-13,-1,25,12,8,1.9,11,0.7,5,-2.2,14,-0.6
S02001013,S02000635,0,0,0,4,0,0,4,4,4,1,-1.1,2,-1.3,1,-0.9,2,1.1
S02001013,S02000637,5,0,0,0,-5,-5,-5,5,0,2,2.8,2,2,1,-1,3,-1.7
S02001013,S02000638,0,3,0,0,0,3,0,3,3,1,-1,1,1.5,1,-0.7,2,-1.3
S02001013,S02000642,4,0,4,5,0,-4,1,13,9,4,0,6,-0.7,2,1,7,0.6
S02001013,S02000644,6,0,7,0,1,-6,-6,13,7,4,1,6,0.2,2,3,7,-0.2
S02001013,S02000649,5,0,0,9,-5,-5,4,14,9,4,0.3,6,-0.4,3,-1.6,8,0.3
S02001013,S02000651,4,0,15,5,11,-4,1,24,20,7,-1.3,10,-1.9,4,5,14,1.7
S02001013,S02000655,52,5,116,31,64,-47,-21,204,152,64,-1.4,87,-3.2,38,12.7,117,2.7
S02001013,S02000656,23,25,0,21,-23,2,-2,69,46,21,0.3,29,3.4,13,-3.6,40,-3
S02001013,S02000658,30,0,23,49,-7,-30,19,102,72,32,-0.3,43,-2,19,1,59,1.7
S02001013,S02000659,0,0,4,0,4,0,0,4,4,1,-1.1,2,-1.3,1,3.8,2,1.1
S02001013,S02000660,125,8,9,17,-116,-117,-108,159,34,50,10.7,68,8,29,-3.8,91,-6.8
S02001013,S02000661,15,0,10,6,-5,-15,-9,31,16,10,1.7,13,0.5,6,1.8,18,-0.4
S02001013,S02000664,8,0,0,0,-8,-8,-8,8,0,2,3.5,3,2.5,1,-1.2,5,-2.1
S02001013,S02000665,0,0,3,0,3,0,0,3,3,1,-1,1,-1.1,1,3.3,2,1
S02001013,S02000667,4,0,0,0,-4,-4,-4,4,0,1,2.5,2,1.8,1,-0.9,2,-1.5
S02001013,S02000670,3,5,0,0,-3,2,-3,8,5,2,0.3,3,2.5,1,-1.2,5,-2.1
S02001013,S02000671,0,0,0,4,0,0,4,4,4,1,-1.1,2,-1.3,1,-0.9,2,1.1
S02001013,S02000672,0,0,3,32,3,0,32,35,35,11,-3.3,15,-3.9,6,-1.4,20,3.3
S02001013,S02000676,0,4,0,4,0,4,4,8,8,2,-1.6,3,0.3,1,-1.2,5,-0.3
S02001013,S02000681,0,0,0,4,0,0,4,4,4,1,-1.1,2,-1.3,1,-0.9,2,1.1
S02001013,S02000684,3,21,0,3,-3,18,0,27,24,8,-1.9,11,3.7,5,-2.2,16,-3.2
S02001013,S02000689,23,0,0,4,-23,-23,-19,27,4,8,5,11,3.4,5,-2.2,16,-2.9
S02001013,S02000691,4,0,0,0,-4,-4,-4,4,0,1,2.5,2,1.8,1,-0.9,2,-1.5
S02001013,S02000696,0,0,0,4,0,0,4,4,4,1,-1.1,2,-1.3,1,-0.9,2,1.1
S02001013,S02000707,0,0,0,3,0,0,3,3,3,1,-1,1,-1.1,1,-0.7,2,1
S02001013,S02000711,0,0,0,3,0,0,3,3,3,1,-1,1,-1.1,1,-0.7,2,1
S02001013,S02000772,3,0,0,0,-3,-3,-3,3,0,1,2.1,1,1.5,1,-0.7,2,-1.3
S02001013,S02000781,11,0,7,4,-4,-11,-7,22,11,7,1.6,9,0.5,4,1.5,13,-0.5
S02001013,S02000783,6,0,0,0,-6,-6,-6,6,0,2,3,3,2.2,1,-1.1,3,-1.9
S02001013,S02000784,4,0,0,0,-4,-4,-4,4,0,1,2.5,2,1.8,1,-0.9,2,-1.5
S02001013,S02000984,4,0,0,5,-4,-4,1,9,5,3,0.7,4,0.1,2,-1.3,5,-0.1
S02001013,S02000988,0,0,0,6,0,0,6,6,6,2,-1.4,3,-1.6,1,-1.1,3,1.4
S02001013,S02000991,5,0,0,3,-5,-5,-2,8,3,2,1.6,3,0.9,1,-1.2,5,-0.7
S02001013,S02000993,22,0,0,0,-22,-22,-22,22,0,7,5.8,9,4.1,4,-2,13,-3.6
S02001013,S02000994,5,0,0,0,-5,-5,-5,5,0,2,2.8,2,2,1,-1,3,-1.7
S02001013,S02000997,6,3,0,6,-6,-3,0,15,9,5,0.6,6,1,3,-1.7,9,-0.9
S02001013,S02000998,14,0,0,3,-14,-14,-11,17,3,5,3.8,7,2.5,3,-1.8,10,-2.2
S02001013,S02000999,0,0,0,16,0,0,16,16,16,5,-2.2,7,-2.6,3,-1.7,9,2.2
S02001013,S02001000,39,6,10,36,-29,-33,-3,91,52,28,2,39,1,17,-1.7,52,-0.9
S02001013,S02001003,8,0,0,7,-8,-8,-1,15,7,5,1.5,6,0.6,3,-1.7,9,-0.6
S02001013,S02001004,0,4,3,5,3,4,5,12,12,4,-1.9,5,-0.5,2,0.5,7,0.4
S02001013,S02001007,0,8,0,14,0,8,14,22,22,7,-2.6,9,-0.4,4,-2,13,0.4
S02001013,S02001008,0,0,0,3,0,0,3,3,3,1,-1,1,-1.1,1,-0.7,2,1
S02001013,S02001010,50,31,21,52,-29,-19,2,154,104,48,0.3,65,1.9,28,-1.4,89,-1.6
S02001013,S02001011,15,0,0,16,-15,-15,1,31,16,10,1.7,13,0.5,6,-2.4,18,-0.4
S02001013,S02001012,0,0,0,3,0,0,3,3,3,1,-1,1,-1.1,1,-0.7,2,1
S02001013,S02001013,18,51,16,189,-2,33,171,274,256,85,-7.3,117,-4.4,51,-4.9,157,3.8
S02001013,S02001014,17,29,7,15,-10,12,-2,68,51,21,-0.9,29,3.2,13,-1.6,39,-2.7
S02001013,S02001015,11,69,10,11,-1,58,0,101,90,31,-3.6,43,5.7,19,-2,58,-4.9
S02001013,S02001016,34,18,5,44,-29,-16,10,101,67,31,0.5,43,1.4,19,-3.2,58,-1.2
S02001013,S02001017,7,0,0,0,-7,-7,-7,7,0,2,3.3,3,2.3,1,-1.1,4,-2
S02001013,S02001018,4,0,0,8,-4,-4,4,12,8,4,0.1,5,-0.5,2,-1.5,7,0.4
S02001013,S02001019,0,0,0,3,0,0,3,3,3,1,-1,1,-1.1,1,-0.7,2,1
S02001013,S02001185,12,3,6,6,-6,-9,-6,27,15,8,1.2,11,1,5,0.4,16,-0.9
S02001013,S02001186,3,0,0,0,-3,-3,-3,3,0,1,2.1,1,1.5,1,-0.7,2,-1.3
S02001013,S02001192,6,0,0,0,-6,-6,-6,6,0,2,3,3,2.2,1,-1.1,3,-1.9
S02001014,S02000328,8,0,0,3,-8,-8,-5,11,3,3,2.5,5,1.5,2,-1.4,6,-1.3
S02001014,S02000597,0,0,0,7,0,0,7,7,7,2,-1.5,3,-1.7,1,-1.1,4,1.5
S02001014,S02000599,0,4,0,0,0,4,0,4,4,1,-1.1,2,1.8,1,-0.9,2,-1.5
S02001014,S02000602,3,0,0,0,-3,-3,-3,3,0,1,2.1,1,1.5,1,-0.7,2,-1.3
S02001014,S02000603,0,0,0,3,0,0,3,3,3,1,-1,1,-1.1,1,-0.7,2,1
S02001014,S02000607,8,0,0,0,-8,-8,-8,8,0,2,3.5,3,2.5,1,-1.2,5,-2.1
S02001014,S02000608,6,0,0,0,-6,-6,-6,6,0,2,3,3,2.2,1,-1.1,3,-1.9
S02001014,S02000611,0,5,0,0,0,5,0,5,5,2,-1.2,2,2,1,-1,3,-1.7
S02001014,S02000615,0,4,0,0,0,4,0,4,4,1,-1.1,2,1.8,1,-0.9,2,-1.5
S02001014,S02000625,0,0,0,13,0,0,13,13,13,4,-2,6,-2.4,2,-1.6,7,2
S02001014,S02000627,0,0,4,4,4,0,4,8,8,2,-1.6,3,-1.8,1,2.1,5,1.6
S02001014,S02000628,5,0,0,0,-5,-5,-5,5,0,2,2.8,2,2,1,-1,3,-1.7
S02001014,S02000631,4,0,0,6,-4,-4,2,10,6,3,0.5,4,-0.1,2,-1.4,6,0.1
S02001014,S02000633,4,0,0,0,-4,-4,-4,4,0,1,2.5,2,1.8,1,-0.9,2,-1.5
S02001014,S02000634,13,4,0,4,-13,-9,-9,21,8,7,2.5,9,2.7,4,-2,12,-2.3
S02001014,S02000638,5,0,3,0,-2,-5,-5,8,3,2,1.6,3,0.9,1,1.2,5,-0.7
S02001014,S02000642,3,0,0,0,-3,-3,-3,3,0,1,2.1,1,1.5,1,-0.7,2,-1.3
S02001014,S02000644,17,0,6,4,-11,-17,-13,27,10,8,3,11,1.6,5,0.4,16,-1.4
S02001014,S02000645,0,0,3,0,3,0,0,3,3,1,-1,1,-1.1,1,3.3,2,1
S02001014,S02000649,4,0,7,6,3,-4,2,17,13,5,-0.6,7,-1.2,3,2.2,10,1
S02001014,S02000651,4,4,11,3,7,0,-1,22,18,7,-1.1,9,-0.4,4,3.4,13,0.4
S02001014,S02000655,43,17,117,61,74,-26,18,238,195,74,-3.6,101,-4.1,44,11,137,3.5
S02001014,S02000656,16,18,9,23,-7,2,7,66,50,21,-1,28,1.1,12,-0.9,38,-1
S02001014,S02000658,27,4,11,37,-16,-23,10,79,52,25,0.5,34,-0.4,15,-0.9,45,0.4
S02001014,S02000659,0,0,6,0,6,0,0,6,6,2,-1.4,3,-1.6,1,4.6,3,1.4
S02001014,S02000660,75,24,9,20,-66,-51,-55,128,53,40,5.6,54,6,24,-3,74,-5.2
S02001014,S02000661,15,0,6,3,-9,-15,-12,24,9,7,2.8,10,1.5,4,0.7,14,-1.3
S02001014,S02000664,7,0,0,3,-7,-7,-4,10,3,3,2.2,4,1.3,2,-1.4,6,-1.1
S02001014,S02000669,0,0,4,4,4,0,4,8,8,2,-1.6,3,-1.8,1,2.1,5,1.6
S02001014,S02000670,3,3,0,3,-3,0,0,9,6,3,0.1,4,1.1,2,-1.3,5,-1
S02001014,S02000672,0,0,0,17,0,0,17,17,17,5,-2.3,7,-2.7,3,-1.8,10,2.3
S02001014,S02000675,0,0,0,3,0,0,3,3,3,1,-1,1,-1.1,1,-0.7,2,1
S02001014,S02000676,0,0,0,3,0,0,3,3,3,1,-1,1,-1.1,1,-0.7,2,1
S02001014,S02000684,6,15,3,0,-3,9,-6,24,18,7,-0.5,10,3.4,4,-0.7,14,-2.9
S02001014,S02000685,0,0,0,3,0,0,3,3,3,1,-1,1,-1.1,1,-0.7,2,1
S02001014,S02000689,16,0,0,4,-16,-16,-12,20,4,6,3.9,9,2.6,4,-1.9,11,-2.2
S02001014,S02000691,3,0,0,0,-3,-3,-3,3,0,1,2.1,1,1.5,1,-0.7,2,-1.3
S02001014,S02000702,4,0,0,3,-4,-4,-1,7,3,2,1.2,3,0.6,1,-1.1,4,-0.5
S02001014,S02000772,4,0,0,0,-4,-4,-4,4,0,1,2.5,2,1.8,1,-0.9,2,-1.5
S02001014,S02000781,6,0,7,5,1,-6,-1,18,12,6,0.2,8,-0.6,3,2,10,0.5
S02001014,S02000782,4,0,3,0,-1,-4,-4,7,3,2,1.2,3,0.6,1,1.5,4,-0.5
S02001014,S02000784,0,0,0,3,0,0,3,3,3,1,-1,1,-1.1,1,-0.7,2,1
S02001014,S02000984,11,3,0,4,-11,-8,-7,18,7,6,2.3,8,2.3,3,-1.8,10,-2
S02001014,S02000985,3,0,0,0,-3,-3,-3,3,0,1,2.1,1,1.5,1,-0.7,2,-1.3
S02001014,S02000989,0,0,0,4,0,0,4,4,4,1,-1.1,2,-1.3,1,-0.9,2,1.1
S02001014,S02000991,3,3,0,3,-3,0,0,9,6,3,0.1,4,1.1,2,-1.3,5,-1
S02001014,S02000993,38,3,0,5,-38,-35,-33,46,8,14,6.3,20,4.8,9,-2.9,26,-4.2
S02001014,S02000994,4,0,0,0,-4,-4,-4,4,0,1,2.5,2,1.8,1,-0.9,2,-1.5
S02001014,S02000995,0,0,0,3,0,0,3,3,3,1,-1,1,-1.1,1,-0.7,2,1
S02001014,S02000996,0,0,0,3,0,0,3,3,3,1,-1,1,-1.1,1,-0.7,2,1
S02001014,S02000997,5,0,0,7,-5,-5,2,12,7,4,0.7,5,0,2,-1.5,7,0
S02001014,S02000998,12,5,0,11,-12,-7,-1,28,16,9,1.1,12,1.5,5,-2.3,16,-1.3
S02001014,S02000999,7,0,0,17,-7,-7,10,24,17,7,-0.2,10,-1,4,-2.1,14,0.9
S02001014,S02001000,52,12,17,63,-35,-40,11,144,92,45,1.1,61,0.4,27,-1.9,83,-0.3
S02001014,S02001003,13,0,0,8,-13,-13,-5,21,8,7,2.5,9,1.4,4,-2,12,-1.2
S02001014,S02001004,5,3,3,4,-2,-2,-1,15,10,5,0.2,6,0.6,3,0.1,9,-0.6
S02001014,S02001005,0,0,0,3,0,0,3,3,3,1,-1,1,-1.1,1,-0.7,2,1
S02001014,S02001006,0,0,0,3,0,0,3,3,3,1,-1,1,-1.1,1,-0.7,2,1
S02001014,S02001007,9,16,4,17,-5,7,8,46,37,14,-1.4,20,1.2,9,-1.5,26,-1.1
S02001014,S02001008,0,5,0,0,0,5,0,5,5,2,-1.2,2,2,1,-1,3,-1.7
S02001014,S02001010,77,37,21,67,-56,-40,-10,202,125,63,1.8,86,3,37,-2.7,116,-2.6
S02001014,S02001011,12,3,0,20,-12,-9,8,35,23,11,0.3,15,0,6,-2.5,20,0
S02001014,S02001012,0,0,0,5,0,0,5,5,5,2,-1.2,2,-1.5,1,-1,3,1.3
S02001014,S02001013,33,82,20,144,-13,49,111,279,246,87,-5.8,119,-0.3,52,-4.4,160,0.3
S02001014,S02001014,40,41,20,47,-20,1,7,148,108,46,-0.9,63,2.3,27,-1.4,85,-2
S02001014,S02001015,21,62,32,17,11,41,-4,132,111,41,-3.1,56,3.6,24,1.5,76,-3.1
S02001014,S02001016,22,16,3,73,-19,-6,51,114,92,36,-2.3,48,-1.5,21,-3.9,66,1.3
S02001014,S02001017,13,0,0,0,-13,-13,-13,13,0,4,4.4,6,3.2,2,-1.6,7,-2.7
S02001014,S02001018,7,0,3,16,-4,-7,9,26,19,8,-0.4,11,-1.2,5,-0.8,15,1
S02001014,S02001020,0,0,0,5,0,0,5,5,5,2,-1.2,2,-1.5,1,-1,3,1.3
S02001014,S02001185,6,4,5,0,-1,-2,-6,15,9,5,0.6,6,1.4,3,1.3,9,-1.2
S02001014,S02001187,0,0,0,4,0,0,4,4,4,1,-1.1,2,-1.3,1,-0.9,2,1.1
S02001014,S02001192,3,3,0,6,-3,0,3,12,9,4,-0.4,5,0.4,2,-1.5,7,-0.3
S02001014,S02001194,3,0,0,0,-3,-3,-3,3,0,1,2.1,1,1.5,1,-0.7,2,-1.3
S02001015,S02000281,3,0,0,0,-3,-3,-3,3,0,1,2.1,1,1.5,1,-0.7,2,-1.3
S02001015,S02000610,0,0,0,3,0,0,3,3,3,1,-1,1,-1.1,1,-0.7,2,1
S02001015,S02000611,0,3,0,0,0,3,0,3,3,1,-1,1,1.5,1,-0.7,2,-1.3
S02001015,S02000614,0,0,0,4,0,0,4,4,4,1,-1.1,2,-1.3,1,-0.9,2,1.1
S02001015,S02000625,0,0,0,5,0,0,5,5,5,2,-1.2,2,-1.5,1,-1,3,1.3
S02001015,S02000628,3,0,0,0,-3,-3,-3,3,0,1,2.1,1,1.5,1,-0.7,2,-1.3
S02001015,S02000631,0,4,3,4,3,4,4,11,11,3,-1.9,5,-0.3,2,0.7,6,0.3
S02001015,S02000632,0,0,0,5,0,0,5,5,5,2,-1.2,2,-1.5,1,-1,3,1.3
S02001015,S02000634,4,0,7,0,3,-4,-4,11,7,3,0.3,5,-0.3,2,3.5,6,0.3
S02001015,S02000638,5,0,0,0,-5,-5,-5,5,0,2,2.8,2,2,1,-1,3,-1.7
S02001015,S02000642,0,3,0,0,0,3,0,3,3,1,-1,1,1.5,1,-0.7,2,-1.3
S02001015,S02000644,0,0,5,0,5,0,0,5,5,2,-1.2,2,-1.5,1,4.2,3,1.3
S02001015,S02000651,0,0,5,0,5,0,0,5,5,2,-1.2,2,-1.5,1,4.2,3,1.3
S02001015,S02000655,29,5,78,32,49,-24,3,144,115,45,-2.4,61,-3.5,27,10,83,3
S02001015,S02000656,5,11,0,0,-5,6,-5,16,11,5,0,7,3.5,3,-1.7,9,-3
S02001015,S02000658,21,5,10,39,-11,-16,18,75,54,23,-0.5,32,-1,14,-1,43,0.9
S02001015,S02000659,0,4,0,0,0,4,0,4,4,1,-1.1,2,1.8,1,-0.9,2,-1.5
S02001015,S02000660,20,3,0,6,-20,-17,-14,29,9,9,3.6,12,3,5,-2.3,17,-2.6
S02001015,S02000661,7,0,9,0,2,-7,-7,16,9,5,0.9,7,0.1,3,3.5,9,-0.1
S02001015,S02000664,4,0,3,0,-1,-4,-4,7,3,2,1.2,3,0.6,1,1.5,4,-0.5
S02001015,S02000665,0,0,4,3,4,0,3,7,7,2,-1.5,3,-1.7,1,2.4,4,1.5
S02001015,S02000670,0,3,0,0,0,3,0,3,3,1,-1,1,1.5,1,-0.7,2,-1.3
S02001015,S02000672,0,0,0,27,0,0,27,27,27,8,-2.9,11,-3.4,5,-2.2,16,2.9
S02001015,S02000684,0,9,0,0,0,9,0,9,9,3,-1.7,4,2.6,2,-1.3,5,-2.3
S02001015,S02000689,5,0,0,5,-5,-5,0,10,5,3,1.1,4,0.4,2,-1.4,6,-0.3
S02001015,S02000702,0,0,0,3,0,0,3,3,3,1,-1,1,-1.1,1,-0.7,2,1
S02001015,S02000716,3,0,0,0,-3,-3,-3,3,0,1,2.1,1,1.5,1,-0.7,2,-1.3
S02001015,S02000771,0,0,0,5,0,0,5,5,5,2,-1.2,2,-1.5,1,-1,3,1.3
S02001015,S02000772,4,0,0,4,-4,-4,0,8,4,2,1,3,0.3,1,-1.2,5,-0.3
S02001015,S02000774,0,0,0,3,0,0,3,3,3,1,-1,1,-1.1,1,-0.7,2,1
S02001015,S02000775,0,4,0,5,0,4,5,9,9,3,-1.7,4,0.1,2,-1.3,5,-0.1
S02001015,S02000776,3,0,0,0,-3,-3,-3,3,0,1,2.1,1,1.5,1,-0.7,2,-1.3
S02001015,S02000780,6,0,0,0,-6,-6,-6,6,0,2,3,3,2.2,1,-1.1,3,-1.9
S02001015,S02000781,12,0,7,7,-5,-12,-5,26,14,8,1.4,11,0.3,5,1,15,-0.2
S02001015,S02000783,6,0,3,0,-3,-6,-6,9,3,3,1.9,4,1.1,2,1,5,-1
S02001015,S02000784,0,0,0,7,0,0,7,7,7,2,-1.5,3,-1.7,1,-1.1,4,1.5
S02001015,S02000984,4,0,0,0,-4,-4,-4,4,0,1,2.5,2,1.8,1,-0.9,2,-1.5
S02001015,S02000988,0,0,0,6,0,0,6,6,6,2,-1.4,3,-1.6,1,-1.1,3,1.4
S02001015,S02000993,20,0,0,0,-20,-20,-20,20,0,6,5.5,9,3.9,4,-1.9,11,-3.4
S02001015,S02000994,6,0,0,3,-6,-6,-3,9,3,3,1.9,4,1.1,2,-1.3,5,-1
S02001015,S02000998,16,0,0,14,-16,-16,-2,30,14,9,2.2,13,0.9,6,-2.4,17,-0.8
S02001015,S02000999,5,3,5,11,0,-2,6,24,19,7,-0.9,10,-0.7,4,0.3,14,0.6
S02001015,S02001000,23,10,11,33,-12,-13,10,77,54,24,-0.2,33,0,14,-0.9,44,0
S02001015,S02001003,0,0,0,3,0,0,3,3,3,1,-1,1,-1.1,1,-0.7,2,1
S02001015,S02001004,0,4,0,6,0,4,6,10,10,3,-1.8,4,-0.1,2,-1.4,6,0.1
S02001015,S02001005,0,0,0,3,0,0,3,3,3,1,-1,1,-1.1,1,-0.7,2,1
S02001015,S02001007,4,5,3,7,-1,1,3,19,15,6,-0.8,8,0.3,4,-0.3,11,-0.3
S02001015,S02001008,0,6,4,14,4,6,14,24,24,7,-2.7,10,-1.3,4,-0.2,14,1.1
S02001015,S02001010,35,9,11,15,-24,-26,-20,70,35,22,2.8,30,2.6,13,-0.5,40,-2.2
S02001015,S02001011,0,0,0,4,0,0,4,4,4,1,-1.1,2,-1.3,1,-0.9,2,1.1
S02001015,S02001012,0,0,0,9,0,0,9,9,9,3,-1.7,4,-2,2,-1.3,5,1.7
S02001015,S02001013,0,5,5,28,5,5,28,38,38,12,-3.4,16,-2.8,7,-0.8,22,2.4
S02001015,S02001014,0,6,4,6,4,6,6,16,16,5,-2.2,7,-0.3,3,0.6,9,0.3
S02001015,S02001015,34,24,17,40,-17,-10,6,115,81,36,-0.3,49,1.3,21,-0.9,66,-1.1
S02001015,S02001016,3,0,0,0,-3,-3,-3,3,0,1,2.1,1,1.5,1,-0.7,2,-1.3
S02001015,S02001017,0,0,0,3,0,0,3,3,3,1,-1,1,-1.1,1,-0.7,2,1
S02001015,S02001018,8,0,0,17,-8,-8,9,25,17,8,0.1,11,-0.8,5,-2.2,14,0.7
S02001015,S02001019,5,0,0,6,-5,-5,1,11,6,3,0.9,5,0.1,2,-1.4,6,-0.1
S02001015,S02001020,0,0,0,4,0,0,4,4,4,1,-1.1,2,-1.3,1,-0.9,2,1.1
S02001015,S02001185,11,0,3,4,-8,-11,-7,18,7,6,2.3,8,1.2,3,-0.2,10,-1
S02001015,S02001186,3,0,0,0,-3,-3,-3,3,0,1,2.1,1,1.5,1,-0.7,2,-1.3
S02001015,S02001192,3,0,0,3,-3,-3,0,6,3,2,0.8,3,0.3,1,-1.1,3,-0.2
S02001016,S02000260,0,0,0,3,0,0,3,3,3,1,-1,1,-1.1,1,-0.7,2,1
S02001016,S02000328,0,0,0,5,0,0,5,5,5,2,-1.2,2,-1.5,1,-1,3,1.3
S02001016,S02000587,0,0,0,4,0,0,4,4,4,1,-1.1,2,-1.3,1,-0.9,2,1.1
S02001016,S02000596,0,0,0,3,0,0,3,3,3,1,-1,1,-1.1,1,-0.7,2,1
S02001016,S02000597,0,0,4,10,4,0,10,14,14,4,-2.1,6,-2.4,3,0.9,8,2.1
S02001016,S02000599,0,3,0,0,0,3,0,3,3,1,-1,1,1.5,1,-0.7,2,-1.3
S02001016,S02000601,3,0,0,0,-3,-3,-3,3,0,1,2.1,1,1.5,1,-0.7,2,-1.3
S02001016,S02000607,3,0,0,0,-3,-3,-3,3,0,1,2.1,1,1.5,1,-0.7,2,-1.3
S02001016,S02000611,0,0,0,3,0,0,3,3,3,1,-1,1,-1.1,1,-0.7,2,1
S02001016,S02000615,0,0,0,3,0,0,3,3,3,1,-1,1,-1.1,1,-0.7,2,1
S02001016,S02000625,0,0,0,6,0,0,6,6,6,2,-1.4,3,-1.6,1,-1.1,3,1.4
S02001016,S02000628,4,0,3,0,-1,-4,-4,7,3,2,1.2,3,0.6,1,1.5,4,-0.5
S02001016,S02000631,3,0,0,0,-3,-3,-3,3,0,1,2.1,1,1.5,1,-0.7,2,-1.3
S02001016,S02000634,0,0,0,4,0,0,4,4,4,1,-1.1,2,-1.3,1,-0.9,2,1.1
S02001016,S02000637,3,0,0,0,-3,-3,-3,3,0,1,2.1,1,1.5,1,-0.7,2,-1.3
S02001016,S02000638,8,3,0,0,-8,-5,-8,11,3,3,2.5,5,2.9,2,-1.4,6,-2.5
S02001016,S02000642,4,0,0,0,-4,-4,-4,4,0,1,2.5,2,1.8,1,-0.9,2,-1.5
S02001016,S02000644,12,3,4,0,-8,-9,-12,19,7,6,2.5,8,2.4,4,0.3,11,-2.1
S02001016,S02000649,0,4,0,5,0,4,5,9,9,3,-1.7,4,0.1,2,-1.3,5,-0.1
S02001016,S02000651,0,0,3,4,3,0,4,7,7,2,-1.5,3,-1.7,1,1.5,4,1.5
S02001016,S02000655,36,8,104,36,68,-28,0,184,148,57,-2.8,78,-3.9,34,12,106,3.3
S02001016,S02000656,8,21,4,16,-4,13,8,49,41,15,-1.9,21,1.8,9,-1.7,28,-1.5
S02001016,S02000658,28,3,15,34,-13,-25,6,80,52,25,0.6,34,-0.5,15,0.1,46,0.4
S02001016,S02000660,51,16,8,21,-43,-35,-30,96,45,30,3.9,41,4.1,18,-2.3,55,-3.5
S02001016,S02000661,12,0,5,9,-7,-12,-3,26,14,8,1.4,11,0.3,5,0.1,15,-0.2
S02001016,S02000664,5,0,0,4,-5,-5,-1,9,4,3,1.3,4,0.6,2,-1.3,5,-0.5
S02001016,S02000665,0,0,4,5,4,0,5,9,9,3,-1.7,4,-2,2,1.8,5,1.7
S02001016,S02000668,3,0,0,0,-3,-3,-3,3,0,1,2.1,1,1.5,1,-0.7,2,-1.3
S02001016,S02000670,4,0,0,3,-4,-4,-1,7,3,2,1.2,3,0.6,1,-1.1,4,-0.5
S02001016,S02000672,0,0,0,8,0,0,8,8,8,2,-1.6,3,-1.8,1,-1.2,5,1.6
S02001016,S02000676,0,4,3,0,3,4,0,7,7,2,-1.5,3,0.6,1,1.5,4,-0.5
S02001016,S02000684,3,17,0,3,-3,14,0,23,20,7,-1.6,10,3.3,4,-2.1,13,-2.8
S02001016,S02000689,9,0,0,0,-9,-9,-9,9,0,3,3.7,4,2.6,2,-1.3,5,-2.3
S02001016,S02000696,0,3,0,0,0,3,0,3,3,1,-1,1,1.5,1,-0.7,2,-1.3
S02001016,S02000702,0,0,3,0,3,0,0,3,3,1,-1,1,-1.1,1,3.3,2,1
S02001016,S02000710,0,0,7,0,7,0,0,7,7,2,-1.5,3,-1.7,1,5,4,1.5
S02001016,S02000781,9,0,0,5,-9,-9,-4,14,5,4,2.2,6,1.2,3,-1.6,8,-1.1
S02001016,S02000783,3,0,0,0,-3,-3,-3,3,0,1,2.1,1,1.5,1,-0.7,2,-1.3
S02001016,S02000923,0,4,0,0,0,4,0,4,4,1,-1.1,2,1.8,1,-0.9,2,-1.5
S02001016,S02000985,0,0,0,4,0,0,4,4,4,1,-1.1,2,-1.3,1,-0.9,2,1.1
S02001016,S02000993,17,0,0,0,-17,-17,-17,17,0,5,5.1,7,3.6,3,-1.8,10,-3.1
S02001016,S02000994,3,3,0,3,-3,0,0,9,6,3,0.1,4,1.1,2,-1.3,5,-1
S02001016,S02000997,0,4,0,3,0,4,3,7,7,2,-1.5,3,0.6,1,-1.1,4,-0.5
S02001016,S02000998,9,4,0,5,-9,-5,-4,18,9,6,1.4,8,1.9,3,-1.8,10,-1.7
S02001016,S02000999,5,0,0,11,-5,-5,6,16,11,5,0,7,-0.7,3,-1.7,9,0.6
S02001016,S02001000,29,15,9,30,-20,-14,1,83,54,26,0.6,35,1.5,15,-1.6,48,-1.3
S02001016,S02001003,7,0,0,0,-7,-7,-7,7,0,2,3.3,3,2.3,1,-1.1,4,-2
S02001016,S02001004,3,0,3,3,0,-3,0,9,6,3,0.1,4,-0.4,2,1,5,0.4
S02001016,S02001007,0,6,0,3,0,6,3,9,9,3,-1.7,4,1.1,2,-1.3,5,-1
S02001016,S02001010,46,9,14,20,-32,-37,-26,89,43,28,3.5,38,2.8,16,-0.6,51,-2.4
S02001016,S02001011,0,0,0,7,0,0,7,7,7,2,-1.5,3,-1.7,1,-1.1,4,1.5
S02001016,S02001012,0,0,0,4,0,0,4,4,4,1,-1.1,2,-1.3,1,-0.9,2,1.1
S02001016,S02001013,22,24,18,99,-4,2,77,163,141,51,-4,69,-2.8,30,-2.2,94,2.4
S02001016,S02001014,15,23,3,16,-12,8,1,57,42,18,-0.7,24,2.8,11,-2.3,33,-2.4
S02001016,S02001015,14,54,32,15,18,40,1,115,101,36,-3.6,49,2.7,21,2.3,66,-2.3
S02001016,S02001016,32,17,6,62,-26,-15,30,117,85,36,-0.7,50,-0.1,22,-3.4,67,0.1
S02001016,S02001017,5,0,0,0,-5,-5,-5,5,0,2,2.8,2,2,1,-1,3,-1.7
S02001016,S02001018,4,0,0,7,-4,-4,3,11,7,3,0.3,5,-0.3,2,-1.4,6,0.3
S02001016,S02001020,0,0,0,3,0,0,3,3,3,1,-1,1,-1.1,1,-0.7,2,1
S02001016,S02001185,11,5,4,6,-7,-6,-5,26,15,8,1,11,1.5,5,-0.4,15,-1.3
S02001017,S02000263,0,0,3,0,3,0,0,3,3,1,-1,1,-1.1,1,3.3,2,1
S02001017,S02000270,0,0,4,0,4,0,0,4,4,1,-1.1,2,-1.3,1,3.8,2,1.1
S02001017,S02000328,4,0,0,4,-4,-4,0,8,4,2,1,3,0.3,1,-1.2,5,-0.3
S02001017,S02000590,0,0,0,3,0,0,3,3,3,1,-1,1,-1.1,1,-0.7,2,1
S02001017,S02000597,0,0,6,6,6,0,6,12,12,4,-1.9,5,-2.3,2,2.5,7,1.9
S02001017,S02000599,0,5,0,0,0,5,0,5,5,2,-1.2,2,2,1,-1,3,-1.7
S02001017,S02000603,0,0,0,3,0,0,3,3,3,1,-1,1,-1.1,1,-0.7,2,1
S02001017,S02000607,7,0,0,0,-7,-7,-7,7,0,2,3.3,3,2.3,1,-1.1,4,-2
S02001017,S02000608,3,0,0,0,-3,-3,-3,3,0,1,2.1,1,1.5,1,-0.7,2,-1.3
S02001017,S02000609,0,0,0,3,0,0,3,3,3,1,-1,1,-1.1,1,-0.7,2,1
S02001017,S02000611,0,3,3,4,3,3,4,10,10,3,-1.8,4,-0.6,2,0.8,6,0.5
S02001017,S02000625,3,0,0,7,-3,-3,4,10,7,3,-0.1,4,-0.6,2,-1.4,6,0.5
S02001017,S02000628,5,3,5,3,0,-2,-2,16,11,5,0,7,0.5,3,1.2,9,-0.4
S02001017,S02000631,0,0,4,0,4,0,0,4,4,1,-1.1,2,-1.3,1,3.8,2,1.1
S02001017,S02000633,4,0,0,4,-4,-4,0,8,4,2,1,3,0.3,1,-1.2,5,-0.3
S02001017,S02000634,8,0,3,6,-5,-8,-2,17,9,5,1.2,7,0.3,3,-0.1,10,-0.2
S02001017,S02000635,7,0,0,3,-7,-7,-4,10,3,3,2.2,4,1.3,2,-1.4,6,-1.1
S02001017,S02000638,9,4,0,0,-9,-5,-9,13,4,4,2.5,6,3.2,2,-1.6,7,-2.7
S02001017,S02000642,3,0,0,0,-3,-3,-3,3,0,1,2.1,1,1.5,1,-0.7,2,-1.3
S02001017,S02000644,6,0,7,4,1,-6,-2,17,11,5,0.3,7,-0.5,3,2.2,10,0.4
S02001017,S02000649,0,0,0,8,0,0,8,8,8,2,-1.6,3,-1.8,1,-1.2,5,1.6
S02001017,S02000651,0,3,7,5,7,3,5,15,15,5,-2.2,6,-1.3,3,2.5,9,1.2
S02001017,S02000655,55,21,134,38,79,-34,-17,248,193,77,-2.5,105,-2.9,46,13,143,2.5
S02001017,S02000656,15,24,4,5,-11,9,-10,48,33,15,0,20,4.1,9,-1.6,28,-3.5
S02001017,S02000658,29,10,10,52,-19,-19,23,101,72,31,-0.4,43,-0.6,19,-2,58,0.5
S02001017,S02000659,0,0,3,0,3,0,0,3,3,1,-1,1,-1.1,1,3.3,2,1
S02001017,S02000660,67,20,9,6,-58,-47,-61,102,35,32,6.3,43,6.6,19,-2.3,59,-5.7
S02001017,S02000661,13,3,13,3,0,-10,-10,32,19,10,1,14,0.6,6,2.9,18,-0.6
S02001017,S02000664,7,0,0,0,-7,-7,-7,7,0,2,3.3,3,2.3,1,-1.1,4,-2
S02001017,S02000665,3,0,5,0,2,-3,-3,8,5,2,0.3,3,-0.2,1,2.9,5,0.2
S02001017,S02000666,0,0,0,3,0,0,3,3,3,1,-1,1,-1.1,1,-0.7,2,1
S02001017,S02000667,3,0,0,0,-3,-3,-3,3,0,1,2.1,1,1.5,1,-0.7,2,-1.3
S02001017,S02000669,0,0,4,0,4,0,0,4,4,1,-1.1,2,-1.3,1,3.8,2,1.1
S02001017,S02000670,4,4,0,0,-4,0,-4,8,4,2,1,3,2.5,1,-1.2,5,-2.1
S02001017,S02000672,3,0,3,17,0,-3,14,23,20,7,-1.6,10,-2.2,4,-0.6,13,1.9
S02001017,S02000673,0,0,0,3,0,0,3,3,3,1,-1,1,-1.1,1,-0.7,2,1
S02001017,S02000674,0,0,0,3,0,0,3,3,3,1,-1,1,-1.1,1,-0.7,2,1
S02001017,S02000676,0,5,0,0,0,5,0,5,5,2,-1.2,2,2,1,-1,3,-1.7
S02001017,S02000684,4,16,0,6,-4,12,2,26,22,8,-1.4,11,2.7,5,-2.2,15,-2.3
S02001017,S02000688,0,0,0,3,0,0,3,3,3,1,-1,1,-1.1,1,-0.7,2,1
S02001017,S02000689,20,0,0,11,-20,-20,-9,31,11,10,3.3,13,1.9,6,-2.4,18,-1.6
S02001017,S02000691,3,0,0,0,-3,-3,-3,3,0,1,2.1,1,1.5,1,-0.7,2,-1.3
S02001017,S02000695,0,3,0,0,0,3,0,3,3,1,-1,1,1.5,1,-0.7,2,-1.3
S02001017,S02000696,3,0,0,0,-3,-3,-3,3,0,1,2.1,1,1.5,1,-0.7,2,-1.3
S02001017,S02000711,0,0,0,4,0,0,4,4,4,1,-1.1,2,-1.3,1,-0.9,2,1.1
S02001017,S02000712,0,4,3,0,3,4,0,7,7,2,-1.5,3,0.6,1,1.5,4,-0.5
S02001017,S02000716,5,0,0,0,-5,-5,-5,5,0,2,2.8,2,2,1,-1,3,-1.7
S02001017,S02000772,3,0,0,0,-3,-3,-3,3,0,1,2.1,1,1.5,1,-0.7,2,-1.3
S02001017,S02000776,4,0,0,0,-4,-4,-4,4,0,1,2.5,2,1.8,1,-0.9,2,-1.5
S02001017,S02000777,0,0,0,4,0,0,4,4,4,1,-1.1,2,-1.3,1,-0.9,2,1.1
S02001017,S02000780,0,0,0,3,0,0,3,3,3,1,-1,1,-1.1,1,-0.7,2,1
S02001017,S02000781,17,0,18,6,1,-17,-11,41,24,13,1.2,17,-0.1,8,3.8,24,0.1
S02001017,S02000782,0,3,0,0,0,3,0,3,3,1,-1,1,1.5,1,-0.7,2,-1.3
S02001017,S02000984,3,0,0,0,-3,-3,-3,3,0,1,2.1,1,1.5,1,-0.7,2,-1.3
S02001017,S02000988,0,0,0,5,0,0,5,5,5,2,-1.2,2,-1.5,1,-1,3,1.3
S02001017,S02000990,3,0,0,0,-3,-3,-3,3,0,1,2.1,1,1.5,1,-0.7,2,-1.3
S02001017,S02000992,3,0,0,0,-3,-3,-3,3,0,1,2.1,1,1.5,1,-0.7,2,-1.3
S02001017,S02000993,38,0,0,0,-38,-38,-38,38,0,12,7.6,16,5.4,7,-2.7,22,-4.7
S02001017,S02000994,12,3,3,0,-9,-9,-12,18,6,6,2.7,8,2.7,3,-0.2,10,-2.3
S02001017,S02000997,0,4,0,5,0,4,5,9,9,3,-1.7,4,0.1,2,-1.3,5,-0.1
S02001017,S02000998,6,7,4,7,-2,1,1,24,18,7,-0.5,10,0.9,4,-0.2,14,-0.8
S02001017,S02000999,0,5,0,10,0,5,10,15,15,5,-2.2,6,-0.5,3,-1.7,9,0.5
S02001017,S02001000,40,9,17,51,-23,-31,11,117,77,36,0.6,50,-0.1,22,-1,67,0.1
S02001017,S02001001,0,0,0,4,0,0,4,4,4,1,-1.1,2,-1.3,1,-0.9,2,1.1
S02001017,S02001003,6,4,0,8,-6,-2,2,18,12,6,0.2,8,0.8,3,-1.8,10,-0.7
S02001017,S02001004,0,0,4,8,4,0,8,12,12,4,-1.9,5,-2.3,2,1.2,7,1.9
S02001017,S02001005,0,0,0,4,0,0,4,4,4,1,-1.1,2,-1.3,1,-0.9,2,1.1
S02001017,S02001006,5,0,0,4,-5,-5,-1,9,4,3,1.3,4,0.6,2,-1.3,5,-0.5
S02001017,S02001007,0,4,0,14,0,4,14,18,18,6,-2.4,8,-1.3,3,-1.8,10,1.1
S02001017,S02001008,0,4,0,3,0,4,3,7,7,2,-1.5,3,0.6,1,-1.1,4,-0.5
S02001017,S02001010,84,26,14,52,-70,-58,-32,176,92,55,3.9,75,4.1,33,-3.3,101,-3.5
S02001017,S02001011,0,0,0,3,0,0,3,3,3,1,-1,1,-1.1,1,-0.7,2,1
S02001017,S02001012,0,0,0,9,0,0,9,9,9,3,-1.7,4,-2,2,-1.3,5,1.7
S02001017,S02001013,16,47,15,112,-1,31,96,190,174,59,-5.6,81,-2,35,-3.4,109,1.7
S02001017,S02001014,7,22,5,13,-2,15,6,47,40,15,-2,20,2,9,-1.3,27,-1.7
S02001017,S02001015,35,99,43,48,8,64,13,225,190,70,-4.2,96,3.9,42,0.2,129,-3.4
S02001017,S02001016,19,10,6,17,-13,-9,-2,52,33,16,0.7,22,1.5,10,-1.2,30,-1.3
S02001017,S02001017,17,3,0,18,-17,-14,1,38,21,12,1.5,16,1,7,-2.7,22,-0.8
S02001017,S02001018,18,11,7,77,-11,-7,59,113,95,35,-2.9,48,-2.7,21,-3,65,2.4
S02001017,S02001019,6,0,0,11,-6,-6,5,17,11,5,0.3,7,-0.5,3,-1.8,10,0.4
S02001017,S02001020,4,3,0,8,-4,-1,4,15,11,5,-0.3,6,0.2,3,-1.7,9,-0.2
S02001017,S02001184,4,3,0,0,-4,-1,-4,7,3,2,1.2,3,2.3,1,-1.1,4,-2
S02001017,S02001185,25,7,8,15,-17,-18,-10,55,30,17,1.9,23,1.8,10,-0.7,32,-1.5
S02001017,S02001189,3,0,0,0,-3,-3,-3,3,0,1,2.1,1,1.5,1,-0.7,2,-1.3
S02001017,S02001192,12,4,3,3,-9,-8,-9,22,10,7,2,9,2.2,4,-0.5,13,-1.9
S02001017,S02001197,0,3,0,0,0,3,0,3,3,1,-1,1,1.5,1,-0.7,2,-1.3
S02001017,S02001198,0,0,0,3,0,0,3,3,3,1,-1,1,-1.1,1,-0.7,2,1
S02001017,S02001200,4,0,0,4,-4,-4,0,8,4,2,1,3,0.3,1,-1.2,5,-0.3
S02001018,S02000281,0,0,0,4,0,0,4,4,4,1,-1.1,2,-1.3,1,-0.9,2,1.1
S02001018,S02000328,3,0,0,0,-3,-3,-3,3,0,1,2.1,1,1.5,1,-0.7,2,-1.3
S02001018,S02000590,0,0,0,4,0,0,4,4,4,1,-1.1,2,-1.3,1,-0.9,2,1.1
S02001018,S02000599,4,0,0,0,-4,-4,-4,4,0,1,2.5,2,1.8,1,-0.9,2,-1.5
S02001018,S02000627,6,0,4,0,-2,-6,-6,10,4,3,1.6,4,0.8,2,1.6,6,-0.7
S02001018,S02000628,3,0,3,0,0,-3,-3,6,3,2,0.8,3,0.3,1,1.8,3,-0.2
S02001018,S02000631,0,4,4,0,4,4,0,8,8,2,-1.6,3,0.3,1,2.1,5,-0.3
S02001018,S02000634,5,3,0,0,-5,-2,-5,8,3,2,1.6,3,2.5,1,-1.2,5,-2.1
S02001018,S02000635,3,0,0,0,-3,-3,-3,3,0,1,2.1,1,1.5,1,-0.7,2,-1.3
S02001018,S02000638,3,3,0,0,-3,0,-3,6,3,2,0.8,3,2.2,1,-1.1,3,-1.9
S02001018,S02000642,3,3,0,0,-3,0,-3,6,3,2,0.8,3,2.2,1,-1.1,3,-1.9
S02001018,S02000644,7,0,3,0,-4,-7,-7,10,3,3,2.2,4,1.3,2,0.8,6,-1.1
S02001018,S02000649,4,5,0,3,-4,1,-1,12,8,4,0.1,5,1.7,2,-1.5,7,-1.5
S02001018,S02000651,0,0,6,0,6,0,0,6,6,2,-1.4,3,-1.6,1,4.6,3,1.4
S02001018,S02000655,38,10,111,21,73,-28,-17,180,142,56,-2.4,77,-3.3,33,13.5,103,2.8
S02001018,S02000656,6,17,3,15,-3,11,9,41,35,13,-1.9,17,1.3,8,-1.7,24,-1.1
S02001018,S02000658,19,0,11,50,-8,-19,31,80,61,25,-1.2,34,-2.6,15,-1,46,2.2
S02001018,S02000660,60,10,8,16,-52,-50,-44,94,34,29,5.7,40,4.7,17,-2.3,54,-4.1
S02001018,S02000661,6,0,9,5,3,-6,-1,20,14,6,-0.1,9,-0.9,4,2.8,11,0.7
S02001018,S02000664,0,3,0,0,0,3,0,3,3,1,-1,1,1.5,1,-0.7,2,-1.3
S02001018,S02000669,0,0,3,0,3,0,0,3,3,1,-1,1,-1.1,1,3.3,2,1
S02001018,S02000670,0,4,0,0,0,4,0,4,4,1,-1.1,2,1.8,1,-0.9,2,-1.5
S02001018,S02000672,0,0,4,12,4,0,12,16,16,5,-2.2,7,-2.6,3,0.6,9,2.2
S02001018,S02000675,0,0,0,4,0,0,4,4,4,1,-1.1,2,-1.3,1,-0.9,2,1.1
S02001018,S02000676,3,5,0,0,-3,2,-3,8,5,2,0.3,3,2.5,1,-1.2,5,-2.1
S02001018,S02000684,3,18,0,3,-3,15,0,24,21,7,-1.6,10,3.4,4,-2.1,14,-2.9
S02001018,S02000689,4,0,0,5,-4,-4,1,9,5,3,0.7,4,0.1,2,-1.3,5,-0.1
S02001018,S02000702,6,0,0,0,-6,-6,-6,6,0,2,3,3,2.2,1,-1.1,3,-1.9
S02001018,S02000710,0,0,3,0,3,0,0,3,3,1,-1,1,-1.1,1,3.3,2,1
S02001018,S02000716,3,0,0,0,-3,-3,-3,3,0,1,2.1,1,1.5,1,-0.7,2,-1.3
S02001018,S02000772,3,0,0,0,-3,-3,-3,3,0,1,2.1,1,1.5,1,-0.7,2,-1.3
S02001018,S02000775,0,0,0,3,0,0,3,3,3,1,-1,1,-1.1,1,-0.7,2,1
S02001018,S02000776,0,0,0,3,0,0,3,3,3,1,-1,1,-1.1,1,-0.7,2,1
S02001018,S02000778,0,0,0,4,0,0,4,4,4,1,-1.1,2,-1.3,1,-0.9,2,1.1
S02001018,S02000781,5,0,5,0,0,-5,-5,10,5,3,1.1,4,0.4,2,2.3,6,-0.3
S02001018,S02000783,4,0,0,0,-4,-4,-4,4,0,1,2.5,2,1.8,1,-0.9,2,-1.5
S02001018,S02000784,0,0,3,6,3,0,6,9,9,3,-1.7,4,-2,2,1,5,1.7
S02001018,S02000984,3,0,0,0,-3,-3,-3,3,0,1,2.1,1,1.5,1,-0.7,2,-1.3
S02001018,S02000985,0,0,0,3,0,0,3,3,3,1,-1,1,-1.1,1,-0.7,2,1
S02001018,S02000988,0,0,0,8,0,0,8,8,8,2,-1.6,3,-1.8,1,-1.2,5,1.6
S02001018,S02000989,3,0,0,0,-3,-3,-3,3,0,1,2.1,1,1.5,1,-0.7,2,-1.3
S02001018,S02000993,20,0,0,0,-20,-20,-20,20,0,6,5.5,9,3.9,4,-1.9,11,-3.4
S02001018,S02000994,4,0,0,0,-4,-4,-4,4,0,1,2.5,2,1.8,1,-0.9,2,-1.5
S02001018,S02000997,0,5,0,6,0,5,6,11,11,3,-1.9,5,0.1,2,-1.4,6,-0.1
S02001018,S02000998,3,3,0,3,-3,0,0,9,6,3,0.1,4,1.1,2,-1.3,5,-1
S02001018,S02000999,4,0,4,24,0,-4,20,32,28,10,-1.9,14,-2.6,6,-0.8,18,2.2
S02001018,S02001000,57,6,13,34,-44,-51,-23,110,53,34,3.9,47,2.4,20,-1.6,63,-2
S02001018,S02001003,9,0,0,0,-9,-9,-9,9,0,3,3.7,4,2.6,2,-1.3,5,-2.3
S02001018,S02001004,3,0,0,9,-3,-3,6,12,9,4,-0.4,5,-0.9,2,-1.5,7,0.8
S02001018,S02001005,0,0,0,3,0,0,3,3,3,1,-1,1,-1.1,1,-0.7,2,1
S02001018,S02001007,5,4,0,8,-5,-1,3,17,12,5,-0.1,7,0.7,3,-1.8,10,-0.6
S02001018,S02001010,48,18,11,32,-37,-30,-16,109,61,34,2.4,46,2.9,20,-2,63,-2.5
S02001018,S02001011,3,0,0,8,-3,-3,5,11,8,3,-0.2,5,-0.8,2,-1.4,6,0.7
S02001018,S02001012,0,0,0,5,0,0,5,5,5,2,-1.2,2,-1.5,1,-1,3,1.3
S02001018,S02001013,11,30,13,66,2,19,55,120,109,37,-4.3,51,-1.4,22,-2,69,1.2
S02001018,S02001014,5,13,5,11,0,8,6,34,29,11,-1.7,14,0.9,6,-0.5,20,-0.8
S02001018,S02001015,69,75,40,37,-29,6,-32,221,152,69,0,94,5.2,41,-0.1,127,-4.4
S02001018,S02001016,12,6,7,12,-5,-6,0,37,25,12,0.1,16,0.6,7,0.1,21,-0.5
S02001018,S02001017,6,0,0,8,-6,-6,2,14,8,4,0.8,6,0,3,-1.6,8,0
S02001018,S02001018,30,13,6,82,-24,-17,52,131,101,41,-1.7,56,-1.7,24,-3.7,75,1.5
S02001018,S02001019,6,0,0,13,-6,-6,7,19,13,6,0,8,-0.7,4,-1.9,11,0.6
S02001018,S02001020,5,4,0,0,-5,-1,-5,9,4,3,1.3,4,2.6,2,-1.3,5,-2.3
S02001018,S02001162,3,0,0,0,-3,-3,-3,3,0,1,2.1,1,1.5,1,-0.7,2,-1.3
S02001018,S02001185,24,8,4,10,-20,-16,-14,46,22,14,2.6,20,2.8,9,-1.5,26,-2.4
S02001018,S02001192,10,0,0,4,-10,-10,-6,14,4,4,2.7,6,1.7,3,-1.6,8,-1.4
S02001018,S02001197,4,4,0,0,-4,0,-4,8,4,2,1,3,2.5,1,-1.2,5,-2.1
S02001019,S02000267,0,3,0,0,0,3,0,3,3,1,-1,1,1.5,1,-0.7,2,-1.3
S02001019,S02000317,0,0,0,3,0,0,3,3,3,1,-1,1,-1.1,1,-0.7,2,1
S02001019,S02000324,0,0,0,3,0,0,3,3,3,1,-1,1,-1.1,1,-0.7,2,1
S02001019,S02000328,10,0,0,0,-10,-10,-10,10,0,3,3.9,4,2.8,2,-1.4,6,-2.4
S02001019,S02000329,0,0,0,3,0,0,3,3,3,1,-1,1,-1.1,1,-0.7,2,1
S02001019,S02000590,0,0,0,3,0,0,3,3,3,1,-1,1,-1.1,1,-0.7,2,1
S02001019,S02000597,0,0,0,5,0,0,5,5,5,2,-1.2,2,-1.5,1,-1,3,1.3
S02001019,S02000599,3,0,0,0,-3,-3,-3,3,0,1,2.1,1,1.5,1,-0.7,2,-1.3
S02001019,S02000607,4,0,0,0,-4,-4,-4,4,0,1,2.5,2,1.8,1,-0.9,2,-1.5
S02001019,S02000608,5,0,0,0,-5,-5,-5,5,0,2,2.8,2,2,1,-1,3,-1.7
S02001019,S02000615,0,0,0,3,0,0,3,3,3,1,-1,1,-1.1,1,-0.7,2,1
S02001019,S02000622,0,5,0,0,0,5,0,5,5,2,-1.2,2,2,1,-1,3,-1.7
S02001019,S02000625,0,0,0,3,0,0,3,3,3,1,-1,1,-1.1,1,-0.7,2,1
S02001019,S02000627,3,0,0,0,-3,-3,-3,3,0,1,2.1,1,1.5,1,-0.7,2,-1.3
S02001019,S02000628,5,0,0,0,-5,-5,-5,5,0,2,2.8,2,2,1,-1,3,-1.7
S02001019,S02000631,3,0,0,3,-3,-3,0,6,3,2,0.8,3,0.3,1,-1.1,3,-0.2
S02001019,S02000633,3,0,0,0,-3,-3,-3,3,0,1,2.1,1,1.5,1,-0.7,2,-1.3
S02001019,S02000634,8,0,5,0,-3,-8,-8,13,5,4,2,6,1.1,2,1.7,7,-0.9
S02001019,S02000635,0,0,4,4,4,0,4,8,8,2,-1.6,3,-1.8,1,2.1,5,1.6
S02001019,S02000644,4,0,4,0,0,-4,-4,8,4,2,1,3,0.3,1,2.1,5,-0.3
S02001019,S02000649,0,0,0,6,0,0,6,6,6,2,-1.4,3,-1.6,1,-1.1,3,1.4
S02001019,S02000651,0,0,5,3,5,0,3,8,8,2,-1.6,3,-1.8,1,2.9,5,1.6
S02001019,S02000655,37,8,86,39,49,-29,2,170,133,53,-2.2,72,-3.2,31,9.7,98,2.8
S02001019,S02000656,10,26,7,10,-3,16,0,53,43,17,-1.6,23,2.8,10,-0.9,30,-2.4
S02001019,S02000658,22,3,13,52,-9,-19,30,90,68,28,-1.1,38,-2.1,17,-0.9,52,1.8
S02001019,S02000659,0,0,4,0,4,0,0,4,4,1,-1.1,2,-1.3,1,3.8,2,1.1
S02001019,S02000660,44,10,0,13,-44,-34,-31,67,23,21,5.1,28,4.8,12,-3.5,39,-4.1
S02001019,S02000661,9,0,7,4,-2,-9,-5,20,11,6,1.1,9,0.2,4,1.7,11,-0.1
S02001019,S02000663,0,0,3,0,3,0,0,3,3,1,-1,1,-1.1,1,3.3,2,1
S02001019,S02000664,11,0,0,0,-11,-11,-11,11,0,3,4.1,5,2.9,2,-1.4,6,-2.5
S02001019,S02000665,0,0,7,0,7,0,0,7,7,2,-1.5,3,-1.7,1,5,4,1.5
S02001019,S02000667,3,0,0,0,-3,-3,-3,3,0,1,2.1,1,1.5,1,-0.7,2,-1.3
S02001019,S02000670,5,4,0,0,-5,-1,-5,9,4,3,1.3,4,2.6,2,-1.3,5,-2.3
S02001019,S02000672,0,0,4,19,4,0,19,23,23,7,-2.7,10,-3.1,4,-0.1,13,2.7
S02001019,S02000684,0,12,0,5,0,12,5,17,17,5,-2.3,7,1.8,3,-1.8,10,-1.5
S02001019,S02000689,14,0,0,4,-14,-14,-10,18,4,6,3.5,8,2.3,3,-1.8,10,-2
S02001019,S02000696,5,3,0,0,-5,-2,-5,8,3,2,1.6,3,2.5,1,-1.2,5,-2.1
S02001019,S02000702,0,0,0,3,0,0,3,3,3,1,-1,1,-1.1,1,-0.7,2,1
S02001019,S02000705,5,4,0,0,-5,-1,-5,9,4,3,1.3,4,2.6,2,-1.3,5,-2.3
S02001019,S02000710,0,3,0,0,0,3,0,3,3,1,-1,1,1.5,1,-0.7,2,-1.3
S02001019,S02000711,0,0,0,4,0,0,4,4,4,1,-1.1,2,-1.3,1,-0.9,2,1.1
S02001019,S02000716,4,0,0,0,-4,-4,-4,4,0,1,2.5,2,1.8,1,-0.9,2,-1.5
S02001019,S02000771,4,0,0,0,-4,-4,-4,4,0,1,2.5,2,1.8,1,-0.9,2,-1.5
S02001019,S02000772,4,0,0,0,-4,-4,-4,4,0,1,2.5,2,1.8,1,-0.9,2,-1.5
S02001019,S02000778,3,0,0,0,-3,-3,-3,3,0,1,2.1,1,1.5,1,-0.7,2,-1.3
S02001019,S02000779,3,0,0,0,-3,-3,-3,3,0,1,2.1,1,1.5,1,-0.7,2,-1.3
S02001019,S02000780,3,0,0,0,-3,-3,-3,3,0,1,2.1,1,1.5,1,-0.7,2,-1.3
S02001019,S02000781,19,0,9,8,-10,-19,-11,36,17,11,2.3,15,0.9,7,0.9,21,-0.8
S02001019,S02000784,4,0,0,11,-4,-4,7,15,11,5,-0.3,6,-0.9,3,-1.7,9,0.8
S02001019,S02000787,0,0,0,3,0,0,3,3,3,1,-1,1,-1.1,1,-0.7,2,1
S02001019,S02000984,4,0,0,0,-4,-4,-4,4,0,1,2.5,2,1.8,1,-0.9,2,-1.5
S02001019,S02000991,0,6,0,0,0,6,0,6,6,2,-1.4,3,2.2,1,-1.1,3,-1.9
S02001019,S02000992,3,0,0,0,-3,-3,-3,3,0,1,2.1,1,1.5,1,-0.7,2,-1.3
S02001019,S02000993,40,0,0,0,-40,-40,-40,40,0,12,7.8,17,5.6,7,-2.7,23,-4.8
S02001019,S02000994,8,0,0,4,-8,-8,-4,12,4,4,2.2,5,1.3,2,-1.5,7,-1.1
S02001019,S02000995,3,0,0,0,-3,-3,-3,3,0,1,2.1,1,1.5,1,-0.7,2,-1.3
S02001019,S02000997,0,8,0,0,0,8,0,8,8,2,-1.6,3,2.5,1,-1.2,5,-2.1
S02001019,S02000998,6,0,0,3,-6,-6,-3,9,3,3,1.9,4,1.1,2,-1.3,5,-1
S02001019,S02000999,0,4,4,0,4,4,0,8,8,2,-1.6,3,0.3,1,2.1,5,-0.3
S02001019,S02001000,36,10,12,37,-24,-26,1,95,59,30,1.2,40,0.9,18,-1.3,55,-0.8
S02001019,S02001001,0,4,0,7,0,4,7,11,11,3,-1.9,5,-0.3,2,-1.4,6,0.3
S02001019,S02001003,11,0,0,0,-11,-11,-11,11,0,3,4.1,5,2.9,2,-1.4,6,-2.5
S02001019,S02001004,3,0,0,5,-3,-3,2,8,5,2,0.3,3,-0.2,1,-1.2,5,0.2
S02001019,S02001005,0,0,0,7,0,0,7,7,7,2,-1.5,3,-1.7,1,-1.1,4,1.5
S02001019,S02001006,0,0,0,3,0,0,3,3,3,1,-1,1,-1.1,1,-0.7,2,1
S02001019,S02001007,0,9,4,9,4,9,9,22,22,7,-2.6,9,-0.1,4,0,13,0.1
S02001019,S02001008,0,0,0,3,0,0,3,3,3,1,-1,1,-1.1,1,-0.7,2,1
S02001019,S02001010,61,16,13,40,-48,-45,-21,130,69,40,3.2,55,2.9,24,-2.3,75,-2.5
S02001019,S02001011,8,0,0,10,-8,-8,2,18,10,6,1,8,0.1,3,-1.8,10,-0.1
S02001019,S02001012,0,0,0,5,0,0,5,5,5,2,-1.2,2,-1.5,1,-1,3,1.3
S02001019,S02001013,6,23,9,74,3,17,68,112,106,35,-4.9,48,-2.7,21,-2.6,64,2.3
S02001019,S02001014,12,16,12,11,0,4,-1,51,39,16,-1,22,1.4,9,0.8,29,-1.2
S02001019,S02001015,66,94,50,60,-16,28,-6,270,204,84,-2,115,4.2,50,0,155,-3.6
S02001019,S02001016,11,8,3,18,-8,-3,7,40,29,12,-0.4,17,0.5,7,-1.6,23,-0.4
S02001019,S02001017,9,0,0,9,-9,-9,0,18,9,6,1.4,8,0.5,3,-1.8,10,-0.4
S02001019,S02001018,50,12,3,79,-47,-38,29,144,94,45,0.8,61,0.1,27,-4.6,83,-0.1
S02001019,S02001019,23,5,8,44,-15,-18,21,80,57,25,-0.4,34,-1,15,-1.8,46,0.9
S02001019,S02001020,4,0,0,13,-4,-4,9,17,13,5,-0.6,7,-1.2,3,-1.8,10,1
S02001019,S02001185,20,6,14,14,-6,-14,-6,54,34,17,0.8,23,0.6,10,1.3,31,-0.5
S02001019,S02001186,3,0,0,0,-3,-3,-3,3,0,1,2.1,1,1.5,1,-0.7,2,-1.3
S02001019,S02001188,3,0,0,0,-3,-3,-3,3,0,1,2.1,1,1.5,1,-0.7,2,-1.3
S02001019,S02001190,0,3,0,0,0,3,0,3,3,1,-1,1,1.5,1,-0.7,2,-1.3
S02001019,S02001192,3,3,3,3,0,0,0,12,9,4,-0.4,5,0.4,2,0.5,7,-0.3
S02001019,S02001194,3,0,0,0,-3,-3,-3,3,0,1,2.1,1,1.5,1,-0.7,2,-1.3
S02001019,S02001197,0,3,0,0,0,3,0,3,3,1,-1,1,1.5,1,-0.7,2,-1.3
S02001019,S02001200,3,0,0,0,-3,-3,-3,3,0,1,2.1,1,1.5,1,-0.7,2,-1.3
S02001020,S02000317,3,0,0,0,-3,-3,-3,3,0,1,2.1,1,1.5,1,-0.7,2,-1.3
S02001020,S02000328,0,7,0,3,0,7,3,10,10,3,-1.8,4,1.3,2,-1.4,6,-1.1
S02001020,S02000599,0,3,0,0,0,3,0,3,3,1,-1,1,1.5,1,-0.7,2,-1.3
S02001020,S02000607,4,0,0,0,-4,-4,-4,4,0,1,2.5,2,1.8,1,-0.9,2,-1.5
S02001020,S02000611,0,0,3,4,3,0,4,7,7,2,-1.5,3,-1.7,1,1.5,4,1.5
S02001020,S02000612,0,0,0,3,0,0,3,3,3,1,-1,1,-1.1,1,-0.7,2,1
S02001020,S02000622,0,0,0,3,0,0,3,3,3,1,-1,1,-1.1,1,-0.7,2,1
S02001020,S02000625,0,0,0,9,0,0,9,9,9,3,-1.7,4,-2,2,-1.3,5,1.7
S02001020,S02000627,3,0,0,0,-3,-3,-3,3,0,1,2.1,1,1.5,1,-0.7,2,-1.3
S02001020,S02000628,6,0,0,0,-6,-6,-6,6,0,2,3,3,2.2,1,-1.1,3,-1.9
S02001020,S02000634,4,0,0,0,-4,-4,-4,4,0,1,2.5,2,1.8,1,-0.9,2,-1.5
S02001020,S02000638,3,0,0,0,-3,-3,-3,3,0,1,2.1,1,1.5,1,-0.7,2,-1.3
S02001020,S02000642,3,0,0,0,-3,-3,-3,3,0,1,2.1,1,1.5,1,-0.7,2,-1.3
S02001020,S02000644,4,0,3,0,-1,-4,-4,7,3,2,1.2,3,0.6,1,1.5,4,-0.5
S02001020,S02000649,0,0,0,3,0,0,3,3,3,1,-1,1,-1.1,1,-0.7,2,1
S02001020,S02000651,0,3,6,0,6,3,0,9,9,3,-1.7,4,-0.4,2,3.4,5,0.4
S02001020,S02000655,48,10,116,28,68,-38,-20,202,154,63,-1.9,86,-3,37,12.9,116,2.6
S02001020,S02000656,4,14,0,7,-4,10,3,25,21,8,-1.4,11,2.3,5,-2.2,14,-1.9
S02001020,S02000658,21,4,12,50,-9,-17,29,87,66,27,-1.2,37,-2,16,-1,50,1.7
S02001020,S02000659,0,0,6,0,6,0,0,6,6,2,-1.4,3,-1.6,1,4.6,3,1.4
S02001020,S02000660,38,5,4,5,-34,-33,-33,52,14,16,5.4,22,4.4,10,-1.8,30,-3.8
S02001020,S02000661,11,3,8,3,-3,-8,-8,25,14,8,1.2,11,1,5,1.6,14,-0.9
S02001020,S02000664,8,0,0,0,-8,-8,-8,8,0,2,3.5,3,2.5,1,-1.2,5,-2.1
S02001020,S02000666,0,0,0,3,0,0,3,3,3,1,-1,1,-1.1,1,-0.7,2,1
S02001020,S02000672,0,0,0,21,0,0,21,21,21,7,-2.6,9,-3,4,-2,12,2.6
S02001020,S02000684,0,13,0,4,0,13,4,17,17,5,-2.3,7,2.1,3,-1.8,10,-1.8
S02001020,S02000689,11,0,0,6,-11,-11,-5,17,6,5,2.5,7,1.4,3,-1.8,10,-1.2
S02001020,S02000691,5,0,0,0,-5,-5,-5,5,0,2,2.8,2,2,1,-1,3,-1.7
S02001020,S02000772,4,0,0,0,-4,-4,-4,4,0,1,2.5,2,1.8,1,-0.9,2,-1.5
S02001020,S02000775,0,0,0,7,0,0,7,7,7,2,-1.5,3,-1.7,1,-1.1,4,1.5
S02001020,S02000776,8,0,0,4,-8,-8,-4,12,4,4,2.2,5,1.3,2,-1.5,7,-1.1
S02001020,S02000777,0,0,6,5,6,0,5,11,11,3,-1.9,5,-2.2,2,2.8,6,1.9
S02001020,S02000778,3,0,0,4,-3,-3,1,7,4,2,0.6,3,0,1,-1.1,4,0
S02001020,S02000780,3,0,0,0,-3,-3,-3,3,0,1,2.1,1,1.5,1,-0.7,2,-1.3
S02001020,S02000781,26,3,18,10,-8,-23,-16,57,31,18,2,24,1,11,2.3,33,-0.8
S02001020,S02000783,10,0,0,0,-10,-10,-10,10,0,3,3.9,4,2.8,2,-1.4,6,-2.4
S02001020,S02000784,9,0,3,12,-6,-9,3,24,15,7,0.6,10,-0.4,4,-0.7,14,0.3
S02001020,S02000786,0,0,0,3,0,0,3,3,3,1,-1,1,-1.1,1,-0.7,2,1
S02001020,S02000984,4,0,0,4,-4,-4,0,8,4,2,1,3,0.3,1,-1.2,5,-0.3
S02001020,S02000988,0,0,0,3,0,0,3,3,3,1,-1,1,-1.1,1,-0.7,2,1
S02001020,S02000990,0,0,0,3,0,0,3,3,3,1,-1,1,-1.1,1,-0.7,2,1
S02001020,S02000991,3,0,0,0,-3,-3,-3,3,0,1,2.1,1,1.5,1,-0.7,2,-1.3
S02001020,S02000993,36,0,0,0,-36,-36,-36,36,0,11,7.4,15,5.3,7,-2.6,21,-4.5
S02001020,S02000994,8,0,0,3,-8,-8,-5,11,3,3,2.5,5,1.5,2,-1.4,6,-1.3
S02001020,S02000995,4,0,0,0,-4,-4,-4,4,0,1,2.5,2,1.8,1,-0.9,2,-1.5
S02001020,S02000997,0,5,0,0,0,5,0,5,5,2,-1.2,2,2,1,-1,3,-1.7
S02001020,S02000998,5,0,0,3,-5,-5,-2,8,3,2,1.6,3,0.9,1,-1.2,5,-0.7
S02001020,S02000999,0,3,0,6,0,3,6,9,9,3,-1.7,4,-0.4,2,-1.3,5,0.4
S02001020,S02001000,54,6,7,24,-47,-48,-30,91,37,28,4.8,39,3.4,17,-2.4,52,-2.9
S02001020,S02001001,0,0,0,3,0,0,3,3,3,1,-1,1,-1.1,1,-0.7,2,1
S02001020,S02001003,10,0,0,6,-10,-10,-4,16,6,5,2.2,7,1.2,3,-1.7,9,-1.1
S02001020,S02001004,0,0,5,5,5,0,5,10,10,3,-1.8,4,-2.1,2,2.3,6,1.8
S02001020,S02001007,0,5,3,9,3,5,9,17,17,5,-2.3,7,-0.8,3,-0.1,10,0.7
S02001020,S02001008,0,3,0,0,0,3,0,3,3,1,-1,1,1.5,1,-0.7,2,-1.3
S02001020,S02001010,51,23,17,27,-34,-28,-24,118,67,37,2.4,50,3.4,22,-1,68,-2.9
S02001020,S02001012,0,0,0,5,0,0,5,5,5,2,-1.2,2,-1.5,1,-1,3,1.3
S02001020,S02001013,6,28,5,44,-1,22,38,83,77,26,-3.9,35,-0.2,15,-2.6,48,0.2
S02001020,S02001014,4,8,5,5,1,4,1,22,18,7,-1.1,9,0.9,4,0.5,13,-0.7
S02001020,S02001015,27,55,21,36,-6,28,9,139,112,43,-2.5,59,3,26,-0.9,80,-2.6
S02001020,S02001016,8,10,0,7,-8,2,-1,25,17,8,0.1,11,2.3,5,-2.2,14,-1.9
S02001020,S02001017,5,0,0,0,-5,-5,-5,5,0,2,2.8,2,2,1,-1,3,-1.7
S02001020,S02001018,17,0,4,42,-13,-17,25,63,46,20,-0.6,27,-1.9,12,-2.2,36,1.6
S02001020,S02001019,0,0,0,10,0,0,10,10,10,3,-1.8,4,-2.1,2,-1.4,6,1.8
S02001020,S02001020,30,4,3,54,-27,-26,24,91,61,28,0.3,39,-0.8,17,-3.4,52,0.7
S02001020,S02001162,0,4,0,0,0,4,0,4,4,1,-1.1,2,1.8,1,-0.9,2,-1.5
S02001020,S02001185,15,0,15,6,0,-15,-9,36,21,11,1.1,15,-0.1,7,3.2,21,0.1
S02001020,S02001186,4,0,0,0,-4,-4,-4,4,0,1,2.5,2,1.8,1,-0.9,2,-1.5
S02001020,S02001187,0,0,0,4,0,0,4,4,4,1,-1.1,2,-1.3,1,-0.9,2,1.1
S02001020,S02001190,4,0,0,0,-4,-4,-4,4,0,1,2.5,2,1.8,1,-0.9,2,-1.5
S02001020,S02001192,8,0,0,5,-8,-8,-3,13,5,4,2,6,1.1,2,-1.6,7,-0.9
S02001020,S02001194,3,0,0,0,-3,-3,-3,3,0,1,2.1,1,1.5,1,-0.7,2,-1.3
S02001020,S02001197,0,9,0,0,0,9,0,9,9,3,-1.7,4,2.6,2,-1.3,5,-2.3
S02001020,S02001200,3,0,0,0,-3,-3,-3,3,0,1,2.1,1,1.5,1,-0.7,2,-1.3
S02001146,S02000328,3,0,0,0,-3,-3,-3,3,0,1,2.1,1,1.5,1,-0.7,2,-1.3
S02001146,S02000585,6,0,0,4,-6,-6,-2,10,4,3,1.6,4,0.8,2,-1.4,6,-0.7
S02001146,S02000588,8,0,0,4,-8,-8,-4,12,4,4,2.2,5,1.3,2,-1.5,7,-1.1
S02001146,S02000589,3,0,0,0,-3,-3,-3,3,0,1,2.1,1,1.5,1,-0.7,2,-1.3
S02001146,S02000590,0,0,0,3,0,0,3,3,3,1,-1,1,-1.1,1,-0.7,2,1
S02001146,S02000599,5,4,0,5,-5,-1,0,14,9,4,0.3,6,1.2,3,-1.6,8,-1.1
S02001146,S02000602,0,0,0,3,0,0,3,3,3,1,-1,1,-1.1,1,-0.7,2,1
S02001146,S02000603,0,0,0,7,0,0,7,7,7,2,-1.5,3,-1.7,1,-1.1,4,1.5
S02001146,S02000607,19,0,0,0,-19,-19,-19,19,0,6,5.4,8,3.8,4,-1.9,11,-3.3
S02001146,S02000609,0,0,3,3,3,0,3,6,6,2,-1.4,3,-1.6,1,1.8,3,1.4
S02001146,S02000610,3,0,3,13,0,-3,10,19,16,6,-1.2,8,-1.8,4,-0.3,11,1.5
S02001146,S02000611,5,6,0,4,-5,1,-1,15,10,5,0.2,6,1.8,3,-1.7,9,-1.6
S02001146,S02000616,0,3,0,0,0,3,0,3,3,1,-1,1,1.5,1,-0.7,2,-1.3
S02001146,S02000619,3,0,0,0,-3,-3,-3,3,0,1,2.1,1,1.5,1,-0.7,2,-1.3
S02001146,S02000622,0,0,0,3,0,0,3,3,3,1,-1,1,-1.1,1,-0.7,2,1
S02001146,S02000628,7,4,6,6,-1,-3,-1,23,16,7,-0.1,10,0.4,4,0.8,13,-0.3
S02001146,S02000633,10,9,4,7,-6,-1,-3,30,20,9,0.2,13,1.7,6,-0.7,17,-1.5
S02001146,S02000634,24,0,4,4,-20,-24,-20,32,8,10,4.4,14,2.8,6,-0.8,18,-2.4
S02001146,S02000635,7,0,0,6,-7,-7,-1,13,6,4,1.5,6,0.6,2,-1.6,7,-0.5
S02001146,S02000640,0,0,0,4,0,0,4,4,4,1,-1.1,2,-1.3,1,-0.9,2,1.1
S02001146,S02000642,5,0,0,0,-5,-5,-5,5,0,2,2.8,2,2,1,-1,3,-1.7
S02001146,S02000644,4,0,5,0,1,-4,-4,9,5,3,0.7,4,0.1,2,2.6,5,-0.1
S02001146,S02000651,4,0,6,0,2,-4,-4,10,6,3,0.5,4,-0.1,2,3.1,6,0.1
S02001146,S02000655,17,7,84,34,67,-10,17,142,125,44,-4.1,60,-4.7,26,11.3,82,4
S02001146,S02000656,0,3,0,0,0,3,0,3,3,1,-1,1,1.5,1,-0.7,2,-1.3
S02001146,S02000658,31,4,13,33,-18,-27,2,81,50,25,1.1,34,0.1,15,-0.5,47,-0.1
S02001146,S02000659,0,0,0,3,0,0,3,3,3,1,-1,1,-1.1,1,-0.7,2,1
S02001146,S02000660,5,0,0,6,-5,-5,1,11,6,3,0.9,5,0.1,2,-1.4,6,-0.1
S02001146,S02000661,5,0,5,4,0,-5,-1,14,9,4,0.3,6,-0.4,3,1.5,8,0.3
S02001146,S02000663,0,3,0,0,0,3,0,3,3,1,-1,1,1.5,1,-0.7,2,-1.3
S02001146,S02000664,8,0,0,0,-8,-8,-8,8,0,2,3.5,3,2.5,1,-1.2,5,-2.1
S02001146,S02000665,0,0,3,0,3,0,0,3,3,1,-1,1,-1.1,1,3.3,2,1
S02001146,S02000667,0,3,0,0,0,3,0,3,3,1,-1,1,1.5,1,-0.7,2,-1.3
S02001146,S02000670,3,4,0,0,-3,1,-3,7,4,2,0.6,3,2.3,1,-1.1,4,-2
S02001146,S02000672,0,0,0,4,0,0,4,4,4,1,-1.1,2,-1.3,1,-0.9,2,1.1
S02001146,S02000673,0,0,0,3,0,0,3,3,3,1,-1,1,-1.1,1,-0.7,2,1
S02001146,S02000676,4,0,0,0,-4,-4,-4,4,0,1,2.5,2,1.8,1,-0.9,2,-1.5
S02001146,S02000681,0,0,0,3,0,0,3,3,3,1,-1,1,-1.1,1,-0.7,2,1
S02001146,S02000684,0,0,0,6,0,0,6,6,6,2,-1.4,3,-1.6,1,-1.1,3,1.4
S02001146,S02000689,5,0,0,0,-5,-5,-5,5,0,2,2.8,2,2,1,-1,3,-1.7
S02001146,S02000691,7,0,0,0,-7,-7,-7,7,0,2,3.3,3,2.3,1,-1.1,4,-2
S02001146,S02000701,3,0,0,0,-3,-3,-3,3,0,1,2.1,1,1.5,1,-0.7,2,-1.3
S02001146,S02001000,4,0,0,0,-4,-4,-4,4,0,1,2.5,2,1.8,1,-0.9,2,-1.5
S02001146,S02001015,0,0,0,3,0,0,3,3,3,1,-1,1,-1.1,1,-0.7,2,1
S02001146,S02001016,0,0,3,0,3,0,0,3,3,1,-1,1,-1.1,1,3.3,2,1
S02001146,S02001146,8,0,7,21,-1,-8,13,36,28,11,-1,15,-1.9,7,0.1,21,1.6
S02001146,S02001148,0,0,0,9,0,0,9,9,9,3,-1.7,4,-2,2,-1.3,5,1.7
S02001146,S02001149,6,0,0,6,-6,-6,0,12,6,4,1.2,5,0.4,2,-1.5,7,-0.3
S02001146,S02001150,10,0,0,8,-10,-10,-2,18,8,6,1.9,8,0.8,3,-1.8,10,-0.7
S02001146,S02001153,4,0,3,9,-1,-4,5,16,12,5,-0.4,7,-1.1,3,0,9,0.9
S02001146,S02001154,4,0,0,17,-4,-4,13,21,17,7,-1,9,-1.7,4,-2,12,1.4
S02001146,S02001156,0,4,0,0,0,4,0,4,4,1,-1.1,2,1.8,1,-0.9,2,-1.5
S02001146,S02001157,0,10,0,8,0,10,8,18,18,6,-2.4,8,0.8,3,-1.8,10,-0.7
S02001146,S02001158,0,0,0,7,0,0,7,7,7,2,-1.5,3,-1.7,1,-1.1,4,1.5
S02001146,S02001159,0,0,0,13,0,0,13,13,13,4,-2,6,-2.4,2,-1.6,7,2
S02001146,S02001160,0,0,0,5,0,0,5,5,5,2,-1.2,2,-1.5,1,-1,3,1.3
S02001146,S02001161,21,8,4,26,-17,-13,5,59,38,18,0.6,25,0.8,11,-2.1,34,-0.7
S02001146,S02001162,20,17,3,20,-17,-3,0,60,40,19,0.3,26,2.3,11,-2.4,34,-2
S02001146,S02001185,3,0,0,0,-3,-3,-3,3,0,1,2.1,1,1.5,1,-0.7,2,-1.3
S02001148,S02000270,0,0,3,0,3,0,0,3,3,1,-1,1,-1.1,1,3.3,2,1
S02001148,S02000284,0,3,0,0,0,3,0,3,3,1,-1,1,1.5,1,-0.7,2,-1.3
S02001148,S02000327,0,0,0,4,0,0,4,4,4,1,-1.1,2,-1.3,1,-0.9,2,1.1
S02001148,S02000588,4,0,0,0,-4,-4,-4,4,0,1,2.5,2,1.8,1,-0.9,2,-1.5
S02001148,S02000590,0,0,0,3,0,0,3,3,3,1,-1,1,-1.1,1,-0.7,2,1
S02001148,S02000599,10,4,0,3,-10,-6,-7,17,7,5,2,7,2.5,3,-1.8,10,-2.2
S02001148,S02000602,5,0,0,0,-5,-5,-5,5,0,2,2.8,2,2,1,-1,3,-1.7
S02001148,S02000607,14,0,0,0,-14,-14,-14,14,0,4,4.6,6,3.3,3,-1.6,8,-2.8
S02001148,S02000610,0,0,0,7,0,0,7,7,7,2,-1.5,3,-1.7,1,-1.1,4,1.5
S02001148,S02000611,11,8,4,11,-7,-3,0,34,23,11,0.1,14,1.2,6,-0.9,20,-1
S02001148,S02000613,0,0,0,3,0,0,3,3,3,1,-1,1,-1.1,1,-0.7,2,1
S02001148,S02000614,0,3,0,0,0,3,0,3,3,1,-1,1,1.5,1,-0.7,2,-1.3
S02001148,S02000615,0,5,0,3,0,5,3,8,8,2,-1.6,3,0.9,1,-1.2,5,-0.7
S02001148,S02000620,0,0,0,3,0,0,3,3,3,1,-1,1,-1.1,1,-0.7,2,1
S02001148,S02000622,0,0,0,3,0,0,3,3,3,1,-1,1,-1.1,1,-0.7,2,1
S02001148,S02000628,8,4,10,4,2,-4,-4,26,18,8,0,11,0.3,5,2.4,15,-0.2
S02001148,S02000629,3,3,0,0,-3,0,-3,6,3,2,0.8,3,2.2,1,-1.1,3,-1.9
S02001148,S02000633,11,9,4,11,-7,-2,0,35,24,11,0,15,1.3,6,-1,20,-1.1
S02001148,S02000634,16,0,0,9,-16,-16,-7,25,9,8,2.9,11,1.6,5,-2.2,14,-1.4
S02001148,S02000635,13,0,0,0,-13,-13,-13,13,0,4,4.4,6,3.2,2,-1.6,7,-2.7
S02001148,S02000636,0,3,0,0,0,3,0,3,3,1,-1,1,1.5,1,-0.7,2,-1.3
S02001148,S02000638,3,0,0,0,-3,-3,-3,3,0,1,2.1,1,1.5,1,-0.7,2,-1.3
S02001148,S02000643,0,5,0,0,0,5,0,5,5,2,-1.2,2,2,1,-1,3,-1.7
S02001148,S02000644,0,0,5,0,5,0,0,5,5,2,-1.2,2,-1.5,1,4.2,3,1.3
S02001148,S02000645,0,0,3,0,3,0,0,3,3,1,-1,1,-1.1,1,3.3,2,1
S02001148,S02000646,0,0,3,0,3,0,0,3,3,1,-1,1,-1.1,1,3.3,2,1
S02001148,S02000651,0,0,3,0,3,0,0,3,3,1,-1,1,-1.1,1,3.3,2,1
S02001148,S02000655,31,10,110,51,79,-21,20,202,171,63,-4,86,-4.8,37,11.9,116,4.2
S02001148,S02000656,6,6,0,0,-6,0,-6,12,6,4,1.2,5,3.1,2,-1.5,7,-2.6
S02001148,S02000658,36,0,16,54,-20,-36,18,106,70,33,0.5,45,-1.4,20,-0.8,61,1.2
S02001148,S02000659,0,0,0,3,0,0,3,3,3,1,-1,1,-1.1,1,-0.7,2,1
S02001148,S02000660,8,0,5,0,-3,-8,-8,13,5,4,2,6,1.1,2,1.7,7,-0.9
S02001148,S02000661,7,0,13,3,6,-7,-4,23,16,7,-0.1,10,-0.9,4,4.2,13,0.8
S02001148,S02000664,3,0,0,0,-3,-3,-3,3,0,1,2.1,1,1.5,1,-0.7,2,-1.3
S02001148,S02000665,0,0,4,0,4,0,0,4,4,1,-1.1,2,-1.3,1,3.8,2,1.1
S02001148,S02000666,0,0,0,6,0,0,6,6,6,2,-1.4,3,-1.6,1,-1.1,3,1.4
S02001148,S02000667,4,0,0,0,-4,-4,-4,4,0,1,2.5,2,1.8,1,-0.9,2,-1.5
S02001148,S02000669,0,3,0,3,0,3,3,6,6,2,-1.4,3,0.3,1,-1.1,3,-0.2
S02001148,S02000670,0,3,0,4,0,3,4,7,7,2,-1.5,3,0,1,-1.1,4,0
S02001148,S02000672,0,0,0,12,0,0,12,12,12,4,-1.9,5,-2.3,2,-1.5,7,1.9
S02001148,S02000674,0,0,0,3,0,0,3,3,3,1,-1,1,-1.1,1,-0.7,2,1
S02001148,S02000676,10,5,5,5,-5,-5,-5,25,15,8,0.8,11,1.3,5,0.2,14,-1.2
S02001148,S02000684,0,10,0,3,0,10,3,13,13,4,-2,6,1.9,2,-1.6,7,-1.6
S02001148,S02000688,0,0,0,3,0,0,3,3,3,1,-1,1,-1.1,1,-0.7,2,1
S02001148,S02000689,6,0,0,0,-6,-6,-6,6,0,2,3,3,2.2,1,-1.1,3,-1.9
S02001148,S02000691,4,0,0,0,-4,-4,-4,4,0,1,2.5,2,1.8,1,-0.9,2,-1.5
S02001148,S02001000,0,0,0,5,0,0,5,5,5,2,-1.2,2,-1.5,1,-1,3,1.3
S02001148,S02001010,3,0,0,0,-3,-3,-3,3,0,1,2.1,1,1.5,1,-0.7,2,-1.3
S02001148,S02001146,0,0,3,8,3,0,8,11,11,3,-1.9,5,-2.2,2,0.7,6,1.9
S02001148,S02001148,15,0,0,25,-15,-15,10,40,25,12,0.7,17,-0.5,7,-2.7,23,0.4
S02001148,S02001149,16,0,0,11,-16,-16,-5,27,11,8,2.6,11,1.3,5,-2.2,16,-1.1
S02001148,S02001150,8,3,3,12,-5,-5,4,26,18,8,0,11,0,5,-0.8,15,0
S02001148,S02001153,17,6,4,22,-13,-11,5,49,32,15,0.4,21,0.5,9,-1.7,28,-0.4
S02001148,S02001154,4,0,0,9,-4,-4,5,13,9,4,0,6,-0.7,2,-1.6,7,0.6
S02001148,S02001157,3,21,0,21,-3,18,18,45,42,14,-2.9,19,1.1,8,-2.9,26,-1
S02001148,S02001159,0,0,0,10,0,0,10,10,10,3,-1.8,4,-2.1,2,-1.4,6,1.8
S02001148,S02001161,18,8,8,16,-10,-10,-2,50,32,16,0.6,21,1,9,-0.4,29,-0.9
S02001148,S02001162,11,10,7,25,-4,-1,14,53,42,17,-1.4,23,-0.3,10,-0.9,30,0.3
S02001148,S02001185,6,0,0,0,-6,-6,-6,6,0,2,3,3,2.2,1,-1.1,3,-1.9
S02001149,S02000263,0,0,3,0,3,0,0,3,3,1,-1,1,-1.1,1,3.3,2,1
S02001149,S02000270,0,0,3,0,3,0,0,3,3,1,-1,1,-1.1,1,3.3,2,1
S02001149,S02000595,0,3,0,0,0,3,0,3,3,1,-1,1,1.5,1,-0.7,2,-1.3
S02001149,S02000599,4,5,0,0,-4,1,-4,9,5,3,0.7,4,2.6,2,-1.3,5,-2.3
S02001149,S02000602,0,0,0,4,0,0,4,4,4,1,-1.1,2,-1.3,1,-0.9,2,1.1
S02001149,S02000603,0,0,0,4,0,0,4,4,4,1,-1.1,2,-1.3,1,-0.9,2,1.1
S02001149,S02000607,12,0,0,0,-12,-12,-12,12,0,4,4.3,5,3.1,2,-1.5,7,-2.6
S02001149,S02000610,0,0,5,5,5,0,5,10,10,3,-1.8,4,-2.1,2,2.3,6,1.8
S02001149,S02000611,6,11,5,11,-1,5,5,33,27,10,-1.3,14,0.8,6,-0.4,19,-0.7
S02001149,S02000616,4,0,0,0,-4,-4,-4,4,0,1,2.5,2,1.8,1,-0.9,2,-1.5
S02001149,S02000628,0,0,3,3,3,0,3,6,6,2,-1.4,3,-1.6,1,1.8,3,1.4
S02001149,S02000629,0,3,0,3,0,3,3,6,6,2,-1.4,3,0.3,1,-1.1,3,-0.2
S02001149,S02000632,5,0,0,0,-5,-5,-5,5,0,2,2.8,2,2,1,-1,3,-1.7
S02001149,S02000633,7,5,0,8,-7,-2,1,20,13,6,0.3,9,1.2,4,-1.9,11,-1
S02001149,S02000634,6,0,0,8,-6,-6,2,14,8,4,0.8,6,0,3,-1.6,8,0
S02001149,S02000635,3,0,0,4,-3,-3,1,7,4,2,0.6,3,0,1,-1.1,4,0
S02001149,S02000644,3,0,3,0,0,-3,-3,6,3,2,0.8,3,0.3,1,1.8,3,-0.2
S02001149,S02000651,0,0,4,0,4,0,0,4,4,1,-1.1,2,-1.3,1,3.8,2,1.1
S02001149,S02000655,18,7,78,20,60,-11,2,123,105,38,-3.3,52,-3.8,23,11.6,71,3.2
S02001149,S02000656,3,0,0,0,-3,-3,-3,3,0,1,2.1,1,1.5,1,-0.7,2,-1.3
S02001149,S02000658,22,4,10,33,-12,-18,11,69,47,21,0.1,29,-0.6,13,-0.8,40,0.5
S02001149,S02000659,0,0,0,5,0,0,5,5,5,2,-1.2,2,-1.5,1,-1,3,1.3
S02001149,S02000660,8,0,0,0,-8,-8,-8,8,0,2,3.5,3,2.5,1,-1.2,5,-2.1
S02001149,S02000661,0,0,5,4,5,0,4,9,9,3,-1.7,4,-2,2,2.6,5,1.7
S02001149,S02000663,3,5,0,8,-3,2,5,16,13,5,-0.9,7,0.5,3,-1.7,9,-0.4
S02001149,S02000664,3,0,0,0,-3,-3,-3,3,0,1,2.1,1,1.5,1,-0.7,2,-1.3
S02001149,S02000665,0,0,3,0,3,0,0,3,3,1,-1,1,-1.1,1,3.3,2,1
S02001149,S02000666,5,0,0,0,-5,-5,-5,5,0,2,2.8,2,2,1,-1,3,-1.7
S02001149,S02000669,0,0,0,3,0,0,3,3,3,1,-1,1,-1.1,1,-0.7,2,1
S02001149,S02000670,3,10,0,0,-3,7,-3,13,10,4,-0.5,6,3.2,2,-1.6,7,-2.7
S02001149,S02000672,0,0,0,5,0,0,5,5,5,2,-1.2,2,-1.5,1,-1,3,1.3
S02001149,S02000679,0,0,0,3,0,0,3,3,3,1,-1,1,-1.1,1,-0.7,2,1
S02001149,S02000680,0,0,0,3,0,0,3,3,3,1,-1,1,-1.1,1,-0.7,2,1
S02001149,S02000684,0,4,0,0,0,4,0,4,4,1,-1.1,2,1.8,1,-0.9,2,-1.5
S02001149,S02000689,3,0,0,0,-3,-3,-3,3,0,1,2.1,1,1.5,1,-0.7,2,-1.3
S02001149,S02000691,3,0,0,0,-3,-3,-3,3,0,1,2.1,1,1.5,1,-0.7,2,-1.3
S02001149,S02001010,9,0,0,4,-9,-9,-5,13,4,4,2.5,6,1.5,2,-1.6,7,-1.3
S02001149,S02001015,0,5,0,0,0,5,0,5,5,2,-1.2,2,2,1,-1,3,-1.7
S02001149,S02001146,0,0,0,7,0,0,7,7,7,2,-1.5,3,-1.7,1,-1.1,4,1.5
S02001149,S02001148,0,0,0,9,0,0,9,9,9,3,-1.7,4,-2,2,-1.3,5,1.7
S02001149,S02001149,20,4,5,25,-15,-16,5,54,34,17,0.8,23,0.2,10,-1.6,31,-0.2
S02001149,S02001150,0,0,0,3,0,0,3,3,3,1,-1,1,-1.1,1,-0.7,2,1
S02001149,S02001153,16,4,8,21,-8,-12,5,49,33,15,0.2,21,-0.2,9,-0.4,28,0.2
S02001149,S02001154,0,0,0,8,0,0,8,8,8,2,-1.6,3,-1.8,1,-1.2,5,1.6
S02001149,S02001156,7,4,0,13,-7,-3,6,24,17,7,-0.2,10,0.2,4,-2.1,14,-0.2
S02001149,S02001157,5,23,4,17,-1,18,12,49,44,15,-2.6,21,1.6,9,-1.7,28,-1.3
S02001149,S02001159,0,0,0,7,0,0,7,7,7,2,-1.5,3,-1.7,1,-1.1,4,1.5
S02001149,S02001161,9,0,3,13,-6,-9,4,25,16,8,0.4,11,-0.5,5,-0.8,14,0.4
S02001149,S02001162,17,17,7,41,-10,0,24,82,65,26,-1.7,35,-0.1,15,-2.1,47,0.1
S02001150,S02000324,0,0,0,3,0,0,3,3,3,1,-1,1,-1.1,1,-0.7,2,1
S02001150,S02000585,3,0,0,3,-3,-3,0,6,3,2,0.8,3,0.3,1,-1.1,3,-0.2
S02001150,S02000588,4,0,0,0,-4,-4,-4,4,0,1,2.5,2,1.8,1,-0.9,2,-1.5
S02001150,S02000599,0,4,0,0,0,4,0,4,4,1,-1.1,2,1.8,1,-0.9,2,-1.5
S02001150,S02000602,3,0,0,0,-3,-3,-3,3,0,1,2.1,1,1.5,1,-0.7,2,-1.3
S02001150,S02000603,0,0,0,10,0,0,10,10,10,3,-1.8,4,-2.1,2,-1.4,6,1.8
S02001150,S02000607,13,0,0,0,-13,-13,-13,13,0,4,4.4,6,3.2,2,-1.6,7,-2.7
S02001150,S02000610,9,0,3,11,-6,-9,2,23,14,7,0.7,10,-0.3,4,-0.6,13,0.2
S02001150,S02000611,4,8,0,7,-4,4,3,19,15,6,-0.8,8,1.4,4,-1.9,11,-1.2
S02001150,S02000612,0,0,0,4,0,0,4,4,4,1,-1.1,2,-1.3,1,-0.9,2,1.1
S02001150,S02000614,0,0,0,3,0,0,3,3,3,1,-1,1,-1.1,1,-0.7,2,1
S02001150,S02000615,0,0,3,0,3,0,0,3,3,1,-1,1,-1.1,1,3.3,2,1
S02001150,S02000619,4,0,0,0,-4,-4,-4,4,0,1,2.5,2,1.8,1,-0.9,2,-1.5
S02001150,S02000628,7,7,9,12,2,0,5,35,28,11,-1.2,15,-0.2,6,1,20,0.2
S02001150,S02000631,0,0,0,5,0,0,5,5,5,2,-1.2,2,-1.5,1,-1,3,1.3
S02001150,S02000633,4,7,0,5,-4,3,1,16,12,5,-0.4,7,1.6,3,-1.7,9,-1.4
S02001150,S02000634,17,0,0,10,-17,-17,-7,27,10,8,3,11,1.6,5,-2.2,16,-1.4
S02001150,S02000635,10,0,0,3,-10,-10,-7,13,3,4,3,6,1.9,2,-1.6,7,-1.6
S02001150,S02000640,0,0,0,4,0,0,4,4,4,1,-1.1,2,-1.3,1,-0.9,2,1.1
S02001150,S02000642,3,0,0,0,-3,-3,-3,3,0,1,2.1,1,1.5,1,-0.7,2,-1.3
S02001150,S02000643,3,0,0,0,-3,-3,-3,3,0,1,2.1,1,1.5,1,-0.7,2,-1.3
S02001150,S02000644,0,0,4,0,4,0,0,4,4,1,-1.1,2,-1.3,1,3.8,2,1.1
S02001150,S02000651,0,0,8,0,8,0,0,8,8,2,-1.6,3,-1.8,1,5.4,5,1.6
S02001150,S02000654,3,0,0,0,-3,-3,-3,3,0,1,2.1,1,1.5,1,-0.7,2,-1.3
S02001150,S02000655,31,6,118,38,87,-25,7,193,162,60,-3.8,82,-5,36,13.8,111,4.3
S02001150,S02000656,4,0,0,4,-4,-4,0,8,4,2,1,3,0.3,1,-1.2,5,-0.3
S02001150,S02000658,45,8,17,57,-28,-37,12,127,82,40,0.9,54,-0.1,23,-1.3,73,0.1
S02001150,S02000659,3,0,3,7,0,-3,4,13,10,4,-0.5,6,-1.1,2,0.4,7,0.9
S02001150,S02000660,10,0,0,4,-10,-10,-6,14,4,4,2.7,6,1.7,3,-1.6,8,-1.4
S02001150,S02000661,4,0,4,4,0,-4,0,12,8,4,0.1,5,-0.5,2,1.2,7,0.4
S02001150,S02000663,3,0,0,3,-3,-3,0,6,3,2,0.8,3,0.3,1,-1.1,3,-0.2
S02001150,S02000664,4,0,0,0,-4,-4,-4,4,0,1,2.5,2,1.8,1,-0.9,2,-1.5
S02001150,S02000665,0,0,4,3,4,0,3,7,7,2,-1.5,3,-1.7,1,2.4,4,1.5
S02001150,S02000666,0,0,0,4,0,0,4,4,4,1,-1.1,2,-1.3,1,-0.9,2,1.1
S02001150,S02000667,0,3,0,0,0,3,0,3,3,1,-1,1,1.5,1,-0.7,2,-1.3
S02001150,S02000669,0,0,4,0,4,0,0,4,4,1,-1.1,2,-1.3,1,3.8,2,1.1
S02001150,S02000670,0,4,0,0,0,4,0,4,4,1,-1.1,2,1.8,1,-0.9,2,-1.5
S02001150,S02000672,0,0,3,20,3,0,20,23,23,7,-2.7,10,-3.1,4,-0.6,13,2.7
S02001150,S02000674,3,0,0,0,-3,-3,-3,3,0,1,2.1,1,1.5,1,-0.7,2,-1.3
S02001150,S02000676,0,3,0,0,0,3,0,3,3,1,-1,1,1.5,1,-0.7,2,-1.3
S02001150,S02000689,5,0,0,3,-5,-5,-2,8,3,2,1.6,3,0.9,1,-1.2,5,-0.7
S02001150,S02000691,7,0,0,0,-7,-7,-7,7,0,2,3.3,3,2.3,1,-1.1,4,-2
S02001150,S02000701,0,0,0,3,0,0,3,3,3,1,-1,1,-1.1,1,-0.7,2,1
S02001150,S02001000,0,0,0,7,0,0,7,7,7,2,-1.5,3,-1.7,1,-1.1,4,1.5
S02001150,S02001010,0,3,0,4,0,3,4,7,7,2,-1.5,3,0,1,-1.1,4,0
S02001150,S02001013,0,3,0,5,0,3,5,8,8,2,-1.6,3,-0.2,1,-1.2,5,0.2
S02001150,S02001146,0,3,0,9,0,3,9,12,12,4,-1.9,5,-0.9,2,-1.5,7,0.8
S02001150,S02001148,0,0,3,7,3,0,7,10,10,3,-1.8,4,-2.1,2,0.8,6,1.8
S02001150,S02001150,10,8,0,13,-10,-2,3,31,21,10,0.1,13,1.3,6,-2.4,18,-1.1
S02001150,S02001153,4,0,3,6,-1,-4,2,13,9,4,0,6,-0.7,2,0.4,7,0.6
S02001150,S02001154,6,4,0,17,-6,-2,11,27,21,8,-0.8,11,-0.4,5,-2.2,16,0.4
S02001150,S02001156,3,0,0,5,-3,-3,2,8,5,2,0.3,3,-0.2,1,-1.2,5,0.2
S02001150,S02001157,0,7,0,7,0,7,7,14,14,4,-2.1,6,0.4,3,-1.6,8,-0.4
S02001150,S02001158,3,0,0,0,-3,-3,-3,3,0,1,2.1,1,1.5,1,-0.7,2,-1.3
S02001150,S02001159,3,4,0,8,-3,1,5,15,12,5,-0.8,6,0.2,3,-1.7,9,-0.2
S02001150,S02001161,16,5,3,24,-13,-11,8,48,32,15,0.3,20,0.1,9,-2,28,-0.1
S02001150,S02001162,8,10,7,14,-1,2,6,39,31,12,-1.2,17,0.3,7,-0.1,22,-0.3
S02001152,S02000310,0,3,0,0,0,3,0,3,3,1,-1,1,1.5,1,-0.7,2,-1.3
S02001152,S02000324,0,0,0,4,0,0,4,4,4,1,-1.1,2,-1.3,1,-0.9,2,1.1
S02001152,S02000588,13,0,0,14,-13,-13,1,27,14,8,1.6,11,0.4,5,-2.2,16,-0.4
S02001152,S02000589,0,0,0,4,0,0,4,4,4,1,-1.1,2,-1.3,1,-0.9,2,1.1
S02001152,S02000595,0,0,0,3,0,0,3,3,3,1,-1,1,-1.1,1,-0.7,2,1
S02001152,S02000603,0,0,0,3,0,0,3,3,3,1,-1,1,-1.1,1,-0.7,2,1
S02001152,S02000604,4,0,0,0,-4,-4,-4,4,0,1,2.5,2,1.8,1,-0.9,2,-1.5
S02001152,S02000605,0,0,0,3,0,0,3,3,3,1,-1,1,-1.1,1,-0.7,2,1
S02001152,S02000607,21,0,0,5,-21,-21,-16,26,5,8,4.5,11,3,5,-2.2,15,-2.6
S02001152,S02000610,9,3,5,22,-4,-6,13,39,30,12,-0.9,17,-1.1,7,-0.8,22,1
S02001152,S02000611,3,7,0,4,-3,4,1,14,11,4,-0.7,6,1.7,3,-1.6,8,-1.4
S02001152,S02000616,3,0,0,0,-3,-3,-3,3,0,1,2.1,1,1.5,1,-0.7,2,-1.3
S02001152,S02000619,0,0,0,3,0,0,3,3,3,1,-1,1,-1.1,1,-0.7,2,1
S02001152,S02000628,4,0,4,7,0,-4,3,15,11,5,-0.3,6,-0.9,3,0.7,9,0.8
S02001152,S02000629,0,5,0,0,0,5,0,5,5,2,-1.2,2,2,1,-1,3,-1.7
S02001152,S02000633,7,0,0,3,-7,-7,-4,10,3,3,2.2,4,1.3,2,-1.4,6,-1.1
S02001152,S02000634,10,0,0,5,-10,-10,-5,15,5,5,2.5,6,1.4,3,-1.7,9,-1.2
S02001152,S02000635,4,0,0,0,-4,-4,-4,4,0,1,2.5,2,1.8,1,-0.9,2,-1.5
S02001152,S02000644,3,0,0,0,-3,-3,-3,3,0,1,2.1,1,1.5,1,-0.7,2,-1.3
S02001152,S02000651,0,0,3,0,3,0,0,3,3,1,-1,1,-1.1,1,3.3,2,1
S02001152,S02000655,21,12,27,29,6,-9,8,89,68,28,-1.3,38,-0.8,16,2.6,51,0.7
S02001152,S02000656,6,3,0,0,-6,-3,-6,9,3,3,1.9,4,2.6,2,-1.3,5,-2.3
S02001152,S02000658,23,3,5,28,-18,-20,5,59,36,18,1.1,25,0.2,11,-1.8,34,-0.2
S02001152,S02000659,0,3,0,3,0,3,3,6,6,2,-1.4,3,0.3,1,-1.1,3,-0.2
S02001152,S02000660,5,0,0,0,-5,-5,-5,5,0,2,2.8,2,2,1,-1,3,-1.7
S02001152,S02000661,0,0,0,4,0,0,4,4,4,1,-1.1,2,-1.3,1,-0.9,2,1.1
S02001152,S02000664,3,0,0,0,-3,-3,-3,3,0,1,2.1,1,1.5,1,-0.7,2,-1.3
S02001152,S02000668,0,0,0,3,0,0,3,3,3,1,-1,1,-1.1,1,-0.7,2,1
S02001152,S02000670,7,0,0,0,-7,-7,-7,7,0,2,3.3,3,2.3,1,-1.1,4,-2
S02001152,S02000672,0,0,0,7,0,0,7,7,7,2,-1.5,3,-1.7,1,-1.1,4,1.5
S02001152,S02000673,0,0,3,0,3,0,0,3,3,1,-1,1,-1.1,1,3.3,2,1
S02001152,S02000676,6,3,3,0,-3,-3,-6,12,6,4,1.2,5,1.7,2,0.5,7,-1.5
S02001152,S02000684,0,7,0,0,0,7,0,7,7,2,-1.5,3,2.3,1,-1.1,4,-2
S02001152,S02000701,3,0,0,0,-3,-3,-3,3,0,1,2.1,1,1.5,1,-0.7,2,-1.3
S02001152,S02001010,4,0,0,0,-4,-4,-4,4,0,1,2.5,2,1.8,1,-0.9,2,-1.5
S02001152,S02001013,0,5,0,4,0,5,4,9,9,3,-1.7,4,0.6,2,-1.3,5,-0.5
S02001152,S02001149,3,0,0,0,-3,-3,-3,3,0,1,2.1,1,1.5,1,-0.7,2,-1.3
S02001152,S02001150,0,0,0,5,0,0,5,5,5,2,-1.2,2,-1.5,1,-1,3,1.3
S02001152,S02001152,0,4,3,9,3,4,9,16,16,5,-2.2,7,-1.1,3,0,9,0.9
S02001152,S02001153,6,0,0,7,-6,-6,1,13,7,4,1,6,0.2,2,-1.6,7,-0.2
S02001152,S02001154,4,0,0,9,-4,-4,5,13,9,4,0,6,-0.7,2,-1.6,7,0.6
S02001152,S02001156,4,0,0,0,-4,-4,-4,4,0,1,2.5,2,1.8,1,-0.9,2,-1.5
S02001152,S02001157,6,0,0,3,-6,-6,-3,9,3,3,1.9,4,1.1,2,-1.3,5,-1
S02001152,S02001158,0,0,0,3,0,0,3,3,3,1,-1,1,-1.1,1,-0.7,2,1
S02001152,S02001159,0,0,0,13,0,0,13,13,13,4,-2,6,-2.4,2,-1.6,7,2
S02001152,S02001160,0,0,4,6,4,0,6,10,10,3,-1.8,4,-2.1,2,1.6,6,1.8
S02001152,S02001161,16,0,7,22,-9,-16,6,45,29,14,0.5,19,-0.7,8,-0.5,26,0.6
S02001152,S02001162,8,6,0,23,-8,-2,15,37,29,12,-1,16,-0.4,7,-2.6,21,0.4
S02001153,S02000281,3,0,0,0,-3,-3,-3,3,0,1,2.1,1,1.5,1,-0.7,2,-1.3
S02001153,S02000324,0,0,0,5,0,0,5,5,5,2,-1.2,2,-1.5,1,-1,3,1.3
S02001153,S02000588,4,0,0,0,-4,-4,-4,4,0,1,2.5,2,1.8,1,-0.9,2,-1.5
S02001153,S02000599,4,3,0,0,-4,-1,-4,7,3,2,1.2,3,2.3,1,-1.1,4,-2
S02001153,S02000603,0,0,0,3,0,0,3,3,3,1,-1,1,-1.1,1,-0.7,2,1
S02001153,S02000607,12,0,0,0,-12,-12,-12,12,0,4,4.3,5,3.1,2,-1.5,7,-2.6
S02001153,S02000610,0,0,0,3,0,0,3,3,3,1,-1,1,-1.1,1,-0.7,2,1
S02001153,S02000611,3,6,0,14,-3,3,11,23,20,7,-1.6,10,-0.3,4,-2.1,13,0.2
S02001153,S02000612,0,0,0,5,0,0,5,5,5,2,-1.2,2,-1.5,1,-1,3,1.3
S02001153,S02000613,0,0,0,4,0,0,4,4,4,1,-1.1,2,-1.3,1,-0.9,2,1.1
S02001153,S02000620,0,0,3,3,3,0,3,6,6,2,-1.4,3,-1.6,1,1.8,3,1.4
S02001153,S02000625,0,0,0,3,0,0,3,3,3,1,-1,1,-1.1,1,-0.7,2,1
S02001153,S02000628,8,0,0,0,-8,-8,-8,8,0,2,3.5,3,2.5,1,-1.2,5,-2.1
S02001153,S02000629,0,5,0,0,0,5,0,5,5,2,-1.2,2,2,1,-1,3,-1.7
S02001153,S02000633,12,0,4,10,-8,-12,-2,26,14,8,1.4,11,0.3,5,-0.4,15,-0.2
S02001153,S02000634,15,0,5,3,-10,-15,-12,23,8,7,2.9,10,1.7,4,0.4,13,-1.4
S02001153,S02000635,4,6,3,5,-1,2,1,18,14,6,-0.7,8,0.8,3,-0.2,10,-0.7
S02001153,S02000644,4,0,4,0,0,-4,-4,8,4,2,1,3,0.3,1,2.1,5,-0.3
S02001153,S02000647,0,0,0,3,0,0,3,3,3,1,-1,1,-1.1,1,-0.7,2,1
S02001153,S02000651,0,3,5,0,5,3,0,8,8,2,-1.6,3,-0.2,1,2.9,5,0.2
S02001153,S02000655,35,8,86,41,51,-27,6,170,135,53,-2.5,72,-3.4,31,9.7,98,3
S02001153,S02000656,3,5,0,0,-3,2,-3,8,5,2,0.3,3,2.5,1,-1.2,5,-2.1
S02001153,S02000658,43,5,18,42,-25,-38,-1,108,65,34,1.6,46,0.3,20,-0.4,62,-0.3
S02001153,S02000659,0,0,5,3,5,0,3,8,8,2,-1.6,3,-1.8,1,2.9,5,1.6
S02001153,S02000660,12,0,0,0,-12,-12,-12,12,0,4,4.3,5,3.1,2,-1.5,7,-2.6
S02001153,S02000661,5,3,5,4,0,-2,-1,17,12,5,-0.1,7,0.3,3,1,10,-0.2
S02001153,S02000663,0,5,3,0,3,5,0,8,8,2,-1.6,3,0.9,1,1.2,5,-0.7
S02001153,S02000664,7,0,0,0,-7,-7,-7,7,0,2,3.3,3,2.3,1,-1.1,4,-2
S02001153,S02000665,0,0,3,0,3,0,0,3,3,1,-1,1,-1.1,1,3.3,2,1
S02001153,S02000666,0,0,0,3,0,0,3,3,3,1,-1,1,-1.1,1,-0.7,2,1
S02001153,S02000670,0,3,0,0,0,3,0,3,3,1,-1,1,1.5,1,-0.7,2,-1.3
S02001153,S02000672,0,0,0,16,0,0,16,16,16,5,-2.2,7,-2.6,3,-1.7,9,2.2
S02001153,S02000676,4,0,0,0,-4,-4,-4,4,0,1,2.5,2,1.8,1,-0.9,2,-1.5
S02001153,S02000689,4,0,0,0,-4,-4,-4,4,0,1,2.5,2,1.8,1,-0.9,2,-1.5
S02001153,S02000691,6,0,0,0,-6,-6,-6,6,0,2,3,3,2.2,1,-1.1,3,-1.9
S02001153,S02001013,0,4,0,3,0,4,3,7,7,2,-1.5,3,0.6,1,-1.1,4,-0.5
S02001153,S02001015,0,4,0,0,0,4,0,4,4,1,-1.1,2,1.8,1,-0.9,2,-1.5
S02001153,S02001148,0,0,0,12,0,0,12,12,12,4,-1.9,5,-2.3,2,-1.5,7,1.9
S02001153,S02001149,7,0,3,3,-4,-7,-4,13,6,4,1.5,6,0.6,2,0.4,7,-0.5
S02001153,S02001150,0,0,0,5,0,0,5,5,5,2,-1.2,2,-1.5,1,-1,3,1.3
S02001153,S02001153,20,6,4,28,-16,-14,8,58,38,18,0.5,25,0.3,11,-2.1,33,-0.2
S02001153,S02001154,0,0,0,7,0,0,7,7,7,2,-1.5,3,-1.7,1,-1.1,4,1.5
S02001153,S02001156,4,0,0,5,-4,-4,1,9,5,3,0.7,4,0.1,2,-1.3,5,-0.1
S02001153,S02001157,0,6,0,6,0,6,6,12,12,4,-1.9,5,0.4,2,-1.5,7,-0.3
S02001153,S02001159,8,0,0,11,-8,-8,3,19,11,6,0.9,8,0,4,-1.9,11,0
S02001153,S02001161,0,0,3,12,3,0,12,15,15,5,-2.2,6,-2.5,3,0.1,9,2.2
S02001153,S02001162,10,15,7,15,-3,5,5,47,37,15,-1.2,20,1.1,9,-0.6,27,-1
S02001153,S02001185,0,3,0,0,0,3,0,3,3,1,-1,1,1.5,1,-0.7,2,-1.3
S02001154,S02000311,0,0,0,3,0,0,3,3,3,1,-1,1,-1.1,1,-0.7,2,1
S02001154,S02000324,0,0,0,3,0,0,3,3,3,1,-1,1,-1.1,1,-0.7,2,1
S02001154,S02000327,3,0,0,0,-3,-3,-3,3,0,1,2.1,1,1.5,1,-0.7,2,-1.3
S02001154,S02000585,0,0,0,5,0,0,5,5,5,2,-1.2,2,-1.5,1,-1,3,1.3
S02001154,S02000587,0,3,0,3,0,3,3,6,6,2,-1.4,3,0.3,1,-1.1,3,-0.2
S02001154,S02000588,3,0,0,4,-3,-3,1,7,4,2,0.6,3,0,1,-1.1,4,0
S02001154,S02000599,0,3,0,0,0,3,0,3,3,1,-1,1,1.5,1,-0.7,2,-1.3
S02001154,S02000600,0,0,0,3,0,0,3,3,3,1,-1,1,-1.1,1,-0.7,2,1
S02001154,S02000603,0,0,0,11,0,0,11,11,11,3,-1.9,5,-2.2,2,-1.4,6,1.9
S02001154,S02000604,3,0,0,0,-3,-3,-3,3,0,1,2.1,1,1.5,1,-0.7,2,-1.3
S02001154,S02000607,14,0,0,0,-14,-14,-14,14,0,4,4.6,6,3.3,3,-1.6,8,-2.8
S02001154,S02000610,0,0,0,3,0,0,3,3,3,1,-1,1,-1.1,1,-0.7,2,1
S02001154,S02000611,0,5,0,3,0,5,3,8,8,2,-1.6,3,0.9,1,-1.2,5,-0.7
S02001154,S02000614,3,0,0,0,-3,-3,-3,3,0,1,2.1,1,1.5,1,-0.7,2,-1.3
S02001154,S02000619,3,0,0,0,-3,-3,-3,3,0,1,2.1,1,1.5,1,-0.7,2,-1.3
S02001154,S02000620,0,5,0,3,0,5,3,8,8,2,-1.6,3,0.9,1,-1.2,5,-0.7
S02001154,S02000625,0,0,0,7,0,0,7,7,7,2,-1.5,3,-1.7,1,-1.1,4,1.5
S02001154,S02000626,4,0,0,0,-4,-4,-4,4,0,1,2.5,2,1.8,1,-0.9,2,-1.5
S02001154,S02000628,12,0,5,7,-7,-12,-5,24,12,7,1.7,10,0.6,4,0.3,14,-0.5
S02001154,S02000631,0,0,0,3,0,0,3,3,3,1,-1,1,-1.1,1,-0.7,2,1
S02001154,S02000632,3,0,0,0,-3,-3,-3,3,0,1,2.1,1,1.5,1,-0.7,2,-1.3
S02001154,S02000633,3,4,3,9,0,1,6,19,16,6,-1.2,8,-0.4,4,-0.3,11,0.3
S02001154,S02000634,8,0,4,5,-4,-8,-3,17,9,5,1.2,7,0.3,3,0.5,10,-0.2
S02001154,S02000635,4,0,0,3,-4,-4,-1,7,3,2,1.2,3,0.6,1,-1.1,4,-0.5
S02001154,S02000636,0,3,0,0,0,3,0,3,3,1,-1,1,1.5,1,-0.7,2,-1.3
S02001154,S02000651,0,5,5,0,5,5,0,10,10,3,-1.8,4,0.4,2,2.3,6,-0.3
S02001154,S02000655,44,7,102,39,58,-37,-5,192,148,60,-2,82,-3.4,36,11.2,110,2.9
S02001154,S02000656,5,8,0,0,-5,3,-5,13,8,4,0.5,6,3.2,2,-1.6,7,-2.7
S02001154,S02000658,38,6,18,65,-20,-32,27,127,89,40,-0.2,54,-1.4,23,-1.1,73,1.2
S02001154,S02000659,3,0,0,0,-3,-3,-3,3,0,1,2.1,1,1.5,1,-0.7,2,-1.3
S02001154,S02000660,13,0,0,0,-13,-13,-13,13,0,4,4.4,6,3.2,2,-1.6,7,-2.7
S02001154,S02000661,8,0,4,0,-4,-8,-8,12,4,4,2.2,5,1.3,2,1.2,7,-1.1
S02001154,S02000663,0,0,3,0,3,0,0,3,3,1,-1,1,-1.1,1,3.3,2,1
S02001154,S02000664,5,0,0,3,-5,-5,-2,8,3,2,1.6,3,0.9,1,-1.2,5,-0.7
S02001154,S02000665,3,3,0,5,-3,0,2,11,8,3,-0.2,5,0.6,2,-1.4,6,-0.5
S02001154,S02000670,3,4,0,0,-3,1,-3,7,4,2,0.6,3,2.3,1,-1.1,4,-2
S02001154,S02000672,0,0,0,9,0,0,9,9,9,3,-1.7,4,-2,2,-1.3,5,1.7
S02001154,S02000674,0,0,0,3,0,0,3,3,3,1,-1,1,-1.1,1,-0.7,2,1
S02001154,S02000689,8,0,3,4,-5,-8,-4,15,7,5,1.5,6,0.6,3,0.1,9,-0.6
S02001154,S02000691,3,0,0,0,-3,-3,-3,3,0,1,2.1,1,1.5,1,-0.7,2,-1.3
S02001154,S02001000,0,0,0,4,0,0,4,4,4,1,-1.1,2,-1.3,1,-0.9,2,1.1
S02001154,S02001010,0,0,0,3,0,0,3,3,3,1,-1,1,-1.1,1,-0.7,2,1
S02001154,S02001013,0,3,0,5,0,3,5,8,8,2,-1.6,3,-0.2,1,-1.2,5,0.2
S02001154,S02001146,0,0,0,3,0,0,3,3,3,1,-1,1,-1.1,1,-0.7,2,1
S02001154,S02001148,0,0,0,6,0,0,6,6,6,2,-1.4,3,-1.6,1,-1.1,3,1.4
S02001154,S02001150,4,0,0,6,-4,-4,2,10,6,3,0.5,4,-0.1,2,-1.4,6,0.1
S02001154,S02001152,0,0,0,3,0,0,3,3,3,1,-1,1,-1.1,1,-0.7,2,1
S02001154,S02001153,4,3,0,12,-4,-1,8,19,15,6,-0.8,8,-0.4,4,-1.9,11,0.3
S02001154,S02001154,0,5,0,15,0,5,15,20,20,6,-2.5,9,-1.2,4,-1.9,11,1
S02001154,S02001156,0,0,0,3,0,0,3,3,3,1,-1,1,-1.1,1,-0.7,2,1
S02001154,S02001159,0,0,0,17,0,0,17,17,17,5,-2.3,7,-2.7,3,-1.8,10,2.3
S02001154,S02001160,0,0,3,4,3,0,4,7,7,2,-1.5,3,-1.7,1,1.5,4,1.5
S02001154,S02001161,8,8,8,17,0,0,9,41,33,13,-1.3,17,-0.3,8,0.2,24,0.3
S02001154,S02001162,7,8,3,8,-4,1,1,26,19,8,-0.4,11,1.2,5,-0.8,15,-1
S02001156,S02000270,0,0,5,0,5,0,0,5,5,2,-1.2,2,-1.5,1,4.2,3,1.3
S02001156,S02000313,0,0,3,0,3,0,0,3,3,1,-1,1,-1.1,1,3.3,2,1
S02001156,S02000324,3,0,0,0,-3,-3,-3,3,0,1,2.1,1,1.5,1,-0.7,2,-1.3
S02001156,S02000326,0,0,0,3,0,0,3,3,3,1,-1,1,-1.1,1,-0.7,2,1
S02001156,S02000328,4,0,0,0,-4,-4,-4,4,0,1,2.5,2,1.8,1,-0.9,2,-1.5
S02001156,S02000584,3,3,0,0,-3,0,-3,6,3,2,0.8,3,2.2,1,-1.1,3,-1.9
S02001156,S02000585,3,0,0,4,-3,-3,1,7,4,2,0.6,3,0,1,-1.1,4,0
S02001156,S02000587,0,5,0,0,0,5,0,5,5,2,-1.2,2,2,1,-1,3,-1.7
S02001156,S02000588,5,0,0,0,-5,-5,-5,5,0,2,2.8,2,2,1,-1,3,-1.7
S02001156,S02000591,0,0,0,3,0,0,3,3,3,1,-1,1,-1.1,1,-0.7,2,1
S02001156,S02000597,0,0,3,3,3,0,3,6,6,2,-1.4,3,-1.6,1,1.8,3,1.4
S02001156,S02000599,5,9,0,0,-5,4,-5,14,9,4,0.3,6,3.3,3,-1.6,8,-2.8
S02001156,S02000602,0,0,0,4,0,0,4,4,4,1,-1.1,2,-1.3,1,-0.9,2,1.1
S02001156,S02000603,0,0,0,11,0,0,11,11,11,3,-1.9,5,-2.2,2,-1.4,6,1.9
S02001156,S02000604,3,0,0,0,-3,-3,-3,3,0,1,2.1,1,1.5,1,-0.7,2,-1.3
S02001156,S02000607,30,0,0,0,-30,-30,-30,30,0,9,6.8,13,4.8,6,-2.4,17,-4.2
S02001156,S02000608,4,0,0,0,-4,-4,-4,4,0,1,2.5,2,1.8,1,-0.9,2,-1.5
S02001156,S02000610,0,3,4,8,4,3,8,15,15,5,-2.2,6,-1.3,3,0.7,9,1.2
S02001156,S02000611,9,15,5,14,-4,6,5,43,34,13,-1.2,18,1.3,8,-1,25,-1.1
S02001156,S02000613,0,3,0,13,0,3,13,16,16,5,-2.2,7,-1.5,3,-1.7,9,1.3
S02001156,S02000614,3,0,0,0,-3,-3,-3,3,0,1,2.1,1,1.5,1,-0.7,2,-1.3
S02001156,S02000615,0,4,0,0,0,4,0,4,4,1,-1.1,2,1.8,1,-0.9,2,-1.5
S02001156,S02000616,0,0,0,3,0,0,3,3,3,1,-1,1,-1.1,1,-0.7,2,1
S02001156,S02000618,0,0,0,4,0,0,4,4,4,1,-1.1,2,-1.3,1,-0.9,2,1.1
S02001156,S02000625,0,0,0,6,0,0,6,6,6,2,-1.4,3,-1.6,1,-1.1,3,1.4
S02001156,S02000628,11,6,0,5,-11,-5,-6,22,11,7,1.6,9,2.5,4,-2,13,-2.1
S02001156,S02000629,3,8,0,3,-3,5,0,14,11,4,-0.7,6,2.1,3,-1.6,8,-1.8
S02001156,S02000631,0,7,0,6,0,7,6,13,13,4,-2,6,0.6,2,-1.6,7,-0.5
S02001156,S02000632,3,3,0,4,-3,0,1,10,7,3,-0.1,4,0.8,2,-1.4,6,-0.7
S02001156,S02000633,17,8,5,27,-12,-9,10,57,40,18,-0.2,24,0.2,11,-1.7,33,-0.1
S02001156,S02000634,13,0,5,6,-8,-13,-7,24,11,7,2,10,0.9,4,0.3,14,-0.8
S02001156,S02000635,0,0,0,13,0,0,13,13,13,4,-2,6,-2.4,2,-1.6,7,2
S02001156,S02000636,0,0,0,5,0,0,5,5,5,2,-1.2,2,-1.5,1,-1,3,1.3
S02001156,S02000638,5,0,0,0,-5,-5,-5,5,0,2,2.8,2,2,1,-1,3,-1.7
S02001156,S02000640,0,0,0,4,0,0,4,4,4,1,-1.1,2,-1.3,1,-0.9,2,1.1
S02001156,S02000643,4,4,0,0,-4,0,-4,8,4,2,1,3,2.5,1,-1.2,5,-2.1
S02001156,S02000644,0,0,6,0,6,0,0,6,6,2,-1.4,3,-1.6,1,4.6,3,1.4
S02001156,S02000645,0,0,4,4,4,0,4,8,8,2,-1.6,3,-1.8,1,2.1,5,1.6
S02001156,S02000647,0,0,3,0,3,0,0,3,3,1,-1,1,-1.1,1,3.3,2,1
S02001156,S02000648,3,4,3,4,0,1,1,14,11,4,-0.7,6,0.4,3,0.3,8,-0.4
S02001156,S02000651,5,4,11,0,6,-1,-5,20,15,6,-0.5,9,0.2,4,3.8,11,-0.1
S02001156,S02000652,4,0,0,0,-4,-4,-4,4,0,1,2.5,2,1.8,1,-0.9,2,-1.5
S02001156,S02000655,66,14,253,59,187,-52,-7,392,326,122,-5.1,167,-6.7,73,21.2,225,5.8
S02001156,S02000656,0,6,0,6,0,6,6,12,12,4,-1.9,5,0.4,2,-1.5,7,-0.3
S02001156,S02000658,64,7,16,62,-48,-57,-2,149,85,46,2.6,63,1,28,-2.2,86,-0.8
S02001156,S02000659,8,3,8,4,0,-5,-4,23,15,7,0.3,10,0.4,4,1.8,13,-0.3
S02001156,S02000660,16,4,3,4,-13,-12,-12,27,11,8,2.6,11,2.5,5,-0.9,16,-2.2
S02001156,S02000661,10,0,16,10,6,-10,0,36,26,11,-0.4,15,-1.4,7,3.6,21,1.2
S02001156,S02000663,0,5,0,0,0,5,0,5,5,2,-1.2,2,2,1,-1,3,-1.7
S02001156,S02000664,5,0,0,0,-5,-5,-5,5,0,2,2.8,2,2,1,-1,3,-1.7
S02001156,S02000665,0,0,7,0,7,0,0,7,7,2,-1.5,3,-1.7,1,5,4,1.5
S02001156,S02000667,6,0,0,0,-6,-6,-6,6,0,2,3,3,2.2,1,-1.1,3,-1.9
S02001156,S02000668,3,0,0,0,-3,-3,-3,3,0,1,2.1,1,1.5,1,-0.7,2,-1.3
S02001156,S02000670,6,13,0,3,-6,7,-3,22,16,7,-0.3,9,3.2,4,-2,13,-2.7
S02001156,S02000672,3,0,0,15,-3,-3,12,18,15,6,-1.1,8,-1.7,3,-1.8,10,1.4
S02001156,S02000674,4,0,0,4,-4,-4,0,8,4,2,1,3,0.3,1,-1.2,5,-0.3
S02001156,S02000675,0,0,0,3,0,0,3,3,3,1,-1,1,-1.1,1,-0.7,2,1
S02001156,S02000676,6,3,0,5,-6,-3,-1,14,8,4,0.8,6,1.2,3,-1.6,8,-1.1
S02001156,S02000679,3,0,0,0,-3,-3,-3,3,0,1,2.1,1,1.5,1,-0.7,2,-1.3
S02001156,S02000684,0,6,0,0,0,6,0,6,6,2,-1.4,3,2.2,1,-1.1,3,-1.9
S02001156,S02000688,3,0,0,0,-3,-3,-3,3,0,1,2.1,1,1.5,1,-0.7,2,-1.3
S02001156,S02000689,6,0,0,5,-6,-6,-1,11,5,3,1.4,5,0.6,2,-1.4,6,-0.5
S02001156,S02000691,9,3,3,0,-6,-6,-9,15,6,5,2,6,2.2,3,0.1,9,-1.9
S02001156,S02000701,5,0,0,0,-5,-5,-5,5,0,2,2.8,2,2,1,-1,3,-1.7
S02001156,S02000710,0,0,3,0,3,0,0,3,3,1,-1,1,-1.1,1,3.3,2,1
S02001156,S02000993,4,0,0,0,-4,-4,-4,4,0,1,2.5,2,1.8,1,-0.9,2,-1.5
S02001156,S02000999,0,0,0,3,0,0,3,3,3,1,-1,1,-1.1,1,-0.7,2,1
S02001156,S02001000,3,0,8,5,5,-3,2,16,13,5,-0.9,7,-1.5,3,2.9,9,1.3
S02001156,S02001010,14,3,0,4,-14,-11,-10,21,7,7,2.9,9,2.7,4,-2,12,-2.3
S02001156,S02001013,0,3,0,0,0,3,0,3,3,1,-1,1,1.5,1,-0.7,2,-1.3
S02001156,S02001015,0,8,0,0,0,8,0,8,8,2,-1.6,3,2.5,1,-1.2,5,-2.1
S02001156,S02001146,0,0,0,4,0,0,4,4,4,1,-1.1,2,-1.3,1,-0.9,2,1.1
S02001156,S02001148,0,0,0,6,0,0,6,6,6,2,-1.4,3,-1.6,1,-1.1,3,1.4
S02001156,S02001149,13,4,0,7,-13,-9,-6,24,11,7,2,10,2.1,4,-2.1,14,-1.8
S02001156,S02001150,0,0,4,10,4,0,10,14,14,4,-2.1,6,-2.4,3,0.9,8,2.1
S02001156,S02001153,21,6,0,25,-21,-15,4,52,31,16,1.2,22,1,10,-3.1,30,-0.9
S02001156,S02001154,0,0,0,6,0,0,6,6,6,2,-1.4,3,-1.6,1,-1.1,3,1.4
S02001156,S02001156,20,15,0,22,-20,-5,2,57,37,18,0.5,24,2.2,11,-3.2,33,-1.9
S02001156,S02001157,7,10,0,17,-7,3,10,34,27,11,-1.1,14,0.7,6,-2.5,20,-0.6
S02001156,S02001158,0,0,0,3,0,0,3,3,3,1,-1,1,-1.1,1,-0.7,2,1
S02001156,S02001159,5,0,0,9,-5,-5,4,14,9,4,0.3,6,-0.4,3,-1.6,8,0.3
S02001156,S02001161,14,10,3,15,-11,-4,1,42,28,13,0.3,18,1.5,8,-1.7,24,-1.2
S02001156,S02001162,18,15,3,28,-15,-3,10,64,46,20,-0.4,27,1.1,12,-2.6,37,-1
S02001156,S02001185,4,0,0,0,-4,-4,-4,4,0,1,2.5,2,1.8,1,-0.9,2,-1.5
S02001157,S02000264,0,0,0,3,0,0,3,3,3,1,-1,1,-1.1,1,-0.7,2,1
S02001157,S02000287,0,0,0,3,0,0,3,3,3,1,-1,1,-1.1,1,-0.7,2,1
S02001157,S02000587,0,3,0,0,0,3,0,3,3,1,-1,1,1.5,1,-0.7,2,-1.3
S02001157,S02000588,4,0,0,3,-4,-4,-1,7,3,2,1.2,3,0.6,1,-1.1,4,-0.5
S02001157,S02000596,0,0,0,3,0,0,3,3,3,1,-1,1,-1.1,1,-0.7,2,1
S02001157,S02000597,0,0,0,4,0,0,4,4,4,1,-1.1,2,-1.3,1,-0.9,2,1.1
S02001157,S02000599,6,5,0,0,-6,-1,-6,11,5,3,1.4,5,2.9,2,-1.4,6,-2.5
S02001157,S02000602,3,0,0,0,-3,-3,-3,3,0,1,2.1,1,1.5,1,-0.7,2,-1.3
S02001157,S02000603,0,0,0,5,0,0,5,5,5,2,-1.2,2,-1.5,1,-1,3,1.3
S02001157,S02000607,14,0,0,3,-14,-14,-11,17,3,5,3.8,7,2.5,3,-1.8,10,-2.2
S02001157,S02000610,5,3,0,4,-5,-2,-1,12,7,4,0.7,5,1.3,2,-1.5,7,-1.1
S02001157,S02000611,16,16,5,19,-11,0,3,56,40,17,-0.3,24,1.7,10,-1.7,32,-1.4
S02001157,S02000613,0,4,0,7,0,4,7,11,11,3,-1.9,5,-0.3,2,-1.4,6,0.3
S02001157,S02000615,0,0,0,3,0,0,3,3,3,1,-1,1,-1.1,1,-0.7,2,1
S02001157,S02000618,5,0,0,0,-5,-5,-5,5,0,2,2.8,2,2,1,-1,3,-1.7
S02001157,S02000619,0,3,0,0,0,3,0,3,3,1,-1,1,1.5,1,-0.7,2,-1.3
S02001157,S02000620,3,5,3,4,0,2,1,15,12,5,-0.8,6,0.6,3,0.1,9,-0.6
S02001157,S02000621,3,0,0,0,-3,-3,-3,3,0,1,2.1,1,1.5,1,-0.7,2,-1.3
S02001157,S02000628,3,5,5,8,2,2,5,21,18,7,-1.4,9,-0.3,4,0.6,12,0.3
S02001157,S02000629,3,8,0,4,-3,5,1,15,12,5,-0.8,6,1.8,3,-1.7,9,-1.6
S02001157,S02000631,0,0,0,3,0,0,3,3,3,1,-1,1,-1.1,1,-0.7,2,1
S02001157,S02000632,0,0,0,5,0,0,5,5,5,2,-1.2,2,-1.5,1,-1,3,1.3
S02001157,S02000633,18,3,4,19,-14,-15,1,44,26,14,1.2,19,0.5,8,-1.5,25,-0.5
S02001157,S02000634,9,3,0,7,-9,-6,-2,19,10,6,1.3,8,1.4,4,-1.9,11,-1.2
S02001157,S02000635,7,0,0,0,-7,-7,-7,7,0,2,3.3,3,2.3,1,-1.1,4,-2
S02001157,S02000636,0,0,0,6,0,0,6,6,6,2,-1.4,3,-1.6,1,-1.1,3,1.4
S02001157,S02000644,3,0,0,0,-3,-3,-3,3,0,1,2.1,1,1.5,1,-0.7,2,-1.3
S02001157,S02000651,0,0,7,0,7,0,0,7,7,2,-1.5,3,-1.7,1,5,4,1.5
S02001157,S02000652,0,0,0,4,0,0,4,4,4,1,-1.1,2,-1.3,1,-0.9,2,1.1
S02001157,S02000655,54,7,178,48,124,-47,-6,287,233,89,-3.7,122,-5.5,53,17.1,165,4.8
S02001157,S02000656,3,3,0,3,-3,0,0,9,6,3,0.1,4,1.1,2,-1.3,5,-1
S02001157,S02000657,0,0,0,3,0,0,3,3,3,1,-1,1,-1.1,1,-0.7,2,1
S02001157,S02000658,41,8,12,44,-29,-33,3,105,64,33,1.5,45,0.6,19,-1.7,60,-0.6
S02001157,S02000659,3,0,5,3,2,-3,0,11,8,3,-0.2,5,-0.8,2,2.1,6,0.7
S02001157,S02000660,13,0,0,0,-13,-13,-13,13,0,4,4.4,6,3.2,2,-1.6,7,-2.7
S02001157,S02000661,8,0,7,6,-1,-8,-2,21,13,7,0.6,9,-0.3,4,1.6,12,0.3
S02001157,S02000663,3,6,3,0,0,3,-3,12,9,4,-0.4,5,1.7,2,0.5,7,-1.5
S02001157,S02000664,5,0,3,0,-2,-5,-5,8,3,2,1.6,3,0.9,1,1.2,5,-0.7
S02001157,S02000665,0,0,0,3,0,0,3,3,3,1,-1,1,-1.1,1,-0.7,2,1
S02001157,S02000666,0,0,0,5,0,0,5,5,5,2,-1.2,2,-1.5,1,-1,3,1.3
S02001157,S02000667,4,0,0,0,-4,-4,-4,4,0,1,2.5,2,1.8,1,-0.9,2,-1.5
S02001157,S02000668,3,0,0,0,-3,-3,-3,3,0,1,2.1,1,1.5,1,-0.7,2,-1.3
S02001157,S02000669,0,0,6,0,6,0,0,6,6,2,-1.4,3,-1.6,1,4.6,3,1.4
S02001157,S02000670,5,7,0,0,-5,2,-5,12,7,4,0.7,5,3.1,2,-1.5,7,-2.6
S02001157,S02000672,0,0,0,10,0,0,10,10,10,3,-1.8,4,-2.1,2,-1.4,6,1.8
S02001157,S02000674,3,0,0,0,-3,-3,-3,3,0,1,2.1,1,1.5,1,-0.7,2,-1.3
S02001157,S02000676,4,3,0,0,-4,-1,-4,7,3,2,1.2,3,2.3,1,-1.1,4,-2
S02001157,S02000680,0,0,0,3,0,0,3,3,3,1,-1,1,-1.1,1,-0.7,2,1
S02001157,S02000684,3,4,0,4,-3,1,1,11,8,3,-0.2,5,1.1,2,-1.4,6,-0.9
S02001157,S02000689,5,0,0,5,-5,-5,0,10,5,3,1.1,4,0.4,2,-1.4,6,-0.3
S02001157,S02000691,5,0,0,0,-5,-5,-5,5,0,2,2.8,2,2,1,-1,3,-1.7
S02001157,S02000999,0,0,0,3,0,0,3,3,3,1,-1,1,-1.1,1,-0.7,2,1
S02001157,S02001000,0,0,3,0,3,0,0,3,3,1,-1,1,-1.1,1,3.3,2,1
S02001157,S02001010,10,0,0,0,-10,-10,-10,10,0,3,3.9,4,2.8,2,-1.4,6,-2.4
S02001157,S02001015,3,4,0,0,-3,1,-3,7,4,2,0.6,3,2.3,1,-1.1,4,-2
S02001157,S02001146,0,0,0,3,0,0,3,3,3,1,-1,1,-1.1,1,-0.7,2,1
S02001157,S02001148,0,0,0,9,0,0,9,9,9,3,-1.7,4,-2,2,-1.3,5,1.7
S02001157,S02001149,15,0,0,9,-15,-15,-6,24,9,7,2.8,10,1.5,4,-2.1,14,-1.3
S02001157,S02001150,3,0,0,3,-3,-3,0,6,3,2,0.8,3,0.3,1,-1.1,3,-0.2
S02001157,S02001153,19,10,6,38,-13,-9,19,73,54,23,-0.8,31,-0.4,14,-2,42,0.3
S02001157,S02001154,0,0,3,4,3,0,4,7,7,2,-1.5,3,-1.7,1,1.5,4,1.5
S02001157,S02001156,9,3,0,22,-9,-6,13,34,25,11,-0.5,14,-0.6,6,-2.5,20,0.6
S02001157,S02001157,11,39,7,25,-4,28,14,82,71,26,-2.9,35,2.6,15,-2.1,47,-2.2
S02001157,S02001158,0,0,0,4,0,0,4,4,4,1,-1.1,2,-1.3,1,-0.9,2,1.1
S02001157,S02001159,0,4,0,11,0,4,11,15,15,5,-2.2,6,-0.9,3,-1.7,9,0.8
S02001157,S02001161,12,5,4,9,-8,-7,-3,30,18,9,0.9,13,1.2,6,-0.7,17,-1
S02001157,S02001162,13,16,0,37,-13,3,24,66,53,21,-1.7,28,0.2,12,-3.5,38,-0.2
S02001157,S02001185,5,0,0,0,-5,-5,-5,5,0,2,2.8,2,2,1,-1,3,-1.7
S02001158,S02000327,3,0,0,0,-3,-3,-3,3,0,1,2.1,1,1.5,1,-0.7,2,-1.3
S02001158,S02000585,0,0,0,7,0,0,7,7,7,2,-1.5,3,-1.7,1,-1.1,4,1.5
S02001158,S02000587,3,0,0,0,-3,-3,-3,3,0,1,2.1,1,1.5,1,-0.7,2,-1.3
S02001158,S02000588,10,4,0,5,-10,-6,-5,19,9,6,1.7,8,2.1,4,-1.9,11,-1.8
S02001158,S02000589,3,0,0,5,-3,-3,2,8,5,2,0.3,3,-0.2,1,-1.2,5,0.2
S02001158,S02000593,3,0,0,0,-3,-3,-3,3,0,1,2.1,1,1.5,1,-0.7,2,-1.3
S02001158,S02000595,3,0,0,0,-3,-3,-3,3,0,1,2.1,1,1.5,1,-0.7,2,-1.3
S02001158,S02000597,0,0,0,3,0,0,3,3,3,1,-1,1,-1.1,1,-0.7,2,1
S02001158,S02000598,3,0,0,0,-3,-3,-3,3,0,1,2.1,1,1.5,1,-0.7,2,-1.3
S02001158,S02000599,11,5,0,0,-11,-6,-11,16,5,5,2.7,7,3.5,3,-1.7,9,-3
S02001158,S02000602,3,0,0,5,-3,-3,2,8,5,2,0.3,3,-0.2,1,-1.2,5,0.2
S02001158,S02000603,3,0,0,4,-3,-3,1,7,4,2,0.6,3,0,1,-1.1,4,0
S02001158,S02000604,3,0,0,0,-3,-3,-3,3,0,1,2.1,1,1.5,1,-0.7,2,-1.3
S02001158,S02000607,26,4,0,3,-26,-22,-23,33,7,10,4.9,14,4.3,6,-2.5,19,-3.7
S02001158,S02000609,0,0,0,5,0,0,5,5,5,2,-1.2,2,-1.5,1,-1,3,1.3
S02001158,S02000610,16,6,0,28,-16,-10,12,50,34,16,0.1,21,0.2,9,-3,29,-0.1
S02001158,S02000611,3,3,0,3,-3,0,0,9,6,3,0.1,4,1.1,2,-1.3,5,-1
S02001158,S02000612,0,0,0,3,0,0,3,3,3,1,-1,1,-1.1,1,-0.7,2,1
S02001158,S02000613,0,0,0,4,0,0,4,4,4,1,-1.1,2,-1.3,1,-0.9,2,1.1
S02001158,S02000614,3,0,0,3,-3,-3,0,6,3,2,0.8,3,0.3,1,-1.1,3,-0.2
S02001158,S02000615,6,0,0,4,-6,-6,-2,10,4,3,1.6,4,0.8,2,-1.4,6,-0.7
S02001158,S02000620,0,3,0,0,0,3,0,3,3,1,-1,1,1.5,1,-0.7,2,-1.3
S02001158,S02000628,9,7,0,9,-9,-2,0,25,16,8,0.4,11,1.6,5,-2.2,14,-1.4
S02001158,S02000631,0,0,0,5,0,0,5,5,5,2,-1.2,2,-1.5,1,-1,3,1.3
S02001158,S02000633,3,3,0,5,-3,0,2,11,8,3,-0.2,5,0.6,2,-1.4,6,-0.5
S02001158,S02000634,24,4,4,16,-20,-20,-8,48,24,15,2.3,20,1.7,9,-1.6,28,-1.4
S02001158,S02000635,5,0,0,0,-5,-5,-5,5,0,2,2.8,2,2,1,-1,3,-1.7
S02001158,S02000642,4,0,0,0,-4,-4,-4,4,0,1,2.5,2,1.8,1,-0.9,2,-1.5
S02001158,S02000644,3,0,3,0,0,-3,-3,6,3,2,0.8,3,0.3,1,1.8,3,-0.2
S02001158,S02000647,0,0,0,3,0,0,3,3,3,1,-1,1,-1.1,1,-0.7,2,1
S02001158,S02000649,0,3,0,0,0,3,0,3,3,1,-1,1,1.5,1,-0.7,2,-1.3
S02001158,S02000651,0,0,3,0,3,0,0,3,3,1,-1,1,-1.1,1,3.3,2,1
S02001158,S02000655,45,4,100,50,55,-41,5,199,154,62,-2.2,85,-3.9,37,10.4,114,3.3
S02001158,S02000656,4,9,0,0,-4,5,-4,13,9,4,0,6,3.2,2,-1.6,7,-2.7
S02001158,S02000658,32,7,18,48,-14,-25,16,105,73,33,-0.1,45,-0.8,19,-0.3,60,0.7
S02001158,S02000659,0,0,0,5,0,0,5,5,5,2,-1.2,2,-1.5,1,-1,3,1.3
S02001158,S02000660,10,0,0,3,-10,-10,-7,13,3,4,3,6,1.9,2,-1.6,7,-1.6
S02001158,S02000661,13,0,8,5,-5,-13,-8,26,13,8,1.7,11,0.6,5,1.5,15,-0.5
S02001158,S02000663,0,4,0,0,0,4,0,4,4,1,-1.1,2,1.8,1,-0.9,2,-1.5
S02001158,S02000665,3,0,4,0,1,-3,-3,7,4,2,0.6,3,0,1,2.4,4,0
S02001158,S02000667,3,0,0,0,-3,-3,-3,3,0,1,2.1,1,1.5,1,-0.7,2,-1.3
S02001158,S02000669,0,0,10,0,10,0,0,10,10,3,-1.8,4,-2.1,2,6,6,1.8
S02001158,S02000670,5,6,0,0,-5,1,-5,11,6,3,0.9,5,2.9,2,-1.4,6,-2.5
S02001158,S02000672,0,0,0,5,0,0,5,5,5,2,-1.2,2,-1.5,1,-1,3,1.3
S02001158,S02000675,4,0,0,0,-4,-4,-4,4,0,1,2.5,2,1.8,1,-0.9,2,-1.5
S02001158,S02000676,4,0,0,4,-4,-4,0,8,4,2,1,3,0.3,1,-1.2,5,-0.3
S02001158,S02000684,0,5,0,0,0,5,0,5,5,2,-1.2,2,2,1,-1,3,-1.7
S02001158,S02000689,7,0,0,0,-7,-7,-7,7,0,2,3.3,3,2.3,1,-1.1,4,-2
S02001158,S02000691,7,0,0,3,-7,-7,-4,10,3,3,2.2,4,1.3,2,-1.4,6,-1.1
S02001158,S02001000,4,0,0,0,-4,-4,-4,4,0,1,2.5,2,1.8,1,-0.9,2,-1.5
S02001158,S02001010,5,0,0,0,-5,-5,-5,5,0,2,2.8,2,2,1,-1,3,-1.7
S02001158,S02001013,0,0,0,4,0,0,4,4,4,1,-1.1,2,-1.3,1,-0.9,2,1.1
S02001158,S02001149,4,0,0,0,-4,-4,-4,4,0,1,2.5,2,1.8,1,-0.9,2,-1.5
S02001158,S02001150,3,0,0,0,-3,-3,-3,3,0,1,2.1,1,1.5,1,-0.7,2,-1.3
S02001158,S02001157,0,3,0,6,0,3,6,9,9,3,-1.7,4,-0.4,2,-1.3,5,0.4
S02001158,S02001158,4,0,4,6,0,-4,2,14,10,4,-0.2,6,-0.8,3,0.9,8,0.7
S02001158,S02001159,0,0,0,9,0,0,9,9,9,3,-1.7,4,-2,2,-1.3,5,1.7
S02001158,S02001160,0,3,0,7,0,3,7,10,10,3,-1.8,4,-0.6,2,-1.4,6,0.5
S02001158,S02001161,9,8,4,10,-5,-1,1,31,22,10,-0.2,13,1.1,6,-0.7,18,-0.9
S02001158,S02001162,6,0,5,6,-1,-6,0,17,11,5,0.3,7,-0.5,3,1,10,0.4
S02001159,S02000264,0,0,0,3,0,0,3,3,3,1,-1,1,-1.1,1,-0.7,2,1
S02001159,S02000281,4,0,0,0,-4,-4,-4,4,0,1,2.5,2,1.8,1,-0.9,2,-1.5
S02001159,S02000324,0,0,0,3,0,0,3,3,3,1,-1,1,-1.1,1,-0.7,2,1
S02001159,S02000327,4,0,0,0,-4,-4,-4,4,0,1,2.5,2,1.8,1,-0.9,2,-1.5
S02001159,S02000585,3,0,0,0,-3,-3,-3,3,0,1,2.1,1,1.5,1,-0.7,2,-1.3
S02001159,S02000587,0,4,0,0,0,4,0,4,4,1,-1.1,2,1.8,1,-0.9,2,-1.5
S02001159,S02000588,10,0,3,3,-7,-10,-7,16,6,5,2.2,7,1.2,3,0,9,-1.1
S02001159,S02000590,0,0,0,5,0,0,5,5,5,2,-1.2,2,-1.5,1,-1,3,1.3
S02001159,S02000593,0,0,0,5,0,0,5,5,5,2,-1.2,2,-1.5,1,-1,3,1.3
S02001159,S02000597,0,0,0,4,0,0,4,4,4,1,-1.1,2,-1.3,1,-0.9,2,1.1
S02001159,S02000599,10,9,0,5,-10,-1,-5,24,14,7,0.9,10,2.8,4,-2.1,14,-2.4
S02001159,S02000602,0,0,0,3,0,0,3,3,3,1,-1,1,-1.1,1,-0.7,2,1
S02001159,S02000603,0,0,0,16,0,0,16,16,16,5,-2.2,7,-2.6,3,-1.7,9,2.2
S02001159,S02000604,6,3,0,0,-6,-3,-6,9,3,3,1.9,4,2.6,2,-1.3,5,-2.3
S02001159,S02000607,31,0,0,0,-31,-31,-31,31,0,10,6.9,13,4.9,6,-2.4,18,-4.2
S02001159,S02000609,0,0,3,5,3,0,5,8,8,2,-1.6,3,-1.8,1,1.2,5,1.6
S02001159,S02000610,8,10,0,13,-8,2,5,31,23,10,-0.5,13,1.3,6,-2.4,18,-1.1
S02001159,S02000611,4,19,0,16,-4,15,12,39,35,12,-2.3,17,1.6,7,-2.7,22,-1.4
S02001159,S02000613,0,0,0,4,0,0,4,4,4,1,-1.1,2,-1.3,1,-0.9,2,1.1
S02001159,S02000614,0,0,0,5,0,0,5,5,5,2,-1.2,2,-1.5,1,-1,3,1.3
S02001159,S02000615,0,4,0,3,0,4,3,7,7,2,-1.5,3,0.6,1,-1.1,4,-0.5
S02001159,S02000616,0,0,0,3,0,0,3,3,3,1,-1,1,-1.1,1,-0.7,2,1
S02001159,S02000619,0,0,0,4,0,0,4,4,4,1,-1.1,2,-1.3,1,-0.9,2,1.1
S02001159,S02000628,17,0,5,6,-12,-17,-11,28,11,9,2.8,12,1.5,5,-0.1,16,-1.3
S02001159,S02000631,0,0,4,6,4,0,6,10,10,3,-1.8,4,-2.1,2,1.6,6,1.8
S02001159,S02000632,0,3,0,0,0,3,0,3,3,1,-1,1,1.5,1,-0.7,2,-1.3
S02001159,S02000633,21,7,6,24,-15,-14,3,58,37,18,0.7,25,0.7,11,-1.4,33,-0.6
S02001159,S02000634,12,0,10,8,-2,-12,-4,30,18,9,0.9,13,-0.2,6,1.9,17,0.2
S02001159,S02000635,8,3,0,9,-8,-5,1,20,12,6,0.7,9,0.9,4,-1.9,11,-0.7
S02001159,S02000642,5,0,0,0,-5,-5,-5,5,0,2,2.8,2,2,1,-1,3,-1.7
S02001159,S02000644,0,0,14,5,14,0,5,19,19,6,-2.4,8,-2.8,4,5.6,11,2.4
S02001159,S02000647,3,0,0,0,-3,-3,-3,3,0,1,2.1,1,1.5,1,-0.7,2,-1.3
S02001159,S02000648,0,3,0,4,0,3,4,7,7,2,-1.5,3,0,1,-1.1,4,0
S02001159,S02000651,0,0,5,0,5,0,0,5,5,2,-1.2,2,-1.5,1,4.2,3,1.3
S02001159,S02000655,67,11,168,62,101,-56,-5,308,241,96,-3,131,-4.6,57,14.7,177,4
S02001159,S02000656,3,5,0,3,-3,2,0,11,8,3,-0.2,5,1.5,2,-1.4,6,-1.3
S02001159,S02000658,72,3,28,83,-44,-69,11,186,114,58,1.8,79,-0.5,34,-1.1,107,0.4
S02001159,S02000659,0,0,3,3,3,0,3,6,6,2,-1.4,3,-1.6,1,1.8,3,1.4
S02001159,S02000660,16,0,0,0,-16,-16,-16,16,0,5,4.9,7,3.5,3,-1.7,9,-3
S02001159,S02000661,13,0,12,6,-1,-13,-7,31,18,10,1.1,13,-0.1,6,2.6,18,0
S02001159,S02000663,0,7,4,6,4,7,6,17,17,5,-2.3,7,-0.1,3,0.5,10,0.1
S02001159,S02000664,7,0,0,0,-7,-7,-7,7,0,2,3.3,3,2.3,1,-1.1,4,-2
S02001159,S02000665,0,0,7,5,7,0,5,12,12,4,-1.9,5,-2.3,2,3.2,7,1.9
S02001159,S02000669,0,0,5,0,5,0,0,5,5,2,-1.2,2,-1.5,1,4.2,3,1.3
S02001159,S02000670,7,6,0,0,-7,-1,-7,13,6,4,1.5,6,3.2,2,-1.6,7,-2.7
S02001159,S02000672,0,0,0,27,0,0,27,27,27,8,-2.9,11,-3.4,5,-2.2,16,2.9
S02001159,S02000674,5,0,0,3,-5,-5,-2,8,3,2,1.6,3,0.9,1,-1.2,5,-0.7
S02001159,S02000675,0,0,0,3,0,0,3,3,3,1,-1,1,-1.1,1,-0.7,2,1
S02001159,S02000676,0,0,3,0,3,0,0,3,3,1,-1,1,-1.1,1,3.3,2,1
S02001159,S02000680,0,0,0,4,0,0,4,4,4,1,-1.1,2,-1.3,1,-0.9,2,1.1
S02001159,S02000681,0,0,0,3,0,0,3,3,3,1,-1,1,-1.1,1,-0.7,2,1
S02001159,S02000684,0,8,0,0,0,8,0,8,8,2,-1.6,3,2.5,1,-1.2,5,-2.1
S02001159,S02000685,0,0,0,4,0,0,4,4,4,1,-1.1,2,-1.3,1,-0.9,2,1.1
S02001159,S02000689,18,0,0,5,-18,-18,-13,23,5,7,4,10,2.6,4,-2.1,13,-2.3
S02001159,S02000691,12,0,0,0,-12,-12,-12,12,0,4,4.3,5,3.1,2,-1.5,7,-2.6
S02001159,S02000701,3,0,0,0,-3,-3,-3,3,0,1,2.1,1,1.5,1,-0.7,2,-1.3
S02001159,S02000705,0,0,3,0,3,0,0,3,3,1,-1,1,-1.1,1,3.3,2,1
S02001159,S02000710,0,0,4,0,4,0,0,4,4,1,-1.1,2,-1.3,1,3.8,2,1.1
S02001159,S02000993,3,0,0,0,-3,-3,-3,3,0,1,2.1,1,1.5,1,-0.7,2,-1.3
S02001159,S02000999,0,0,0,3,0,0,3,3,3,1,-1,1,-1.1,1,-0.7,2,1
S02001159,S02001000,4,0,5,5,1,-4,1,14,10,4,-0.2,6,-0.8,3,1.5,8,0.7
S02001159,S02001010,14,0,0,7,-14,-14,-7,21,7,7,2.9,9,1.7,4,-2,12,-1.5
S02001159,S02001013,0,5,0,4,0,5,4,9,9,3,-1.7,4,0.6,2,-1.3,5,-0.5
S02001159,S02001015,0,5,0,0,0,5,0,5,5,2,-1.2,2,2,1,-1,3,-1.7
S02001159,S02001148,4,0,0,7,-4,-4,3,11,7,3,0.3,5,-0.3,2,-1.4,6,0.3
S02001159,S02001149,3,0,0,0,-3,-3,-3,3,0,1,2.1,1,1.5,1,-0.7,2,-1.3
S02001159,S02001150,6,0,0,6,-6,-6,0,12,6,4,1.2,5,0.4,2,-1.5,7,-0.3
S02001159,S02001152,0,0,0,5,0,0,5,5,5,2,-1.2,2,-1.5,1,-1,3,1.3
S02001159,S02001153,8,3,8,10,0,-5,2,29,21,9,-0.3,12,-0.4,5,1.1,17,0.3
S02001159,S02001154,7,0,0,17,-7,-7,10,24,17,7,-0.2,10,-1,4,-2.1,14,0.9
S02001159,S02001156,0,3,3,0,3,3,0,6,6,2,-1.4,3,0.3,1,1.8,3,-0.2
S02001159,S02001157,4,10,3,13,-1,6,9,30,26,9,-1.7,13,0.3,6,-1.1,17,-0.3
S02001159,S02001159,3,8,7,33,4,5,30,51,48,16,-3.2,22,-2.3,9,-0.8,29,2
S02001159,S02001160,0,0,0,11,0,0,11,11,11,3,-1.9,5,-2.2,2,-1.4,6,1.9
S02001159,S02001161,31,14,12,25,-19,-17,-6,82,51,26,1.1,35,1.7,15,-0.8,47,-1.5
S02001159,S02001162,25,19,6,27,-19,-6,2,77,52,24,0.2,33,2,14,-2.2,44,-1.7
S02001159,S02001185,5,0,0,0,-5,-5,-5,5,0,2,2.8,2,2,1,-1,3,-1.7
S02001160,S02000585,0,0,4,0,4,0,0,4,4,1,-1.1,2,-1.3,1,3.8,2,1.1
S02001160,S02000588,11,0,0,3,-11,-11,-8,14,3,4,3.2,6,2.1,3,-1.6,8,-1.8
S02001160,S02000599,0,7,3,0,3,7,0,10,10,3,-1.8,4,1.3,2,0.8,6,-1.1
S02001160,S02000602,0,0,0,5,0,0,5,5,5,2,-1.2,2,-1.5,1,-1,3,1.3
S02001160,S02000603,0,3,6,5,6,3,5,14,14,4,-2.1,6,-1.2,3,2.1,8,1
S02001160,S02000604,3,0,0,0,-3,-3,-3,3,0,1,2.1,1,1.5,1,-0.7,2,-1.3
S02001160,S02000605,0,0,0,3,0,0,3,3,3,1,-1,1,-1.1,1,-0.7,2,1
S02001160,S02000607,26,0,0,4,-26,-26,-22,30,4,9,5.4,13,3.7,6,-2.4,17,-3.2
S02001160,S02000610,11,0,0,31,-11,-11,20,42,31,13,-0.6,18,-1.6,8,-2.8,24,1.4
S02001160,S02000611,9,6,0,3,-9,-3,-6,18,9,6,1.4,8,2.7,3,-1.8,10,-2.3
S02001160,S02000613,0,3,0,0,0,3,0,3,3,1,-1,1,1.5,1,-0.7,2,-1.3
S02001160,S02000614,0,0,0,6,0,0,6,6,6,2,-1.4,3,-1.6,1,-1.1,3,1.4
S02001160,S02000615,3,0,0,0,-3,-3,-3,3,0,1,2.1,1,1.5,1,-0.7,2,-1.3
S02001160,S02000616,5,0,0,0,-5,-5,-5,5,0,2,2.8,2,2,1,-1,3,-1.7
S02001160,S02000625,0,0,0,7,0,0,7,7,7,2,-1.5,3,-1.7,1,-1.1,4,1.5
S02001160,S02000628,10,4,0,6,-10,-6,-4,20,10,6,1.5,9,1.9,4,-1.9,11,-1.6
S02001160,S02000629,0,3,0,0,0,3,0,3,3,1,-1,1,1.5,1,-0.7,2,-1.3
S02001160,S02000632,3,3,0,0,-3,0,-3,6,3,2,0.8,3,2.2,1,-1.1,3,-1.9
S02001160,S02000633,6,4,0,6,-6,-2,0,16,10,5,0.5,7,1.2,3,-1.7,9,-1.1
S02001160,S02000634,9,5,5,14,-4,-4,5,33,24,10,-0.4,14,0,6,-0.4,19,0
S02001160,S02000635,0,4,0,6,0,4,6,10,10,3,-1.8,4,-0.1,2,-1.4,6,0.1
S02001160,S02000642,0,3,0,0,0,3,0,3,3,1,-1,1,1.5,1,-0.7,2,-1.3
S02001160,S02000655,28,0,58,21,30,-28,-7,107,79,33,-0.9,46,-2.6,20,8.6,61,2.2
S02001160,S02000656,5,5,0,0,-5,0,-5,10,5,3,1.1,4,2.8,2,-1.4,6,-2.4
S02001160,S02000658,33,4,9,30,-24,-29,-3,76,43,24,1.9,32,0.8,14,-1.3,44,-0.7
S02001160,S02000659,0,0,5,0,5,0,0,5,5,2,-1.2,2,-1.5,1,4.2,3,1.3
S02001160,S02000661,5,0,5,4,0,-5,-1,14,9,4,0.3,6,-0.4,3,1.5,8,0.3
S02001160,S02000663,0,3,0,0,0,3,0,3,3,1,-1,1,1.5,1,-0.7,2,-1.3
S02001160,S02000670,7,5,0,0,-7,-2,-7,12,5,4,1.7,5,3.1,2,-1.5,7,-2.6
S02001160,S02000672,0,0,0,6,0,0,6,6,6,2,-1.4,3,-1.6,1,-1.1,3,1.4
S02001160,S02000676,7,3,0,6,-7,-4,-1,16,9,5,0.9,7,1.2,3,-1.7,9,-1.1
S02001160,S02000689,4,0,0,0,-4,-4,-4,4,0,1,2.5,2,1.8,1,-0.9,2,-1.5
S02001160,S02000691,7,0,0,0,-7,-7,-7,7,0,2,3.3,3,2.3,1,-1.1,4,-2
S02001160,S02000781,3,0,0,0,-3,-3,-3,3,0,1,2.1,1,1.5,1,-0.7,2,-1.3
S02001160,S02001000,0,0,0,5,0,0,5,5,5,2,-1.2,2,-1.5,1,-1,3,1.3
S02001160,S02001010,8,0,0,4,-8,-8,-4,12,4,4,2.2,5,1.3,2,-1.5,7,-1.1
S02001160,S02001015,0,6,0,0,0,6,0,6,6,2,-1.4,3,2.2,1,-1.1,3,-1.9
S02001160,S02001153,8,4,0,3,-8,-4,-5,15,7,5,1.5,6,2.2,3,-1.7,9,-1.9
S02001160,S02001154,5,3,0,3,-5,-2,-2,11,6,3,0.9,5,1.5,2,-1.4,6,-1.3
S02001160,S02001157,0,7,0,5,0,7,5,12,12,4,-1.9,5,0.8,2,-1.5,7,-0.7
S02001160,S02001159,0,3,0,6,0,3,6,9,9,3,-1.7,4,-0.4,2,-1.3,5,0.4
S02001160,S02001160,6,7,5,19,-1,1,13,37,31,12,-1.6,16,-0.7,7,-0.7,21,0.6
S02001160,S02001161,22,7,12,31,-10,-15,9,72,50,22,-0.1,31,-0.3,13,-0.4,41,0.3
S02001160,S02001162,9,11,6,23,-3,2,14,49,40,15,-1.6,21,-0.2,9,-1,28,0.2
S02001161,S02000263,3,0,0,0,-3,-3,-3,3,0,1,2.1,1,1.5,1,-0.7,2,-1.3
S02001161,S02000266,0,0,0,3,0,0,3,3,3,1,-1,1,-1.1,1,-0.7,2,1
S02001161,S02000327,4,0,0,0,-4,-4,-4,4,0,1,2.5,2,1.8,1,-0.9,2,-1.5
S02001161,S02000588,7,0,3,3,-4,-7,-4,13,6,4,1.5,6,0.6,2,0.4,7,-0.5
S02001161,S02000589,0,0,0,4,0,0,4,4,4,1,-1.1,2,-1.3,1,-0.9,2,1.1
S02001161,S02000593,0,0,0,3,0,0,3,3,3,1,-1,1,-1.1,1,-0.7,2,1
S02001161,S02000599,3,0,0,0,-3,-3,-3,3,0,1,2.1,1,1.5,1,-0.7,2,-1.3
S02001161,S02000602,0,0,0,9,0,0,9,9,9,3,-1.7,4,-2,2,-1.3,5,1.7
S02001161,S02000603,0,0,0,8,0,0,8,8,8,2,-1.6,3,-1.8,1,-1.2,5,1.6
S02001161,S02000604,0,0,0,3,0,0,3,3,3,1,-1,1,-1.1,1,-0.7,2,1
S02001161,S02000607,13,0,0,0,-13,-13,-13,13,0,4,4.4,6,3.2,2,-1.6,7,-2.7
S02001161,S02000610,0,3,0,18,0,3,18,21,21,7,-2.6,9,-2,4,-2,12,1.7
S02001161,S02000611,0,8,0,6,0,8,6,14,14,4,-2.1,6,0.8,3,-1.6,8,-0.7
S02001161,S02000616,6,0,0,0,-6,-6,-6,6,0,2,3,3,2.2,1,-1.1,3,-1.9
S02001161,S02000628,11,0,3,12,-8,-11,1,26,15,8,1,11,0,5,-0.8,15,0
S02001161,S02000631,0,0,0,3,0,0,3,3,3,1,-1,1,-1.1,1,-0.7,2,1
S02001161,S02000633,9,0,0,10,-9,-9,1,19,10,6,1.3,8,0.3,4,-1.9,11,-0.3
S02001161,S02000634,10,0,3,7,-7,-10,-3,20,10,6,1.5,9,0.5,4,-0.4,11,-0.4
S02001161,S02000635,3,0,0,6,-3,-3,3,9,6,3,0.1,4,-0.4,2,-1.3,5,0.4
S02001161,S02000644,6,0,6,0,0,-6,-6,12,6,4,1.2,5,0.4,2,2.5,7,-0.3
S02001161,S02000646,0,0,0,3,0,0,3,3,3,1,-1,1,-1.1,1,-0.7,2,1
S02001161,S02000649,3,0,0,3,-3,-3,0,6,3,2,0.8,3,0.3,1,-1.1,3,-0.2
S02001161,S02000651,0,3,0,0,0,3,0,3,3,1,-1,1,1.5,1,-0.7,2,-1.3
S02001161,S02000655,38,8,83,49,45,-30,11,178,140,55,-2.3,76,-3.4,33,8.7,102,2.9
S02001161,S02000656,0,3,0,0,0,3,0,3,3,1,-1,1,1.5,1,-0.7,2,-1.3
S02001161,S02000658,37,4,12,46,-25,-33,9,99,62,31,1.1,42,-0.2,18,-1.5,57,0.1
S02001161,S02000659,3,0,4,0,1,-3,-3,7,4,2,0.6,3,0,1,2.4,4,0
S02001161,S02000660,12,0,0,0,-12,-12,-12,12,0,4,4.3,5,3.1,2,-1.5,7,-2.6
S02001161,S02000661,8,0,15,5,7,-8,-3,28,20,9,-0.2,12,-1.1,5,4.3,16,1
S02001161,S02000663,0,3,3,0,3,3,0,6,6,2,-1.4,3,0.3,1,1.8,3,-0.2
S02001161,S02000664,5,0,0,0,-5,-5,-5,5,0,2,2.8,2,2,1,-1,3,-1.7
S02001161,S02000670,7,8,0,0,-7,1,-7,15,8,5,1.1,6,3.4,3,-1.7,9,-2.9
S02001161,S02000672,0,0,0,9,0,0,9,9,9,3,-1.7,4,-2,2,-1.3,5,1.7
S02001161,S02000673,0,5,0,0,0,5,0,5,5,2,-1.2,2,2,1,-1,3,-1.7
S02001161,S02000676,4,0,0,0,-4,-4,-4,4,0,1,2.5,2,1.8,1,-0.9,2,-1.5
S02001161,S02000687,0,0,0,3,0,0,3,3,3,1,-1,1,-1.1,1,-0.7,2,1
S02001161,S02000691,3,0,0,0,-3,-3,-3,3,0,1,2.1,1,1.5,1,-0.7,2,-1.3
S02001161,S02000692,0,0,0,4,0,0,4,4,4,1,-1.1,2,-1.3,1,-0.9,2,1.1
S02001161,S02000694,4,0,0,0,-4,-4,-4,4,0,1,2.5,2,1.8,1,-0.9,2,-1.5
S02001161,S02000702,0,0,0,3,0,0,3,3,3,1,-1,1,-1.1,1,-0.7,2,1
S02001161,S02001010,0,0,0,3,0,0,3,3,3,1,-1,1,-1.1,1,-0.7,2,1
S02001161,S02001015,0,4,0,0,0,4,0,4,4,1,-1.1,2,1.8,1,-0.9,2,-1.5
S02001161,S02001146,0,0,0,5,0,0,5,5,5,2,-1.2,2,-1.5,1,-1,3,1.3
S02001161,S02001148,0,0,0,3,0,0,3,3,3,1,-1,1,-1.1,1,-0.7,2,1
S02001161,S02001149,5,0,0,0,-5,-5,-5,5,0,2,2.8,2,2,1,-1,3,-1.7
S02001161,S02001152,3,0,0,0,-3,-3,-3,3,0,1,2.1,1,1.5,1,-0.7,2,-1.3
S02001161,S02001153,5,3,0,3,-5,-2,-2,11,6,3,0.9,5,1.5,2,-1.4,6,-1.3
S02001161,S02001154,3,4,0,7,-3,1,4,14,11,4,-0.7,6,0.4,3,-1.6,8,-0.4
S02001161,S02001157,0,5,0,11,0,5,11,16,16,5,-2.2,7,-0.7,3,-1.7,9,0.6
S02001161,S02001159,0,3,0,4,0,3,4,7,7,2,-1.5,3,0,1,-1.1,4,0
S02001161,S02001160,5,3,0,9,-5,-2,4,17,12,5,-0.1,7,0.3,3,-1.8,10,-0.2
S02001161,S02001161,22,16,8,21,-14,-6,-1,67,45,21,0.2,28,1.8,12,-1.2,39,-1.5
S02001161,S02001162,7,12,5,11,-2,5,4,35,28,11,-1.2,15,1.1,6,-0.6,20,-0.9
S02001161,S02001185,3,0,3,0,0,-3,-3,6,3,2,0.8,3,0.3,1,1.8,3,-0.2
S02001162,S02000270,0,0,5,0,5,0,0,5,5,2,-1.2,2,-1.5,1,4.2,3,1.3
S02001162,S02000281,3,0,0,0,-3,-3,-3,3,0,1,2.1,1,1.5,1,-0.7,2,-1.3
S02001162,S02000313,0,0,0,4,0,0,4,4,4,1,-1.1,2,-1.3,1,-0.9,2,1.1
S02001162,S02000584,0,3,0,0,0,3,0,3,3,1,-1,1,1.5,1,-0.7,2,-1.3
S02001162,S02000585,3,0,0,0,-3,-3,-3,3,0,1,2.1,1,1.5,1,-0.7,2,-1.3
S02001162,S02000588,6,0,0,4,-6,-6,-2,10,4,3,1.6,4,0.8,2,-1.4,6,-0.7
S02001162,S02000599,3,0,0,0,-3,-3,-3,3,0,1,2.1,1,1.5,1,-0.7,2,-1.3
S02001162,S02000602,0,0,0,4,0,0,4,4,4,1,-1.1,2,-1.3,1,-0.9,2,1.1
S02001162,S02000603,0,0,0,4,0,0,4,4,4,1,-1.1,2,-1.3,1,-0.9,2,1.1
S02001162,S02000607,8,0,0,0,-8,-8,-8,8,0,2,3.5,3,2.5,1,-1.2,5,-2.1
S02001162,S02000610,5,0,0,12,-5,-5,7,17,12,5,-0.1,7,-0.8,3,-1.8,10,0.7
S02001162,S02000611,10,6,0,6,-10,-4,-4,22,12,7,1.2,9,2.2,4,-2,13,-1.9
S02001162,S02000616,0,0,3,3,3,0,3,6,6,2,-1.4,3,-1.6,1,1.8,3,1.4
S02001162,S02000619,4,0,0,0,-4,-4,-4,4,0,1,2.5,2,1.8,1,-0.9,2,-1.5
S02001162,S02000628,10,3,3,5,-7,-7,-5,21,11,7,1.4,9,1.4,4,-0.4,12,-1.2
S02001162,S02000633,15,9,4,3,-11,-6,-12,31,16,10,1.7,13,3,6,-0.7,18,-2.6
S02001162,S02000634,8,0,0,3,-8,-8,-5,11,3,3,2.5,5,1.5,2,-1.4,6,-1.3
S02001162,S02000635,3,0,0,0,-3,-3,-3,3,0,1,2.1,1,1.5,1,-0.7,2,-1.3
S02001162,S02000642,0,0,3,0,3,0,0,3,3,1,-1,1,-1.1,1,3.3,2,1
S02001162,S02000655,41,7,72,47,31,-34,6,167,126,52,-1.5,71,-2.7,31,7.4,96,2.4
S02001162,S02000656,3,0,0,0,-3,-3,-3,3,0,1,2.1,1,1.5,1,-0.7,2,-1.3
S02001162,S02000658,26,4,20,35,-6,-22,9,85,59,26,-0.1,36,-1,16,1.1,49,0.9
S02001162,S02000659,5,0,0,0,-5,-5,-5,5,0,2,2.8,2,2,1,-1,3,-1.7
S02001162,S02000660,5,0,0,0,-5,-5,-5,5,0,2,2.8,2,2,1,-1,3,-1.7
S02001162,S02000661,0,4,7,3,7,4,3,14,14,4,-2.1,6,-0.8,3,2.7,8,0.7
S02001162,S02000663,0,0,5,0,5,0,0,5,5,2,-1.2,2,-1.5,1,4.2,3,1.3
S02001162,S02000664,0,0,0,3,0,0,3,3,3,1,-1,1,-1.1,1,-0.7,2,1
S02001162,S02000669,0,0,4,0,4,0,0,4,4,1,-1.1,2,-1.3,1,3.8,2,1.1
S02001162,S02000670,0,3,0,3,0,3,3,6,6,2,-1.4,3,0.3,1,-1.1,3,-0.2
S02001162,S02000674,0,0,0,4,0,0,4,4,4,1,-1.1,2,-1.3,1,-0.9,2,1.1
S02001162,S02000680,0,0,0,3,0,0,3,3,3,1,-1,1,-1.1,1,-0.7,2,1
S02001162,S02000689,3,0,0,0,-3,-3,-3,3,0,1,2.1,1,1.5,1,-0.7,2,-1.3
S02001162,S02000691,4,0,0,0,-4,-4,-4,4,0,1,2.5,2,1.8,1,-0.9,2,-1.5
S02001162,S02000784,0,0,0,4,0,0,4,4,4,1,-1.1,2,-1.3,1,-0.9,2,1.1
S02001162,S02001000,3,0,0,0,-3,-3,-3,3,0,1,2.1,1,1.5,1,-0.7,2,-1.3
S02001162,S02001010,3,4,0,0,-3,1,-3,7,4,2,0.6,3,2.3,1,-1.1,4,-2
S02001162,S02001148,0,0,0,3,0,0,3,3,3,1,-1,1,-1.1,1,-0.7,2,1
S02001162,S02001149,0,0,0,4,0,0,4,4,4,1,-1.1,2,-1.3,1,-0.9,2,1.1
S02001162,S02001153,5,0,3,5,-2,-5,0,13,8,4,0.5,6,-0.2,2,0.4,7,0.2
S02001162,S02001154,0,0,0,3,0,0,3,3,3,1,-1,1,-1.1,1,-0.7,2,1
S02001162,S02001157,0,3,0,4,0,3,4,7,7,2,-1.5,3,0,1,-1.1,4,0
S02001162,S02001158,0,0,0,3,0,0,3,3,3,1,-1,1,-1.1,1,-0.7,2,1
S02001162,S02001159,0,0,0,14,0,0,14,14,14,4,-2.1,6,-2.4,3,-1.6,8,2.1
S02001162,S02001160,0,3,0,0,0,3,0,3,3,1,-1,1,1.5,1,-0.7,2,-1.3
S02001162,S02001161,23,8,3,19,-20,-15,-4,53,30,17,1.6,23,1.8,10,-2.2,30,-1.5
S02001162,S02001162,26,21,3,32,-23,-5,6,82,56,26,0.1,35,2.1,15,-3.1,47,-1.8
S02001184,S02000262,0,0,0,3,0,0,3,3,3,1,-1,1,-1.1,1,-0.7,2,1
S02001184,S02000281,3,0,0,0,-3,-3,-3,3,0,1,2.1,1,1.5,1,-0.7,2,-1.3
S02001184,S02000587,0,3,0,0,0,3,0,3,3,1,-1,1,1.5,1,-0.7,2,-1.3
S02001184,S02000611,3,0,0,0,-3,-3,-3,3,0,1,2.1,1,1.5,1,-0.7,2,-1.3
S02001184,S02000634,9,0,0,0,-9,-9,-9,9,0,3,3.7,4,2.6,2,-1.3,5,-2.3
S02001184,S02000635,3,0,0,0,-3,-3,-3,3,0,1,2.1,1,1.5,1,-0.7,2,-1.3
S02001184,S02000644,0,0,3,0,3,0,0,3,3,1,-1,1,-1.1,1,3.3,2,1
S02001184,S02000651,0,4,0,0,0,4,0,4,4,1,-1.1,2,1.8,1,-0.9,2,-1.5
S02001184,S02000655,25,5,60,24,35,-20,-1,114,89,36,-1.8,48,-2.7,21,8.5,66,2.3
S02001184,S02000656,0,13,0,3,0,13,3,16,16,5,-2.2,7,2.4,3,-1.7,9,-2
S02001184,S02000658,27,5,13,18,-14,-22,-9,63,36,20,1.7,27,1,12,0.4,36,-0.9
S02001184,S02000659,4,0,0,0,-4,-4,-4,4,0,1,2.5,2,1.8,1,-0.9,2,-1.5
S02001184,S02000660,15,0,0,0,-15,-15,-15,15,0,5,4.8,6,3.4,3,-1.7,9,-2.9
S02001184,S02000661,21,0,8,5,-13,-21,-16,34,13,11,3.2,14,1.7,6,0.7,20,-1.5
S02001184,S02000664,11,4,0,5,-11,-7,-6,20,9,6,1.9,9,2.2,4,-1.9,11,-1.9
S02001184,S02000665,0,0,0,4,0,0,4,4,4,1,-1.1,2,-1.3,1,-0.9,2,1.1
S02001184,S02000668,0,0,0,3,0,0,3,3,3,1,-1,1,-1.1,1,-0.7,2,1
S02001184,S02000669,0,0,3,3,3,0,3,6,6,2,-1.4,3,-1.6,1,1.8,3,1.4
S02001184,S02000670,4,3,0,0,-4,-1,-4,7,3,2,1.2,3,2.3,1,-1.1,4,-2
S02001184,S02000671,0,0,0,4,0,0,4,4,4,1,-1.1,2,-1.3,1,-0.9,2,1.1
S02001184,S02000672,0,0,0,21,0,0,21,21,21,7,-2.6,9,-3,4,-2,12,2.6
S02001184,S02000673,0,0,3,5,3,0,5,8,8,2,-1.6,3,-1.8,1,1.2,5,1.6
S02001184,S02000674,0,0,0,3,0,0,3,3,3,1,-1,1,-1.1,1,-0.7,2,1
S02001184,S02000676,6,3,0,0,-6,-3,-6,9,3,3,1.9,4,2.6,2,-1.3,5,-2.3
S02001184,S02000679,0,0,0,3,0,0,3,3,3,1,-1,1,-1.1,1,-0.7,2,1
S02001184,S02000680,4,0,0,0,-4,-4,-4,4,0,1,2.5,2,1.8,1,-0.9,2,-1.5
S02001184,S02000681,0,0,0,3,0,0,3,3,3,1,-1,1,-1.1,1,-0.7,2,1
S02001184,S02000684,15,18,0,9,-15,3,-6,42,27,13,0.5,18,3.6,8,-2.8,24,-3.1
S02001184,S02000689,22,0,0,12,-22,-22,-10,34,12,11,3.5,14,2,6,-2.5,20,-1.7
S02001184,S02000691,5,0,0,0,-5,-5,-5,5,0,2,2.8,2,2,1,-1,3,-1.7
S02001184,S02000693,3,0,0,0,-3,-3,-3,3,0,1,2.1,1,1.5,1,-0.7,2,-1.3
S02001184,S02000696,10,9,0,0,-10,-1,-10,19,9,6,1.7,8,3.8,4,-1.9,11,-3.3
S02001184,S02000699,3,0,0,0,-3,-3,-3,3,0,1,2.1,1,1.5,1,-0.7,2,-1.3
S02001184,S02000701,0,5,0,0,0,5,0,5,5,2,-1.2,2,2,1,-1,3,-1.7
S02001184,S02000702,7,0,0,0,-7,-7,-7,7,0,2,3.3,3,2.3,1,-1.1,4,-2
S02001184,S02000705,5,0,0,6,-5,-5,1,11,6,3,0.9,5,0.1,2,-1.4,6,-0.1
S02001184,S02000707,5,0,0,3,-5,-5,-2,8,3,2,1.6,3,0.9,1,-1.2,5,-0.7
S02001184,S02000710,3,0,3,0,0,-3,-3,6,3,2,0.8,3,0.3,1,1.8,3,-0.2
S02001184,S02000711,0,0,0,10,0,0,10,10,10,3,-1.8,4,-2.1,2,-1.4,6,1.8
S02001184,S02000712,5,9,4,8,-1,4,3,26,21,8,-1.1,11,0.9,5,-0.4,15,-0.8
S02001184,S02000714,4,0,0,0,-4,-4,-4,4,0,1,2.5,2,1.8,1,-0.9,2,-1.5
S02001184,S02000716,8,0,0,4,-8,-8,-4,12,4,4,2.2,5,1.3,2,-1.5,7,-1.1
S02001184,S02000781,3,0,0,0,-3,-3,-3,3,0,1,2.1,1,1.5,1,-0.7,2,-1.3
S02001184,S02001010,6,0,0,5,-6,-6,-1,11,5,3,1.4,5,0.6,2,-1.4,6,-0.5
S02001184,S02001013,0,4,6,9,6,4,9,19,19,6,-2.4,8,-1.4,4,1.3,11,1.2
S02001184,S02001015,0,10,6,0,6,10,0,16,16,5,-2.2,7,1.2,3,1.8,9,-1.1
S02001184,S02001018,0,0,0,3,0,0,3,3,3,1,-1,1,-1.1,1,-0.7,2,1
S02001184,S02001184,30,8,3,28,-27,-22,-2,69,39,21,1.8,29,1.6,13,-2.7,40,-1.4
S02001184,S02001185,85,31,31,116,-54,-54,31,263,178,82,0.3,112,0.4,49,-2.5,151,-0.3
S02001184,S02001186,4,0,5,14,1,-4,10,23,19,7,-1.2,10,-1.8,4,0.4,13,1.6
S02001184,S02001187,7,0,0,12,-7,-7,5,19,12,6,0.4,8,-0.4,4,-1.9,11,0.3
S02001184,S02001188,9,0,0,0,-9,-9,-9,9,0,3,3.7,4,2.6,2,-1.3,5,-2.3
S02001184,S02001189,0,0,0,5,0,0,5,5,5,2,-1.2,2,-1.5,1,-1,3,1.3
S02001184,S02001191,6,0,0,9,-6,-6,3,15,9,5,0.6,6,-0.2,3,-1.7,9,0.1
S02001184,S02001192,13,4,0,0,-13,-9,-13,17,4,5,3.3,7,3.6,3,-1.8,10,-3.1
S02001184,S02001193,5,0,0,7,-5,-5,2,12,7,4,0.7,5,0,2,-1.5,7,0
S02001184,S02001194,0,0,0,3,0,0,3,3,3,1,-1,1,-1.1,1,-0.7,2,1
S02001184,S02001195,4,0,0,0,-4,-4,-4,4,0,1,2.5,2,1.8,1,-0.9,2,-1.5
S02001184,S02001197,4,4,0,0,-4,0,-4,8,4,2,1,3,2.5,1,-1.2,5,-2.1
S02001184,S02001198,0,0,0,3,0,0,3,3,3,1,-1,1,-1.1,1,-0.7,2,1
S02001184,S02001200,3,0,0,0,-3,-3,-3,3,0,1,2.1,1,1.5,1,-0.7,2,-1.3
S02001184,S02001201,0,0,0,4,0,0,4,4,4,1,-1.1,2,-1.3,1,-0.9,2,1.1
S02001185,S02000273,0,0,0,3,0,0,3,3,3,1,-1,1,-1.1,1,-0.7,2,1
S02001185,S02000631,3,0,0,0,-3,-3,-3,3,0,1,2.1,1,1.5,1,-0.7,2,-1.3
S02001185,S02000634,6,0,0,7,-6,-6,1,13,7,4,1,6,0.2,2,-1.6,7,-0.2
S02001185,S02000648,0,3,0,0,0,3,0,3,3,1,-1,1,1.5,1,-0.7,2,-1.3
S02001185,S02000651,0,0,3,4,3,0,4,7,7,2,-1.5,3,-1.7,1,1.5,4,1.5
S02001185,S02000655,34,4,85,33,51,-30,-1,156,122,49,-2.1,66,-3.5,29,10.4,90,3
S02001185,S02000656,8,6,0,0,-8,-2,-8,14,6,4,1.7,6,3.3,3,-1.6,8,-2.8
S02001185,S02000658,24,3,14,25,-10,-21,1,66,42,21,0.8,28,-0.2,12,0.5,38,0.2
S02001185,S02000659,3,0,0,3,-3,-3,0,6,3,2,0.8,3,0.3,1,-1.1,3,-0.2
S02001185,S02000660,6,5,3,0,-3,-1,-6,14,8,4,0.8,6,2.1,3,0.3,8,-1.8
S02001185,S02000661,17,0,6,8,-11,-17,-9,31,14,10,2.4,13,1.1,6,0.1,18,-0.9
S02001185,S02000664,20,0,0,3,-20,-20,-17,23,3,7,4.8,10,3.3,4,-2.1,13,-2.8
S02001185,S02000665,0,3,3,0,3,3,0,6,6,2,-1.4,3,0.3,1,1.8,3,-0.2
S02001185,S02000668,4,0,0,5,-4,-4,1,9,5,3,0.7,4,0.1,2,-1.3,5,-0.1
S02001185,S02000669,0,0,0,5,0,0,5,5,5,2,-1.2,2,-1.5,1,-1,3,1.3
S02001185,S02000671,0,0,0,8,0,0,8,8,8,2,-1.6,3,-1.8,1,-1.2,5,1.6
S02001185,S02000672,0,0,0,17,0,0,17,17,17,5,-2.3,7,-2.7,3,-1.8,10,2.3
S02001185,S02000673,0,0,0,3,0,0,3,3,3,1,-1,1,-1.1,1,-0.7,2,1
S02001185,S02000675,0,0,0,3,0,0,3,3,3,1,-1,1,-1.1,1,-0.7,2,1
S02001185,S02000676,3,0,0,0,-3,-3,-3,3,0,1,2.1,1,1.5,1,-0.7,2,-1.3
S02001185,S02000682,3,0,0,0,-3,-3,-3,3,0,1,2.1,1,1.5,1,-0.7,2,-1.3
S02001185,S02000684,10,32,0,4,-10,22,-6,46,36,14,-1.1,20,5.1,9,-2.9,26,-4.4
S02001185,S02000686,0,0,0,5,0,0,5,5,5,2,-1.2,2,-1.5,1,-1,3,1.3
S02001185,S02000688,8,0,0,0,-8,-8,-8,8,0,2,3.5,3,2.5,1,-1.2,5,-2.1
S02001185,S02000689,29,0,0,6,-29,-29,-23,35,6,11,5.5,15,3.7,6,-2.5,20,-3.1
S02001185,S02000692,3,0,0,0,-3,-3,-3,3,0,1,2.1,1,1.5,1,-0.7,2,-1.3
S02001185,S02000696,11,5,0,0,-11,-6,-11,16,5,5,2.7,7,3.5,3,-1.7,9,-3
S02001185,S02000698,0,0,0,4,0,0,4,4,4,1,-1.1,2,-1.3,1,-0.9,2,1.1
S02001185,S02000701,0,5,0,0,0,5,0,5,5,2,-1.2,2,2,1,-1,3,-1.7
S02001185,S02000702,5,0,0,5,-5,-5,0,10,5,3,1.1,4,0.4,2,-1.4,6,-0.3
S02001185,S02000705,3,0,0,5,-3,-3,2,8,5,2,0.3,3,-0.2,1,-1.2,5,0.2
S02001185,S02000707,0,3,0,0,0,3,0,3,3,1,-1,1,1.5,1,-0.7,2,-1.3
S02001185,S02000710,0,0,3,0,3,0,0,3,3,1,-1,1,-1.1,1,3.3,2,1
S02001185,S02000711,0,0,0,5,0,0,5,5,5,2,-1.2,2,-1.5,1,-1,3,1.3
S02001185,S02000712,8,6,3,0,-5,-2,-8,17,9,5,1.2,7,2.5,3,-0.1,10,-2.2
S02001185,S02000715,0,0,0,4,0,0,4,4,4,1,-1.1,2,-1.3,1,-0.9,2,1.1
S02001185,S02000716,14,0,0,0,-14,-14,-14,14,0,4,4.6,6,3.3,3,-1.6,8,-2.8
S02001185,S02000781,0,0,0,3,0,0,3,3,3,1,-1,1,-1.1,1,-0.7,2,1
S02001185,S02000782,0,0,3,0,3,0,0,3,3,1,-1,1,-1.1,1,3.3,2,1
S02001185,S02000994,3,0,0,0,-3,-3,-3,3,0,1,2.1,1,1.5,1,-0.7,2,-1.3
S02001185,S02001000,0,0,0,5,0,0,5,5,5,2,-1.2,2,-1.5,1,-1,3,1.3
S02001185,S02001001,0,0,0,3,0,0,3,3,3,1,-1,1,-1.1,1,-0.7,2,1
S02001185,S02001010,7,6,3,0,-4,-1,-7,16,9,5,0.9,7,2.4,3,0,9,-2
S02001185,S02001013,3,3,0,13,-3,0,10,19,16,6,-1.2,8,-0.7,4,-1.9,11,0.6
S02001185,S02001015,5,16,0,0,-5,11,-5,21,16,7,-0.6,9,4,4,-2,12,-3.5
S02001185,S02001162,0,3,0,0,0,3,0,3,3,1,-1,1,1.5,1,-0.7,2,-1.3
S02001185,S02001184,3,0,0,21,-3,-3,18,24,21,7,-1.6,10,-2.3,4,-2.1,14,1.9
S02001185,S02001185,119,56,55,156,-64,-63,37,386,267,120,-0.1,164,0.8,71,-1.9,222,-0.7
S02001185,S02001186,3,0,0,19,-3,-3,16,22,19,7,-1.5,9,-2.1,4,-2,13,1.8
S02001185,S02001187,13,0,5,28,-8,-13,15,46,33,14,-0.4,20,-1.5,9,-1.2,26,1.3
S02001185,S02001188,20,0,0,11,-20,-20,-9,31,11,10,3.3,13,1.9,6,-2.4,18,-1.6
S02001185,S02001189,0,0,0,9,0,0,9,9,9,3,-1.7,4,-2,2,-1.3,5,1.7
S02001185,S02001190,0,4,0,0,0,4,0,4,4,1,-1.1,2,1.8,1,-0.9,2,-1.5
S02001185,S02001191,0,0,0,4,0,0,4,4,4,1,-1.1,2,-1.3,1,-0.9,2,1.1
S02001185,S02001192,16,12,3,14,-13,-4,-2,45,29,14,0.5,19,2,8,-1.8,26,-1.7
S02001185,S02001193,0,0,0,7,0,0,7,7,7,2,-1.5,3,-1.7,1,-1.1,4,1.5
S02001185,S02001194,4,0,0,3,-4,-4,-1,7,3,2,1.2,3,0.6,1,-1.1,4,-0.5
S02001185,S02001195,3,0,0,3,-3,-3,0,6,3,2,0.8,3,0.3,1,-1.1,3,-0.2
S02001185,S02001198,0,0,0,6,0,0,6,6,6,2,-1.4,3,-1.6,1,-1.1,3,1.4
S02001185,S02001199,4,0,0,0,-4,-4,-4,4,0,1,2.5,2,1.8,1,-0.9,2,-1.5
S02001185,S02001200,5,0,0,4,-5,-5,-1,9,4,3,1.3,4,0.6,2,-1.3,5,-0.5
S02001186,S02000263,4,0,0,0,-4,-4,-4,4,0,1,2.5,2,1.8,1,-0.9,2,-1.5
S02001186,S02000269,5,0,0,0,-5,-5,-5,5,0,2,2.8,2,2,1,-1,3,-1.7
S02001186,S02000271,3,0,0,0,-3,-3,-3,3,0,1,2.1,1,1.5,1,-0.7,2,-1.3
S02001186,S02000279,0,0,0,3,0,0,3,3,3,1,-1,1,-1.1,1,-0.7,2,1
S02001186,S02000599,0,4,0,0,0,4,0,4,4,1,-1.1,2,1.8,1,-0.9,2,-1.5
S02001186,S02000607,3,0,0,0,-3,-3,-3,3,0,1,2.1,1,1.5,1,-0.7,2,-1.3
S02001186,S02000628,0,0,0,5,0,0,5,5,5,2,-1.2,2,-1.5,1,-1,3,1.3
S02001186,S02000634,8,3,0,0,-8,-5,-8,11,3,3,2.5,5,2.9,2,-1.4,6,-2.5
S02001186,S02000644,0,3,0,0,0,3,0,3,3,1,-1,1,1.5,1,-0.7,2,-1.3
S02001186,S02000651,0,3,3,0,3,3,0,6,6,2,-1.4,3,0.3,1,1.8,3,-0.2
S02001186,S02000655,33,6,56,32,23,-27,-1,127,94,40,-1,54,-2,23,6.7,73,1.8
S02001186,S02000656,0,14,0,0,0,14,0,14,14,4,-2.1,6,3.3,3,-1.6,8,-2.8
S02001186,S02000658,29,5,6,28,-23,-24,-1,68,39,21,1.7,29,0.9,13,-1.9,39,-0.8
S02001186,S02000659,0,0,5,0,5,0,0,5,5,2,-1.2,2,-1.5,1,4.2,3,1.3
S02001186,S02000660,12,3,0,8,-12,-9,-4,23,11,7,1.8,10,1.7,4,-2.1,13,-1.4
S02001186,S02000661,17,0,4,6,-13,-17,-11,27,10,8,3,11,1.6,5,-0.4,16,-1.4
S02001186,S02000663,0,0,3,0,3,0,0,3,3,1,-1,1,-1.1,1,3.3,2,1
S02001186,S02000664,23,0,0,5,-23,-23,-18,28,5,9,4.8,12,3.2,5,-2.3,16,-2.8
S02001186,S02000667,3,0,0,0,-3,-3,-3,3,0,1,2.1,1,1.5,1,-0.7,2,-1.3
S02001186,S02000669,3,0,0,6,-3,-3,3,9,6,3,0.1,4,-0.4,2,-1.3,5,0.4
S02001186,S02000671,0,0,0,3,0,0,3,3,3,1,-1,1,-1.1,1,-0.7,2,1
S02001186,S02000672,0,0,0,15,0,0,15,15,15,5,-2.2,6,-2.5,3,-1.7,9,2.2
S02001186,S02000673,3,0,0,7,-3,-3,4,10,7,3,-0.1,4,-0.6,2,-1.4,6,0.5
S02001186,S02000675,0,0,0,5,0,0,5,5,5,2,-1.2,2,-1.5,1,-1,3,1.3
S02001186,S02000676,0,0,0,4,0,0,4,4,4,1,-1.1,2,-1.3,1,-0.9,2,1.1
S02001186,S02000681,0,0,0,4,0,0,4,4,4,1,-1.1,2,-1.3,1,-0.9,2,1.1
S02001186,S02000684,13,33,4,8,-9,20,-5,58,45,18,-1.2,25,4.3,11,-2.1,33,-3.7
S02001186,S02000688,0,0,0,4,0,0,4,4,4,1,-1.1,2,-1.3,1,-0.9,2,1.1
S02001186,S02000689,51,4,3,6,-48,-47,-45,64,13,20,7,27,5.3,12,-2.6,37,-4.6
S02001186,S02000691,3,0,0,0,-3,-3,-3,3,0,1,2.1,1,1.5,1,-0.7,2,-1.3
S02001186,S02000696,6,5,0,4,-6,-1,-2,15,9,5,0.6,6,1.8,3,-1.7,9,-1.6
S02001186,S02000699,4,0,0,0,-4,-4,-4,4,0,1,2.5,2,1.8,1,-0.9,2,-1.5
S02001186,S02000702,6,3,0,6,-6,-3,0,15,9,5,0.6,6,1,3,-1.7,9,-0.9
S02001186,S02000705,0,5,0,0,0,5,0,5,5,2,-1.2,2,2,1,-1,3,-1.7
S02001186,S02000707,5,0,0,0,-5,-5,-5,5,0,2,2.8,2,2,1,-1,3,-1.7
S02001186,S02000710,6,0,0,0,-6,-6,-6,6,0,2,3,3,2.2,1,-1.1,3,-1.9
S02001186,S02000711,0,0,0,24,0,0,24,24,24,7,-2.7,10,-3.2,4,-2.1,14,2.7
S02001186,S02000712,6,18,0,7,-6,12,1,31,25,10,-1.2,13,3,6,-2.4,18,-2.6
S02001186,S02000715,0,0,0,3,0,0,3,3,3,1,-1,1,-1.1,1,-0.7,2,1
S02001186,S02000716,9,0,0,11,-9,-9,2,20,11,6,1.1,9,0.2,4,-1.9,11,-0.1
S02001186,S02000997,0,0,3,0,3,0,0,3,3,1,-1,1,-1.1,1,3.3,2,1
S02001186,S02000998,0,0,0,5,0,0,5,5,5,2,-1.2,2,-1.5,1,-1,3,1.3
S02001186,S02001000,3,0,0,7,-3,-3,4,10,7,3,-0.1,4,-0.6,2,-1.4,6,0.5
S02001186,S02001013,0,4,4,4,4,4,4,12,12,4,-1.9,5,-0.5,2,1.2,7,0.4
S02001186,S02001015,3,0,7,0,4,-3,-3,10,7,3,-0.1,4,-0.6,2,3.8,6,0.5
S02001186,S02001016,0,0,3,0,3,0,0,3,3,1,-1,1,-1.1,1,3.3,2,1
S02001186,S02001184,0,4,0,10,0,4,10,14,14,4,-2.1,6,-0.8,3,-1.6,8,0.7
S02001186,S02001185,108,33,62,159,-46,-75,51,362,254,113,-0.4,154,-1,67,-0.6,208,0.9
S02001186,S02001186,26,9,13,58,-13,-17,32,106,80,33,-1.2,45,-1.5,20,-1.5,61,1.3
S02001186,S02001187,14,5,5,32,-9,-9,18,56,42,17,-0.8,24,-1,10,-1.7,32,0.8
S02001186,S02001188,12,0,0,8,-12,-12,-4,20,8,6,2.3,9,1.2,4,-1.9,11,-1
S02001186,S02001189,8,0,0,20,-8,-8,12,28,20,9,-0.2,12,-1.1,5,-2.3,16,1
S02001186,S02001190,3,3,0,4,-3,0,1,10,7,3,-0.1,4,0.8,2,-1.4,6,-0.7
S02001186,S02001191,0,0,0,10,0,0,10,10,10,3,-1.8,4,-2.1,2,-1.4,6,1.8
S02001186,S02001192,14,10,6,16,-8,-4,2,46,32,14,-0.1,20,1,9,-0.9,26,-0.9
S02001186,S02001193,10,0,0,0,-10,-10,-10,10,0,3,3.9,4,2.8,2,-1.4,6,-2.4
S02001186,S02001194,3,3,0,5,-3,0,2,11,8,3,-0.2,5,0.6,2,-1.4,6,-0.5
S02001186,S02001195,5,0,0,0,-5,-5,-5,5,0,2,2.8,2,2,1,-1,3,-1.7
S02001186,S02001197,0,6,0,0,0,6,0,6,6,2,-1.4,3,2.2,1,-1.1,3,-1.9
S02001186,S02001199,4,0,0,0,-4,-4,-4,4,0,1,2.5,2,1.8,1,-0.9,2,-1.5
S02001186,S02001200,4,0,0,0,-4,-4,-4,4,0,1,2.5,2,1.8,1,-0.9,2,-1.5
S02001187,S02000260,0,3,0,0,0,3,0,3,3,1,-1,1,1.5,1,-0.7,2,-1.3
S02001187,S02000264,5,0,0,0,-5,-5,-5,5,0,2,2.8,2,2,1,-1,3,-1.7
S02001187,S02000270,0,0,0,3,0,0,3,3,3,1,-1,1,-1.1,1,-0.7,2,1
S02001187,S02000281,0,3,0,0,0,3,0,3,3,1,-1,1,1.5,1,-0.7,2,-1.3
S02001187,S02000599,3,0,0,0,-3,-3,-3,3,0,1,2.1,1,1.5,1,-0.7,2,-1.3
S02001187,S02000628,3,0,0,0,-3,-3,-3,3,0,1,2.1,1,1.5,1,-0.7,2,-1.3
S02001187,S02000634,5,0,0,0,-5,-5,-5,5,0,2,2.8,2,2,1,-1,3,-1.7
S02001187,S02000636,0,3,0,0,0,3,0,3,3,1,-1,1,1.5,1,-0.7,2,-1.3
S02001187,S02000638,3,0,0,0,-3,-3,-3,3,0,1,2.1,1,1.5,1,-0.7,2,-1.3
S02001187,S02000642,3,0,0,0,-3,-3,-3,3,0,1,2.1,1,1.5,1,-0.7,2,-1.3
S02001187,S02000649,0,0,0,3,0,0,3,3,3,1,-1,1,-1.1,1,-0.7,2,1
S02001187,S02000651,0,3,0,0,0,3,0,3,3,1,-1,1,1.5,1,-0.7,2,-1.3
S02001187,S02000655,28,0,79,28,51,-28,0,135,107,42,-2.2,57,-3.9,25,10.8,78,3.3
S02001187,S02000656,4,13,0,3,-4,9,-1,20,16,6,-0.9,9,2.9,4,-1.9,11,-2.5
S02001187,S02000658,15,3,10,35,-5,-12,20,63,48,20,-1,27,-1.7,12,-0.5,36,1.5
S02001187,S02000660,3,4,0,5,-3,1,2,12,9,4,-0.4,5,0.8,2,-1.5,7,-0.7
S02001187,S02000661,9,3,6,4,-3,-6,-5,22,13,7,0.8,9,0.9,4,1,13,-0.7
S02001187,S02000664,8,0,3,0,-5,-8,-8,11,3,3,2.5,5,1.5,2,0.7,6,-1.3
S02001187,S02000668,3,5,0,8,-3,2,5,16,13,5,-0.9,7,0.5,3,-1.7,9,-0.4
S02001187,S02000669,3,0,0,0,-3,-3,-3,3,0,1,2.1,1,1.5,1,-0.7,2,-1.3
S02001187,S02000670,3,0,0,0,-3,-3,-3,3,0,1,2.1,1,1.5,1,-0.7,2,-1.3
S02001187,S02000671,3,0,0,6,-3,-3,3,9,6,3,0.1,4,-0.4,2,-1.3,5,0.4
S02001187,S02000672,0,0,0,10,0,0,10,10,10,3,-1.8,4,-2.1,2,-1.4,6,1.8
S02001187,S02000675,5,0,0,0,-5,-5,-5,5,0,2,2.8,2,2,1,-1,3,-1.7
S02001187,S02000676,0,4,0,0,0,4,0,4,4,1,-1.1,2,1.8,1,-0.9,2,-1.5
S02001187,S02000684,8,19,7,5,-1,11,-3,39,31,12,-1.2,17,2.6,7,-0.1,22,-2.2
S02001187,S02000685,3,0,0,0,-3,-3,-3,3,0,1,2.1,1,1.5,1,-0.7,2,-1.3
S02001187,S02000689,23,0,0,8,-23,-23,-15,31,8,10,4.3,13,2.7,6,-2.4,18,-2.3
S02001187,S02000696,5,3,0,3,-5,-2,-2,11,6,3,0.9,5,1.5,2,-1.4,6,-1.3
S02001187,S02000701,3,0,0,0,-3,-3,-3,3,0,1,2.1,1,1.5,1,-0.7,2,-1.3
S02001187,S02000702,8,0,0,7,-8,-8,-1,15,7,5,1.5,6,0.6,3,-1.7,9,-0.6
S02001187,S02000705,4,0,0,6,-4,-4,2,10,6,3,0.5,4,-0.1,2,-1.4,6,0.1
S02001187,S02000709,0,0,0,3,0,0,3,3,3,1,-1,1,-1.1,1,-0.7,2,1
S02001187,S02000711,0,6,0,9,0,6,9,15,15,5,-2.2,6,-0.2,3,-1.7,9,0.1
S02001187,S02000712,3,0,0,0,-3,-3,-3,3,0,1,2.1,1,1.5,1,-0.7,2,-1.3
S02001187,S02000714,0,0,0,3,0,0,3,3,3,1,-1,1,-1.1,1,-0.7,2,1
S02001187,S02000716,10,0,0,3,-10,-10,-7,13,3,4,3,6,1.9,2,-1.6,7,-1.6
S02001187,S02000999,0,3,0,4,0,3,4,7,7,2,-1.5,3,0,1,-1.1,4,0
S02001187,S02001000,6,0,0,5,-6,-6,-1,11,5,3,1.4,5,0.6,2,-1.4,6,-0.5
S02001187,S02001010,10,0,0,3,-10,-10,-7,13,3,4,3,6,1.9,2,-1.6,7,-1.6
S02001187,S02001013,0,0,0,4,0,0,4,4,4,1,-1.1,2,-1.3,1,-0.9,2,1.1
S02001187,S02001015,3,10,8,3,5,7,0,24,21,7,-1.6,10,0.9,4,1.7,14,-0.8
S02001187,S02001184,5,9,0,5,-5,4,0,19,14,6,-0.4,8,2.1,4,-1.9,11,-1.8
S02001187,S02001185,126,51,46,135,-80,-75,9,358,232,111,1.4,152,2,66,-2.5,206,-1.7
S02001187,S02001186,8,3,0,24,-8,-5,16,35,27,11,-0.9,15,-1,6,-2.5,20,0.9
S02001187,S02001187,23,0,5,45,-18,-23,22,73,50,23,0.1,31,-1.4,14,-2.3,42,1.2
S02001187,S02001188,19,4,0,9,-19,-15,-10,32,13,10,2.9,14,2.5,6,-2.4,18,-2.2
S02001187,S02001189,9,3,0,16,-9,-6,7,28,19,9,0.1,12,0,5,-2.3,16,0
S02001187,S02001190,0,0,3,0,3,0,0,3,3,1,-1,1,-1.1,1,3.3,2,1
S02001187,S02001191,0,0,0,3,0,0,3,3,3,1,-1,1,-1.1,1,-0.7,2,1
S02001187,S02001192,21,6,3,12,-18,-15,-9,42,21,13,2.2,18,2.2,8,-1.7,24,-1.9
S02001187,S02001193,0,0,0,5,0,0,5,5,5,2,-1.2,2,-1.5,1,-1,3,1.3
S02001187,S02001194,3,0,0,3,-3,-3,0,6,3,2,0.8,3,0.3,1,-1.1,3,-0.2
S02001187,S02001195,3,0,0,5,-3,-3,2,8,5,2,0.3,3,-0.2,1,-1.2,5,0.2
S02001187,S02001197,3,3,0,0,-3,0,-3,6,3,2,0.8,3,2.2,1,-1.1,3,-1.9
S02001187,S02001198,0,0,3,0,3,0,0,3,3,1,-1,1,-1.1,1,3.3,2,1
S02001187,S02001199,6,0,0,0,-6,-6,-6,6,0,2,3,3,2.2,1,-1.1,3,-1.9
S02001187,S02001200,3,0,0,0,-3,-3,-3,3,0,1,2.1,1,1.5,1,-0.7,2,-1.3
S02001187,S02001201,0,0,0,4,0,0,4,4,4,1,-1.1,2,-1.3,1,-0.9,2,1.1
S02001188,S02000269,0,0,0,3,0,0,3,3,3,1,-1,1,-1.1,1,-0.7,2,1
S02001188,S02000270,0,0,3,0,3,0,0,3,3,1,-1,1,-1.1,1,3.3,2,1
S02001188,S02000272,0,0,3,0,3,0,0,3,3,1,-1,1,-1.1,1,3.3,2,1
S02001188,S02000276,0,0,0,4,0,0,4,4,4,1,-1.1,2,-1.3,1,-0.9,2,1.1
S02001188,S02000279,3,0,0,3,-3,-3,0,6,3,2,0.8,3,0.3,1,-1.1,3,-0.2
S02001188,S02000281,0,4,0,0,0,4,0,4,4,1,-1.1,2,1.8,1,-0.9,2,-1.5
S02001188,S02000625,0,0,0,7,0,0,7,7,7,2,-1.5,3,-1.7,1,-1.1,4,1.5
S02001188,S02000633,0,3,0,0,0,3,0,3,3,1,-1,1,1.5,1,-0.7,2,-1.3
S02001188,S02000634,4,0,3,4,-1,-4,0,11,7,3,0.3,5,-0.3,2,0.7,6,0.3
S02001188,S02000635,0,4,0,0,0,4,0,4,4,1,-1.1,2,1.8,1,-0.9,2,-1.5
S02001188,S02000644,4,0,0,0,-4,-4,-4,4,0,1,2.5,2,1.8,1,-0.9,2,-1.5
S02001188,S02000651,3,0,4,0,1,-3,-3,7,4,2,0.6,3,0,1,2.4,4,0
S02001188,S02000655,23,8,67,29,44,-15,6,127,104,40,-2.6,54,-3.1,23,9,73,2.7
S02001188,S02000656,3,8,0,4,-3,5,1,15,12,5,-0.8,6,1.8,3,-1.7,9,-1.6
S02001188,S02000658,21,0,14,32,-7,-21,11,67,46,21,0,28,-1.4,12,0.5,39,1.2
S02001188,S02000660,5,5,0,4,-5,0,-1,14,9,4,0.3,6,1.7,3,-1.6,8,-1.4
S02001188,S02000661,5,0,4,7,-1,-5,2,16,11,5,0,7,-0.7,3,0.6,9,0.6
S02001188,S02000664,3,3,0,3,-3,0,0,9,6,3,0.1,4,1.1,2,-1.3,5,-1
S02001188,S02000666,0,0,0,4,0,0,4,4,4,1,-1.1,2,-1.3,1,-0.9,2,1.1
S02001188,S02000669,0,0,0,4,0,0,4,4,4,1,-1.1,2,-1.3,1,-0.9,2,1.1
S02001188,S02000670,4,6,0,0,-4,2,-4,10,6,3,0.5,4,2.8,2,-1.4,6,-2.4
S02001188,S02000672,4,0,0,20,-4,-4,16,24,20,7,-1.3,10,-1.9,4,-2.1,14,1.7
S02001188,S02000673,0,0,0,3,0,0,3,3,3,1,-1,1,-1.1,1,-0.7,2,1
S02001188,S02000675,4,0,0,0,-4,-4,-4,4,0,1,2.5,2,1.8,1,-0.9,2,-1.5
S02001188,S02000676,3,0,0,3,-3,-3,0,6,3,2,0.8,3,0.3,1,-1.1,3,-0.2
S02001188,S02000681,4,0,0,0,-4,-4,-4,4,0,1,2.5,2,1.8,1,-0.9,2,-1.5
S02001188,S02000684,9,23,3,9,-6,14,0,44,35,14,-1.3,19,3.1,8,-1.8,25,-2.6
S02001188,S02000689,25,0,0,10,-25,-25,-15,35,10,11,4.3,15,2.6,6,-2.5,20,-2.3
S02001188,S02000690,4,0,0,0,-4,-4,-4,4,0,1,2.5,2,1.8,1,-0.9,2,-1.5
S02001188,S02000691,6,0,0,0,-6,-6,-6,6,0,2,3,3,2.2,1,-1.1,3,-1.9
S02001188,S02000696,10,10,0,8,-10,0,-2,28,18,9,0.4,12,2.3,5,-2.3,16,-2
S02001188,S02000701,3,3,0,0,-3,0,-3,6,3,2,0.8,3,2.2,1,-1.1,3,-1.9
S02001188,S02000702,5,3,0,3,-5,-2,-2,11,6,3,0.9,5,1.5,2,-1.4,6,-1.3
S02001188,S02000705,0,0,0,4,0,0,4,4,4,1,-1.1,2,-1.3,1,-0.9,2,1.1
S02001188,S02000707,4,0,0,0,-4,-4,-4,4,0,1,2.5,2,1.8,1,-0.9,2,-1.5
S02001188,S02000711,0,0,0,8,0,0,8,8,8,2,-1.6,3,-1.8,1,-1.2,5,1.6
S02001188,S02000712,6,0,0,3,-6,-6,-3,9,3,3,1.9,4,1.1,2,-1.3,5,-1
S02001188,S02000716,10,0,0,6,-10,-10,-4,16,6,5,2.2,7,1.2,3,-1.7,9,-1.1
S02001188,S02000999,0,0,0,4,0,0,4,4,4,1,-1.1,2,-1.3,1,-0.9,2,1.1
S02001188,S02001000,3,0,0,5,-3,-3,2,8,5,2,0.3,3,-0.2,1,-1.2,5,0.2
S02001188,S02001010,5,3,5,5,0,-2,0,18,13,6,-0.3,8,0.1,3,0.9,10,-0.1
S02001188,S02001013,0,8,0,9,0,8,9,17,17,5,-2.3,7,0.3,3,-1.8,10,-0.2
S02001188,S02001014,0,3,0,0,0,3,0,3,3,1,-1,1,1.5,1,-0.7,2,-1.3
S02001188,S02001015,14,13,4,0,-10,-1,-14,31,17,10,1.4,13,3.8,6,-0.7,18,-3.3
S02001188,S02001016,0,0,0,5,0,0,5,5,5,2,-1.2,2,-1.5,1,-1,3,1.3
S02001188,S02001162,0,3,0,3,0,3,3,6,6,2,-1.4,3,0.3,1,-1.1,3,-0.2
S02001188,S02001184,12,5,0,0,-12,-7,-12,17,5,5,2.9,7,3.6,3,-1.8,10,-3.1
S02001188,S02001185,142,77,44,142,-98,-65,0,405,263,126,1.4,172,3.6,75,-3.6,233,-3.1
S02001188,S02001186,4,0,4,19,0,-4,15,27,23,8,-1.5,11,-2.2,5,-0.4,16,1.9
S02001188,S02001187,17,4,0,23,-17,-13,6,44,27,14,0.9,19,0.5,8,-2.9,25,-0.5
S02001188,S02001188,37,6,5,41,-32,-31,4,89,52,28,1.8,38,0.8,16,-2.8,51,-0.7
S02001188,S02001189,0,0,0,18,0,0,18,18,18,6,-2.4,8,-2.8,3,-1.8,10,2.4
S02001188,S02001190,6,3,0,0,-6,-3,-6,9,3,3,1.9,4,2.6,2,-1.3,5,-2.3
S02001188,S02001191,5,0,0,0,-5,-5,-5,5,0,2,2.8,2,2,1,-1,3,-1.7
S02001188,S02001192,18,13,7,11,-11,-5,-7,49,31,15,0.7,21,2.2,9,-0.7,28,-1.9
S02001188,S02001193,3,4,0,12,-3,1,9,19,16,6,-1.2,8,-0.4,4,-1.9,11,0.3
S02001188,S02001194,0,0,0,6,0,0,6,6,6,2,-1.4,3,-1.6,1,-1.1,3,1.4
S02001188,S02001197,0,6,0,0,0,6,0,6,6,2,-1.4,3,2.2,1,-1.1,3,-1.9
S02001188,S02001198,0,0,0,5,0,0,5,5,5,2,-1.2,2,-1.5,1,-1,3,1.3
S02001188,S02001199,0,0,0,6,0,0,6,6,6,2,-1.4,3,-1.6,1,-1.1,3,1.4
S02001188,S02001200,4,0,0,0,-4,-4,-4,4,0,1,2.5,2,1.8,1,-0.9,2,-1.5
S02001188,S02001201,0,0,0,7,0,0,7,7,7,2,-1.5,3,-1.7,1,-1.1,4,1.5
S02001189,S02000263,3,0,0,0,-3,-3,-3,3,0,1,2.1,1,1.5,1,-0.7,2,-1.3
S02001189,S02000269,3,0,0,5,-3,-3,2,8,5,2,0.3,3,-0.2,1,-1.2,5,0.2
S02001189,S02000271,0,0,0,3,0,0,3,3,3,1,-1,1,-1.1,1,-0.7,2,1
S02001189,S02000272,3,0,0,0,-3,-3,-3,3,0,1,2.1,1,1.5,1,-0.7,2,-1.3
S02001189,S02000273,0,0,0,4,0,0,4,4,4,1,-1.1,2,-1.3,1,-0.9,2,1.1
S02001189,S02000275,3,0,0,0,-3,-3,-3,3,0,1,2.1,1,1.5,1,-0.7,2,-1.3
S02001189,S02000279,3,0,0,5,-3,-3,2,8,5,2,0.3,3,-0.2,1,-1.2,5,0.2
S02001189,S02000281,6,0,0,0,-6,-6,-6,6,0,2,3,3,2.2,1,-1.1,3,-1.9
S02001189,S02000284,0,3,0,0,0,3,0,3,3,1,-1,1,1.5,1,-0.7,2,-1.3
S02001189,S02000599,0,6,0,0,0,6,0,6,6,2,-1.4,3,2.2,1,-1.1,3,-1.9
S02001189,S02000603,0,0,0,3,0,0,3,3,3,1,-1,1,-1.1,1,-0.7,2,1
S02001189,S02000611,0,0,0,4,0,0,4,4,4,1,-1.1,2,-1.3,1,-0.9,2,1.1
S02001189,S02000632,0,3,0,0,0,3,0,3,3,1,-1,1,1.5,1,-0.7,2,-1.3
S02001189,S02000633,6,0,0,0,-6,-6,-6,6,0,2,3,3,2.2,1,-1.1,3,-1.9
S02001189,S02000634,6,0,4,3,-2,-6,-3,13,7,4,1,6,0.2,2,1,7,-0.2
S02001189,S02000635,3,0,0,0,-3,-3,-3,3,0,1,2.1,1,1.5,1,-0.7,2,-1.3
S02001189,S02000642,3,0,0,0,-3,-3,-3,3,0,1,2.1,1,1.5,1,-0.7,2,-1.3
S02001189,S02000651,0,0,5,0,5,0,0,5,5,2,-1.2,2,-1.5,1,4.2,3,1.3
S02001189,S02000655,18,0,57,15,39,-18,-3,90,72,28,-1.9,38,-3.3,17,9.9,52,2.8
S02001189,S02000656,3,11,0,0,-3,8,-3,14,11,4,-0.7,6,3.3,3,-1.6,8,-2.8
S02001189,S02000658,14,5,8,26,-6,-9,12,53,39,17,-0.6,23,-0.7,10,-0.6,30,0.6
S02001189,S02000660,6,8,0,5,-6,2,-1,19,13,6,0,8,2.1,4,-1.9,11,-1.8
S02001189,S02000661,13,0,11,6,-2,-13,-7,30,17,9,1.2,13,0.1,6,2.3,17,-0.1
S02001189,S02000664,11,0,0,5,-11,-11,-6,16,5,5,2.7,7,1.6,3,-1.7,9,-1.4
S02001189,S02000665,0,5,8,0,8,5,0,13,13,4,-2,6,-0.2,2,3.6,7,0.2
S02001189,S02000668,3,0,0,0,-3,-3,-3,3,0,1,2.1,1,1.5,1,-0.7,2,-1.3
S02001189,S02000669,0,0,4,0,4,0,0,4,4,1,-1.1,2,-1.3,1,3.8,2,1.1
S02001189,S02000672,0,0,4,24,4,0,24,28,28,9,-3,12,-3.5,5,-0.5,16,3
S02001189,S02000673,0,0,0,4,0,0,4,4,4,1,-1.1,2,-1.3,1,-0.9,2,1.1
S02001189,S02000681,0,0,0,3,0,0,3,3,3,1,-1,1,-1.1,1,-0.7,2,1
S02001189,S02000684,9,26,5,5,-4,17,-4,45,36,14,-1.3,19,3.6,8,-1.2,26,-3.1
S02001189,S02000685,3,0,0,3,-3,-3,0,6,3,2,0.8,3,0.3,1,-1.1,3,-0.2
S02001189,S02000689,29,0,0,6,-29,-29,-23,35,6,11,5.5,15,3.7,6,-2.5,20,-3.1
S02001189,S02000691,5,0,0,0,-5,-5,-5,5,0,2,2.8,2,2,1,-1,3,-1.7
S02001189,S02000693,3,0,0,0,-3,-3,-3,3,0,1,2.1,1,1.5,1,-0.7,2,-1.3
S02001189,S02000696,0,4,0,4,0,4,4,8,8,2,-1.6,3,0.3,1,-1.2,5,-0.3
S02001189,S02000702,0,0,0,3,0,0,3,3,3,1,-1,1,-1.1,1,-0.7,2,1
S02001189,S02000705,4,0,0,0,-4,-4,-4,4,0,1,2.5,2,1.8,1,-0.9,2,-1.5
S02001189,S02000706,3,0,0,0,-3,-3,-3,3,0,1,2.1,1,1.5,1,-0.7,2,-1.3
S02001189,S02000707,3,0,0,0,-3,-3,-3,3,0,1,2.1,1,1.5,1,-0.7,2,-1.3
S02001189,S02000710,0,0,3,0,3,0,0,3,3,1,-1,1,-1.1,1,3.3,2,1
S02001189,S02000711,0,0,0,6,0,0,6,6,6,2,-1.4,3,-1.6,1,-1.1,3,1.4
S02001189,S02000712,7,5,4,5,-3,-2,-2,21,14,7,0.2,9,1,4,0.1,12,-0.9
S02001189,S02000715,0,0,0,3,0,0,3,3,3,1,-1,1,-1.1,1,-0.7,2,1
S02001189,S02000716,11,0,0,0,-11,-11,-11,11,0,3,4.1,5,2.9,2,-1.4,6,-2.5
S02001189,S02001000,3,0,0,0,-3,-3,-3,3,0,1,2.1,1,1.5,1,-0.7,2,-1.3
S02001189,S02001010,8,0,0,0,-8,-8,-8,8,0,2,3.5,3,2.5,1,-1.2,5,-2.1
S02001189,S02001013,0,0,4,4,4,0,4,8,8,2,-1.6,3,-1.8,1,2.1,5,1.6
S02001189,S02001015,5,11,3,0,-2,6,-5,19,14,6,-0.4,8,2.8,4,-0.3,11,-2.4
S02001189,S02001184,3,0,0,7,-3,-3,4,10,7,3,-0.1,4,-0.6,2,-1.4,6,0.5
S02001189,S02001185,77,32,33,81,-44,-45,4,223,146,69,0.9,95,1.5,41,-1.3,128,-1.3
S02001189,S02001186,7,0,3,10,-4,-7,3,20,13,6,0.3,9,-0.5,4,-0.4,11,0.4
S02001189,S02001187,17,0,0,24,-17,-17,7,41,24,13,1.2,17,-0.1,8,-2.8,24,0.1
S02001189,S02001188,6,0,0,12,-6,-6,6,18,12,6,0.2,8,-0.6,3,-1.8,10,0.5
S02001189,S02001189,14,3,5,21,-9,-11,7,43,29,13,0.2,18,-0.3,8,-1,25,0.3
S02001189,S02001191,5,0,0,5,-5,-5,0,10,5,3,1.1,4,0.4,2,-1.4,6,-0.3
S02001189,S02001192,14,9,0,11,-14,-5,-3,34,20,11,1,14,2.2,6,-2.5,20,-1.9
S02001189,S02001193,12,0,3,13,-9,-12,1,28,16,9,1.1,12,0,5,-1,16,0
S02001189,S02001194,5,0,0,4,-5,-5,-1,9,4,3,1.3,4,0.6,2,-1.3,5,-0.5
S02001189,S02001195,0,0,0,5,0,0,5,5,5,2,-1.2,2,-1.5,1,-1,3,1.3
S02001189,S02001196,3,0,0,4,-3,-3,1,7,4,2,0.6,3,0,1,-1.1,4,0
S02001189,S02001197,4,6,0,0,-4,2,-4,10,6,3,0.5,4,2.8,2,-1.4,6,-2.4
S02001189,S02001199,0,0,0,5,0,0,5,5,5,2,-1.2,2,-1.5,1,-1,3,1.3
S02001190,S02000264,4,0,0,0,-4,-4,-4,4,0,1,2.5,2,1.8,1,-0.9,2,-1.5
S02001190,S02000271,3,0,0,0,-3,-3,-3,3,0,1,2.1,1,1.5,1,-0.7,2,-1.3
S02001190,S02000272,3,0,0,4,-3,-3,1,7,4,2,0.6,3,0,1,-1.1,4,0
S02001190,S02000276,0,0,0,4,0,0,4,4,4,1,-1.1,2,-1.3,1,-0.9,2,1.1
S02001190,S02000279,0,0,4,7,4,0,7,11,11,3,-1.9,5,-2.2,2,1.4,6,1.9
S02001190,S02000281,3,0,0,0,-3,-3,-3,3,0,1,2.1,1,1.5,1,-0.7,2,-1.3
S02001190,S02000285,0,0,0,4,0,0,4,4,4,1,-1.1,2,-1.3,1,-0.9,2,1.1
S02001190,S02000586,0,3,0,0,0,3,0,3,3,1,-1,1,1.5,1,-0.7,2,-1.3
S02001190,S02000597,3,0,0,0,-3,-3,-3,3,0,1,2.1,1,1.5,1,-0.7,2,-1.3
S02001190,S02000607,5,0,0,0,-5,-5,-5,5,0,2,2.8,2,2,1,-1,3,-1.7
S02001190,S02000611,0,3,0,4,0,3,4,7,7,2,-1.5,3,0,1,-1.1,4,0
S02001190,S02000628,3,0,0,0,-3,-3,-3,3,0,1,2.1,1,1.5,1,-0.7,2,-1.3
S02001190,S02000631,0,3,0,0,0,3,0,3,3,1,-1,1,1.5,1,-0.7,2,-1.3
S02001190,S02000633,5,3,3,6,-2,-2,1,17,12,5,-0.1,7,0.3,3,-0.1,10,-0.2
S02001190,S02000634,5,0,0,0,-5,-5,-5,5,0,2,2.8,2,2,1,-1,3,-1.7
S02001190,S02000635,0,0,0,4,0,0,4,4,4,1,-1.1,2,-1.3,1,-0.9,2,1.1
S02001190,S02000642,0,0,4,0,4,0,0,4,4,1,-1.1,2,-1.3,1,3.8,2,1.1
S02001190,S02000644,0,0,6,0,6,0,0,6,6,2,-1.4,3,-1.6,1,4.6,3,1.4
S02001190,S02000649,0,0,0,3,0,0,3,3,3,1,-1,1,-1.1,1,-0.7,2,1
S02001190,S02000651,3,0,7,3,4,-3,0,13,10,4,-0.5,6,-1.1,2,3,7,0.9
S02001190,S02000655,43,12,120,34,77,-31,-9,209,166,65,-2.7,89,-3.6,39,13.1,120,3.1
S02001190,S02000656,4,24,3,3,-1,20,-1,34,30,11,-2,14,3.6,6,-1.3,20,-3.1
S02001190,S02000658,29,4,13,39,-16,-25,10,85,56,26,0.5,36,-0.5,16,-0.7,49,0.5
S02001190,S02000660,18,0,5,0,-13,-18,-18,23,5,7,4,10,2.6,4,0.4,13,-2.3
S02001190,S02000661,16,0,10,4,-6,-16,-12,30,14,9,2.2,13,0.9,6,1.9,17,-0.8
S02001190,S02000664,19,0,0,0,-19,-19,-19,19,0,6,5.4,8,3.8,4,-1.9,11,-3.3
S02001190,S02000665,0,3,0,0,0,3,0,3,3,1,-1,1,1.5,1,-0.7,2,-1.3
S02001190,S02000668,3,0,0,6,-3,-3,3,9,6,3,0.1,4,-0.4,2,-1.3,5,0.4
S02001190,S02000669,0,0,4,5,4,0,5,9,9,3,-1.7,4,-2,2,1.8,5,1.7
S02001190,S02000670,3,3,0,0,-3,0,-3,6,3,2,0.8,3,2.2,1,-1.1,3,-1.9
S02001190,S02000671,0,0,0,4,0,0,4,4,4,1,-1.1,2,-1.3,1,-0.9,2,1.1
S02001190,S02000672,0,0,0,28,0,0,28,28,28,9,-3,12,-3.5,5,-2.3,16,3
S02001190,S02000673,0,0,0,4,0,0,4,4,4,1,-1.1,2,-1.3,1,-0.9,2,1.1
S02001190,S02000674,0,0,0,3,0,0,3,3,3,1,-1,1,-1.1,1,-0.7,2,1
S02001190,S02000676,6,4,0,0,-6,-2,-6,10,4,3,1.6,4,2.8,2,-1.4,6,-2.4
S02001190,S02000677,0,0,0,3,0,0,3,3,3,1,-1,1,-1.1,1,-0.7,2,1
S02001190,S02000679,0,0,0,4,0,0,4,4,4,1,-1.1,2,-1.3,1,-0.9,2,1.1
S02001190,S02000681,0,0,0,6,0,0,6,6,6,2,-1.4,3,-1.6,1,-1.1,3,1.4
S02001190,S02000684,13,45,0,7,-13,32,-6,65,52,20,-1.6,28,5.8,12,-3.5,37,-5
S02001190,S02000685,0,0,3,0,3,0,0,3,3,1,-1,1,-1.1,1,3.3,2,1
S02001190,S02000689,45,0,0,11,-45,-45,-34,56,11,17,6.6,24,4.3,10,-3.2,32,-3.7
S02001190,S02000691,4,0,0,0,-4,-4,-4,4,0,1,2.5,2,1.8,1,-0.9,2,-1.5
S02001190,S02000696,5,6,0,0,-5,1,-5,11,6,3,0.9,5,2.9,2,-1.4,6,-2.5
S02001190,S02000699,4,0,0,0,-4,-4,-4,4,0,1,2.5,2,1.8,1,-0.9,2,-1.5
S02001190,S02000702,5,0,0,4,-5,-5,-1,9,4,3,1.3,4,0.6,2,-1.3,5,-0.5
S02001190,S02000705,0,0,0,5,0,0,5,5,5,2,-1.2,2,-1.5,1,-1,3,1.3
S02001190,S02000707,7,0,0,0,-7,-7,-7,7,0,2,3.3,3,2.3,1,-1.1,4,-2
S02001190,S02000710,3,0,0,4,-3,-3,1,7,4,2,0.6,3,0,1,-1.1,4,0
S02001190,S02000711,0,0,0,3,0,0,3,3,3,1,-1,1,-1.1,1,-0.7,2,1
S02001190,S02000712,3,11,0,5,-3,8,2,19,16,6,-1.2,8,2.1,4,-1.9,11,-1.8
S02001190,S02000716,17,0,0,4,-17,-17,-13,21,4,7,4.1,9,2.7,4,-2,12,-2.3
S02001190,S02000781,3,0,7,0,4,-3,-3,10,7,3,-0.1,4,-0.6,2,3.8,6,0.5
S02001190,S02000993,6,0,0,0,-6,-6,-6,6,0,2,3,3,2.2,1,-1.1,3,-1.9
S02001190,S02000999,3,0,3,6,0,-3,3,12,9,4,-0.4,5,-0.9,2,0.5,7,0.8
S02001190,S02001000,5,0,3,4,-2,-5,-1,12,7,4,0.7,5,0,2,0.5,7,0
S02001190,S02001010,11,6,8,5,-3,-5,-6,30,19,9,0.5,13,1.2,6,1,17,-1
S02001190,S02001013,0,5,3,12,3,5,12,20,20,6,-2.5,9,-1.2,4,-0.4,11,1
S02001190,S02001014,3,4,4,0,1,1,-3,11,8,3,-0.2,5,1.1,2,1.4,6,-0.9
S02001190,S02001015,11,15,9,8,-2,4,-3,43,32,13,-0.7,18,1.8,8,0.4,25,-1.6
S02001190,S02001016,6,0,0,0,-6,-6,-6,6,0,2,3,3,2.2,1,-1.1,3,-1.9
S02001190,S02001184,12,0,6,11,-6,-12,-1,29,17,9,1,12,-0.1,5,0.3,17,0.1
S02001190,S02001185,149,54,69,110,-80,-95,-39,382,233,119,2.8,162,3.2,71,-0.2,220,-2.7
S02001190,S02001186,11,0,0,21,-11,-11,10,32,21,10,0.3,14,-0.7,6,-2.4,18,0.6
S02001190,S02001187,18,3,5,16,-13,-15,-2,42,24,13,1.4,18,0.7,8,-1,24,-0.6
S02001190,S02001188,14,4,6,19,-8,-10,5,43,29,13,0.2,18,-0.1,8,-0.7,25,0.1
S02001190,S02001189,8,0,0,9,-8,-8,1,17,9,5,1.2,7,0.3,3,-1.8,10,-0.2
S02001190,S02001190,16,10,4,24,-12,-6,8,54,38,17,-0.2,23,0.6,10,-1.9,31,-0.5
S02001190,S02001191,0,0,0,10,0,0,10,10,10,3,-1.8,4,-2.1,2,-1.4,6,1.8
S02001190,S02001192,37,17,8,32,-29,-20,-5,94,57,29,1.4,40,2.2,17,-2.3,54,-1.9
S02001190,S02001193,7,0,0,0,-7,-7,-7,7,0,2,3.3,3,2.3,1,-1.1,4,-2
S02001190,S02001194,13,5,0,7,-13,-8,-6,25,12,8,1.9,11,2.3,5,-2.2,14,-1.9
S02001190,S02001195,11,0,0,8,-11,-11,-3,19,8,6,2.1,8,1,4,-1.9,11,-0.9
S02001190,S02001197,3,12,0,5,-3,9,2,20,17,6,-1.3,9,2.2,4,-1.9,11,-1.9
S02001190,S02001198,4,0,0,8,-4,-4,4,12,8,4,0.1,5,-0.5,2,-1.5,7,0.4
S02001190,S02001199,8,0,0,0,-8,-8,-8,8,0,2,3.5,3,2.5,1,-1.2,5,-2.1
S02001190,S02001200,8,0,0,0,-8,-8,-8,8,0,2,3.5,3,2.5,1,-1.2,5,-2.1
S02001190,S02001201,5,0,0,3,-5,-5,-2,8,3,2,1.6,3,0.9,1,-1.2,5,-0.7
S02001191,S02000263,4,0,0,0,-4,-4,-4,4,0,1,2.5,2,1.8,1,-0.9,2,-1.5
S02001191,S02000269,8,0,0,7,-8,-8,-1,15,7,5,1.5,6,0.6,3,-1.7,9,-0.6
S02001191,S02000270,0,0,5,0,5,0,0,5,5,2,-1.2,2,-1.5,1,4.2,3,1.3
S02001191,S02000271,0,0,0,3,0,0,3,3,3,1,-1,1,-1.1,1,-0.7,2,1
S02001191,S02000272,0,0,0,7,0,0,7,7,7,2,-1.5,3,-1.7,1,-1.1,4,1.5
S02001191,S02000276,11,0,0,7,-11,-11,-4,18,7,6,2.3,8,1.2,3,-1.8,10,-1
S02001191,S02000279,8,3,0,15,-8,-5,7,26,18,8,0,11,0,5,-2.2,15,0
S02001191,S02000281,0,3,0,0,0,3,0,3,3,1,-1,1,1.5,1,-0.7,2,-1.3
S02001191,S02000282,4,0,0,0,-4,-4,-4,4,0,1,2.5,2,1.8,1,-0.9,2,-1.5
S02001191,S02000603,0,0,0,3,0,0,3,3,3,1,-1,1,-1.1,1,-0.7,2,1
S02001191,S02000611,0,3,0,0,0,3,0,3,3,1,-1,1,1.5,1,-0.7,2,-1.3
S02001191,S02000631,0,0,3,4,3,0,4,7,7,2,-1.5,3,-1.7,1,1.5,4,1.5
S02001191,S02000634,9,0,3,5,-6,-9,-4,17,8,5,1.6,7,0.7,3,-0.1,10,-0.6
S02001191,S02000644,0,3,0,3,0,3,3,6,6,2,-1.4,3,0.3,1,-1.1,3,-0.2
S02001191,S02000651,4,0,5,5,1,-4,1,14,10,4,-0.2,6,-0.8,3,1.5,8,0.7
S02001191,S02000655,28,0,75,25,47,-28,-3,128,100,40,-1.9,54,-3.6,24,10.5,74,3.1
S02001191,S02000656,4,14,0,0,-4,10,-4,18,14,6,-0.7,8,3.7,3,-1.8,10,-3.2
S02001191,S02000658,14,0,5,29,-9,-14,15,48,34,15,-0.2,20,-1.4,9,-1.3,28,1.2
S02001191,S02000660,12,0,5,0,-7,-12,-12,17,5,5,2.9,7,1.8,3,1,10,-1.5
S02001191,S02000661,14,0,6,12,-8,-14,-2,32,18,10,1.3,14,0.1,6,0,18,-0.1
S02001191,S02000664,19,0,0,7,-19,-19,-12,26,7,8,3.8,11,2.4,5,-2.2,15,-2.1
S02001191,S02000665,0,0,7,6,7,0,6,13,13,4,-2,6,-2.4,2,3,7,2
S02001191,S02000668,0,3,0,0,0,3,0,3,3,1,-1,1,1.5,1,-0.7,2,-1.3
S02001191,S02000669,0,0,3,3,3,0,3,6,6,2,-1.4,3,-1.6,1,1.8,3,1.4
S02001191,S02000670,0,4,0,0,0,4,0,4,4,1,-1.1,2,1.8,1,-0.9,2,-1.5
S02001191,S02000672,0,0,3,15,3,0,15,18,18,6,-2.4,8,-2.8,3,-0.2,10,2.4
S02001191,S02000673,0,0,0,6,0,0,6,6,6,2,-1.4,3,-1.6,1,-1.1,3,1.4
S02001191,S02000675,0,0,3,0,3,0,0,3,3,1,-1,1,-1.1,1,3.3,2,1
S02001191,S02000676,4,4,0,0,-4,0,-4,8,4,2,1,3,2.5,1,-1.2,5,-2.1
S02001191,S02000679,0,0,0,5,0,0,5,5,5,2,-1.2,2,-1.5,1,-1,3,1.3
S02001191,S02000681,4,0,0,5,-4,-4,1,9,5,3,0.7,4,0.1,2,-1.3,5,-0.1
S02001191,S02000684,4,31,0,10,-4,27,6,45,41,14,-2.7,19,3.6,8,-2.9,26,-3.1
S02001191,S02000685,5,0,0,0,-5,-5,-5,5,0,2,2.8,2,2,1,-1,3,-1.7
S02001191,S02000688,3,0,0,0,-3,-3,-3,3,0,1,2.1,1,1.5,1,-0.7,2,-1.3
S02001191,S02000689,41,0,0,3,-41,-41,-38,44,3,14,7.4,19,5.2,8,-2.9,25,-4.4
S02001191,S02000690,7,0,0,0,-7,-7,-7,7,0,2,3.3,3,2.3,1,-1.1,4,-2
S02001191,S02000696,7,4,0,7,-7,-3,0,18,11,6,0.6,8,1.2,3,-1.8,10,-1
S02001191,S02000699,9,0,0,0,-9,-9,-9,9,0,3,3.7,4,2.6,2,-1.3,5,-2.3
S02001191,S02000701,3,0,0,0,-3,-3,-3,3,0,1,2.1,1,1.5,1,-0.7,2,-1.3
S02001191,S02000702,10,3,0,14,-10,-7,4,27,17,8,0.5,11,0.4,5,-2.2,16,-0.4
S02001191,S02000705,6,5,0,4,-6,-1,-2,15,9,5,0.6,6,1.8,3,-1.7,9,-1.6
S02001191,S02000706,3,0,0,3,-3,-3,0,6,3,2,0.8,3,0.3,1,-1.1,3,-0.2
S02001191,S02000707,0,3,0,0,0,3,0,3,3,1,-1,1,1.5,1,-0.7,2,-1.3
S02001191,S02000709,0,0,0,4,0,0,4,4,4,1,-1.1,2,-1.3,1,-0.9,2,1.1
S02001191,S02000710,0,0,3,3,3,0,3,6,6,2,-1.4,3,-1.6,1,1.8,3,1.4
S02001191,S02000711,0,0,0,8,0,0,8,8,8,2,-1.6,3,-1.8,1,-1.2,5,1.6
S02001191,S02000712,11,8,0,12,-11,-3,1,31,20,10,0.4,13,1.6,6,-2.4,18,-1.4
S02001191,S02000716,8,0,0,5,-8,-8,-3,13,5,4,2,6,1.1,2,-1.6,7,-0.9
S02001191,S02000998,3,0,0,0,-3,-3,-3,3,0,1,2.1,1,1.5,1,-0.7,2,-1.3
S02001191,S02000999,0,0,0,3,0,0,3,3,3,1,-1,1,-1.1,1,-0.7,2,1
S02001191,S02001000,4,0,0,0,-4,-4,-4,4,0,1,2.5,2,1.8,1,-0.9,2,-1.5
S02001191,S02001010,4,0,0,0,-4,-4,-4,4,0,1,2.5,2,1.8,1,-0.9,2,-1.5
S02001191,S02001013,0,7,0,10,0,7,10,17,17,5,-2.3,7,-0.1,3,-1.8,10,0.1
S02001191,S02001015,4,10,4,4,0,6,0,22,18,7,-1.1,9,1.5,4,0,13,-1.3
S02001191,S02001016,3,0,0,0,-3,-3,-3,3,0,1,2.1,1,1.5,1,-0.7,2,-1.3
S02001191,S02001184,4,0,3,7,-1,-4,3,14,10,4,-0.2,6,-0.8,3,0.3,8,0.7
S02001191,S02001185,92,65,55,164,-37,-27,72,376,284,117,-2.3,160,-0.2,70,-1.7,216,0.2
S02001191,S02001186,6,4,4,17,-2,-2,11,31,25,10,-1.2,13,-0.9,6,-0.7,18,0.8
S02001191,S02001187,10,0,4,34,-6,-10,24,48,38,15,-1.3,20,-2.3,9,-1.6,28,2
S02001191,S02001188,10,0,0,10,-10,-10,0,20,10,6,1.5,9,0.5,4,-1.9,11,-0.4
S02001191,S02001189,8,4,0,38,-8,-4,30,50,42,16,-1.9,21,-2,9,-3,29,1.7
S02001191,S02001190,4,0,3,4,-1,-4,0,11,7,3,0.3,5,-0.3,2,0.7,6,0.3
S02001191,S02001191,14,3,11,44,-3,-11,30,72,58,22,-1.8,31,-2.5,13,-0.6,41,2.1
S02001191,S02001192,15,5,0,10,-15,-10,-5,30,15,9,1.9,13,2,6,-2.4,17,-1.7
S02001191,S02001193,13,0,0,8,-13,-13,-5,21,8,7,2.5,9,1.4,4,-2,12,-1.2
S02001191,S02001194,0,3,0,0,0,3,0,3,3,1,-1,1,1.5,1,-0.7,2,-1.3
S02001191,S02001195,0,0,0,4,0,0,4,4,4,1,-1.1,2,-1.3,1,-0.9,2,1.1
S02001191,S02001197,5,4,0,0,-5,-1,-5,9,4,3,1.3,4,2.6,2,-1.3,5,-2.3
S02001191,S02001198,3,0,0,0,-3,-3,-3,3,0,1,2.1,1,1.5,1,-0.7,2,-1.3
S02001191,S02001199,0,3,0,0,0,3,0,3,3,1,-1,1,1.5,1,-0.7,2,-1.3
S02001191,S02001201,5,0,0,0,-5,-5,-5,5,0,2,2.8,2,2,1,-1,3,-1.7
S02001192,S02000264,3,0,3,0,0,-3,-3,6,3,2,0.8,3,0.3,1,1.8,3,-0.2
S02001192,S02000276,0,0,0,5,0,0,5,5,5,2,-1.2,2,-1.5,1,-1,3,1.3
S02001192,S02000281,3,0,0,0,-3,-3,-3,3,0,1,2.1,1,1.5,1,-0.7,2,-1.3
S02001192,S02000599,4,4,0,0,-4,0,-4,8,4,2,1,3,2.5,1,-1.2,5,-2.1
S02001192,S02000615,0,0,0,3,0,0,3,3,3,1,-1,1,-1.1,1,-0.7,2,1
S02001192,S02000625,0,0,0,3,0,0,3,3,3,1,-1,1,-1.1,1,-0.7,2,1
S02001192,S02000628,0,3,0,0,0,3,0,3,3,1,-1,1,1.5,1,-0.7,2,-1.3
S02001192,S02000633,0,0,0,3,0,0,3,3,3,1,-1,1,-1.1,1,-0.7,2,1
S02001192,S02000634,7,0,0,0,-7,-7,-7,7,0,2,3.3,3,2.3,1,-1.1,4,-2
S02001192,S02000635,0,0,0,5,0,0,5,5,5,2,-1.2,2,-1.5,1,-1,3,1.3
S02001192,S02000643,0,3,0,0,0,3,0,3,3,1,-1,1,1.5,1,-0.7,2,-1.3
S02001192,S02000644,0,0,5,0,5,0,0,5,5,2,-1.2,2,-1.5,1,4.2,3,1.3
S02001192,S02000649,0,0,3,0,3,0,0,3,3,1,-1,1,-1.1,1,3.3,2,1
S02001192,S02000651,0,0,4,0,4,0,0,4,4,1,-1.1,2,-1.3,1,3.8,2,1.1
S02001192,S02000655,63,7,119,29,56,-56,-34,218,155,68,-0.6,93,-2.4,40,12.4,125,2
S02001192,S02000656,0,3,4,0,4,3,0,7,7,2,-1.5,3,0,1,2.4,4,0
S02001192,S02000658,26,0,13,67,-13,-26,41,106,80,33,-1.2,45,-2.8,20,-1.5,61,2.4
S02001192,S02000660,10,8,0,0,-10,-2,-10,18,8,6,1.9,8,3.7,3,-1.8,10,-3.2
S02001192,S02000661,7,0,11,3,4,-7,-4,21,14,7,0.2,9,-0.6,4,3.6,12,0.6
S02001192,S02000664,10,0,0,3,-10,-10,-7,13,3,4,3,6,1.9,2,-1.6,7,-1.6
S02001192,S02000665,0,0,6,0,6,0,0,6,6,2,-1.4,3,-1.6,1,4.6,3,1.4
S02001192,S02000668,0,0,0,6,0,0,6,6,6,2,-1.4,3,-1.6,1,-1.1,3,1.4
S02001192,S02000669,0,0,0,3,0,0,3,3,3,1,-1,1,-1.1,1,-0.7,2,1
S02001192,S02000670,3,0,0,0,-3,-3,-3,3,0,1,2.1,1,1.5,1,-0.7,2,-1.3
S02001192,S02000672,0,0,0,16,0,0,16,16,16,5,-2.2,7,-2.6,3,-1.7,9,2.2
S02001192,S02000675,0,0,0,3,0,0,3,3,3,1,-1,1,-1.1,1,-0.7,2,1
S02001192,S02000676,0,0,3,0,3,0,0,3,3,1,-1,1,-1.1,1,3.3,2,1
S02001192,S02000681,0,3,0,3,0,3,3,6,6,2,-1.4,3,0.3,1,-1.1,3,-0.2
S02001192,S02000684,0,31,4,5,4,31,5,40,40,12,-3.5,17,3.4,7,-1.2,23,-2.9
S02001192,S02000688,0,0,0,3,0,0,3,3,3,1,-1,1,-1.1,1,-0.7,2,1
S02001192,S02000689,23,0,3,8,-20,-23,-15,34,11,11,3.8,14,2.2,6,-1.3,20,-1.9
S02001192,S02000691,3,0,0,0,-3,-3,-3,3,0,1,2.1,1,1.5,1,-0.7,2,-1.3
S02001192,S02000696,7,0,0,0,-7,-7,-7,7,0,2,3.3,3,2.3,1,-1.1,4,-2
S02001192,S02000701,4,0,0,0,-4,-4,-4,4,0,1,2.5,2,1.8,1,-0.9,2,-1.5
S02001192,S02000702,0,0,0,3,0,0,3,3,3,1,-1,1,-1.1,1,-0.7,2,1
S02001192,S02000705,0,4,0,5,0,4,5,9,9,3,-1.7,4,0.1,2,-1.3,5,-0.1
S02001192,S02000707,4,0,0,0,-4,-4,-4,4,0,1,2.5,2,1.8,1,-0.9,2,-1.5
S02001192,S02000710,0,0,5,0,5,0,0,5,5,2,-1.2,2,-1.5,1,4.2,3,1.3
S02001192,S02000712,5,4,0,0,-5,-1,-5,9,4,3,1.3,4,2.6,2,-1.3,5,-2.3
S02001192,S02000713,0,0,0,3,0,0,3,3,3,1,-1,1,-1.1,1,-0.7,2,1
S02001192,S02000716,3,0,0,0,-3,-3,-3,3,0,1,2.1,1,1.5,1,-0.7,2,-1.3
S02001192,S02000772,3,0,0,0,-3,-3,-3,3,0,1,2.1,1,1.5,1,-0.7,2,-1.3
S02001192,S02000781,4,0,0,3,-4,-4,-1,7,3,2,1.2,3,0.6,1,-1.1,4,-0.5
S02001192,S02000993,3,0,0,0,-3,-3,-3,3,0,1,2.1,1,1.5,1,-0.7,2,-1.3
S02001192,S02000998,4,0,0,0,-4,-4,-4,4,0,1,2.5,2,1.8,1,-0.9,2,-1.5
S02001192,S02000999,0,0,0,9,0,0,9,9,9,3,-1.7,4,-2,2,-1.3,5,1.7
S02001192,S02001000,6,0,5,12,-1,-6,6,23,17,7,-0.4,10,-1.2,4,0.4,13,1
S02001192,S02001007,0,4,0,0,0,4,0,4,4,1,-1.1,2,1.8,1,-0.9,2,-1.5
S02001192,S02001010,12,5,5,8,-7,-7,-4,30,18,9,0.9,13,1.2,6,-0.2,17,-1
S02001192,S02001013,0,15,0,3,0,15,3,18,18,6,-2.4,8,2.7,3,-1.8,10,-2.3
S02001192,S02001014,0,4,0,0,0,4,0,4,4,1,-1.1,2,1.8,1,-0.9,2,-1.5
S02001192,S02001015,4,8,6,7,2,4,3,25,21,8,-1.4,11,0.4,5,0.6,14,-0.4
S02001192,S02001016,0,4,0,0,0,4,0,4,4,1,-1.1,2,1.8,1,-0.9,2,-1.5
S02001192,S02001184,5,3,3,3,-2,-2,-2,14,9,4,0.3,6,0.8,3,0.3,8,-0.7
S02001192,S02001185,117,17,48,46,-69,-100,-71,228,111,71,5.5,97,3.8,42,0.9,131,-3.2
S02001192,S02001186,4,0,0,10,-4,-4,6,14,10,4,-0.2,6,-0.8,3,-1.6,8,0.7
S02001192,S02001187,4,0,0,9,-4,-4,5,13,9,4,0,6,-0.7,2,-1.6,7,0.6
S02001192,S02001188,3,0,0,7,-3,-3,4,10,7,3,-0.1,4,-0.6,2,-1.4,6,0.5
S02001192,S02001189,3,0,0,0,-3,-3,-3,3,0,1,2.1,1,1.5,1,-0.7,2,-1.3
S02001192,S02001190,3,5,0,4,-3,2,1,12,9,4,-0.4,5,1.3,2,-1.5,7,-1.1
S02001192,S02001191,4,0,0,4,-4,-4,0,8,4,2,1,3,0.3,1,-1.2,5,-0.3
S02001192,S02001192,151,98,49,206,-102,-53,55,504,353,157,-0.5,214,2.4,93,-4.6,290,-2
S02001192,S02001193,0,0,0,4,0,0,4,4,4,1,-1.1,2,-1.3,1,-0.9,2,1.1
S02001192,S02001194,34,0,3,14,-31,-34,-20,51,17,16,4.5,22,2.6,9,-2.1,29,-2.3
S02001192,S02001195,30,8,3,34,-27,-22,4,75,45,23,1.4,32,1.1,14,-2.9,43,-0.9
S02001192,S02001196,9,0,0,11,-9,-9,2,20,11,6,1.1,9,0.2,4,-1.9,11,-0.1
S02001192,S02001197,14,99,13,16,-1,85,2,142,128,44,-4.5,60,6.8,26,-2.6,82,-5.8
S02001192,S02001198,14,5,3,25,-11,-9,11,47,33,15,-0.2,20,-0.2,9,-1.9,27,0.2
S02001192,S02001199,24,14,4,20,-20,-10,-4,62,38,19,1.1,26,2.3,11,-2.2,36,-1.9
S02001192,S02001200,42,5,0,26,-42,-37,-16,73,31,23,4,31,2.9,14,-3.7,42,-2.5
S02001192,S02001201,8,5,0,17,-8,-3,9,30,22,9,-0.4,13,0.1,6,-2.4,17,-0.1
S02001193,S02000263,0,3,0,0,0,3,0,3,3,1,-1,1,1.5,1,-0.7,2,-1.3
S02001193,S02000264,0,0,0,4,0,0,4,4,4,1,-1.1,2,-1.3,1,-0.9,2,1.1
S02001193,S02000269,0,0,0,11,0,0,11,11,11,3,-1.9,5,-2.2,2,-1.4,6,1.9
S02001193,S02000272,3,0,0,4,-3,-3,1,7,4,2,0.6,3,0,1,-1.1,4,0
S02001193,S02000273,0,0,0,3,0,0,3,3,3,1,-1,1,-1.1,1,-0.7,2,1
S02001193,S02000276,6,0,0,0,-6,-6,-6,6,0,2,3,3,2.2,1,-1.1,3,-1.9
S02001193,S02000279,3,0,0,12,-3,-3,9,15,12,5,-0.8,6,-1.3,3,-1.7,9,1.2
S02001193,S02000281,4,0,0,0,-4,-4,-4,4,0,1,2.5,2,1.8,1,-0.9,2,-1.5
S02001193,S02000284,4,7,0,3,-4,3,-1,14,10,4,-0.2,6,2.1,3,-1.6,8,-1.8
S02001193,S02000597,0,0,3,3,3,0,3,6,6,2,-1.4,3,-1.6,1,1.8,3,1.4
S02001193,S02000599,5,0,0,0,-5,-5,-5,5,0,2,2.8,2,2,1,-1,3,-1.7
S02001193,S02000607,4,0,0,0,-4,-4,-4,4,0,1,2.5,2,1.8,1,-0.9,2,-1.5
S02001193,S02000628,3,0,0,0,-3,-3,-3,3,0,1,2.1,1,1.5,1,-0.7,2,-1.3
S02001193,S02000631,0,0,3,0,3,0,0,3,3,1,-1,1,-1.1,1,3.3,2,1
S02001193,S02000634,5,0,0,0,-5,-5,-5,5,0,2,2.8,2,2,1,-1,3,-1.7
S02001193,S02000644,4,3,3,0,-1,-1,-4,10,6,3,0.5,4,1.3,2,0.8,6,-1.1
S02001193,S02000651,0,4,7,0,7,4,0,11,11,3,-1.9,5,-0.3,2,3.5,6,0.3
S02001193,S02000655,36,9,111,32,75,-27,-4,188,152,59,-2.9,80,-3.9,35,12.9,108,3.4
S02001193,S02000656,3,28,0,0,-3,25,-3,31,28,10,-2.1,13,4.9,6,-2.4,18,-4.2
S02001193,S02000658,27,3,9,34,-18,-24,7,73,46,23,0.9,31,-0.2,14,-1.2,42,0.2
S02001193,S02000660,15,0,0,0,-15,-15,-15,15,0,5,4.8,6,3.4,3,-1.7,9,-2.9
S02001193,S02000661,14,0,4,4,-10,-14,-10,22,8,7,2.7,9,1.5,4,0,13,-1.3
S02001193,S02000664,8,0,0,7,-8,-8,-1,15,7,5,1.5,6,0.6,3,-1.7,9,-0.6
S02001193,S02000665,0,0,0,6,0,0,6,6,6,2,-1.4,3,-1.6,1,-1.1,3,1.4
S02001193,S02000668,0,0,3,7,3,0,7,10,10,3,-1.8,4,-2.1,2,0.8,6,1.8
S02001193,S02000669,0,0,3,0,3,0,0,3,3,1,-1,1,-1.1,1,3.3,2,1
S02001193,S02000672,0,0,6,22,6,0,22,28,28,9,-3,12,-3.5,5,0.4,16,3
S02001193,S02000673,4,0,0,3,-4,-4,-1,7,3,2,1.2,3,0.6,1,-1.1,4,-0.5
S02001193,S02000675,4,0,0,3,-4,-4,-1,7,3,2,1.2,3,0.6,1,-1.1,4,-0.5
S02001193,S02000676,0,0,0,3,0,0,3,3,3,1,-1,1,-1.1,1,-0.7,2,1
S02001193,S02000679,0,0,0,3,0,0,3,3,3,1,-1,1,-1.1,1,-0.7,2,1
S02001193,S02000681,0,0,0,6,0,0,6,6,6,2,-1.4,3,-1.6,1,-1.1,3,1.4
S02001193,S02000684,9,37,3,11,-6,28,2,60,51,19,-2.2,26,4.1,11,-2.4,34,-3.5
S02001193,S02000688,3,0,0,0,-3,-3,-3,3,0,1,2.1,1,1.5,1,-0.7,2,-1.3
S02001193,S02000689,33,0,0,9,-33,-33,-24,42,9,13,5.5,18,3.6,8,-2.8,24,-3.1
S02001193,S02000691,4,0,0,0,-4,-4,-4,4,0,1,2.5,2,1.8,1,-0.9,2,-1.5
S02001193,S02000696,6,0,0,0,-6,-6,-6,6,0,2,3,3,2.2,1,-1.1,3,-1.9
S02001193,S02000701,0,3,0,0,0,3,0,3,3,1,-1,1,1.5,1,-0.7,2,-1.3
S02001193,S02000702,3,0,0,0,-3,-3,-3,3,0,1,2.1,1,1.5,1,-0.7,2,-1.3
S02001193,S02000703,0,0,0,3,0,0,3,3,3,1,-1,1,-1.1,1,-0.7,2,1
S02001193,S02000705,8,0,0,6,-8,-8,-2,14,6,4,1.7,6,0.8,3,-1.6,8,-0.7
S02001193,S02000707,0,0,0,4,0,0,4,4,4,1,-1.1,2,-1.3,1,-0.9,2,1.1
S02001193,S02000710,0,0,3,3,3,0,3,6,6,2,-1.4,3,-1.6,1,1.8,3,1.4
S02001193,S02000711,0,3,0,8,0,3,8,11,11,3,-1.9,5,-0.8,2,-1.4,6,0.7
S02001193,S02000712,9,9,0,5,-9,0,-4,23,14,7,0.7,10,2.6,4,-2.1,13,-2.3
S02001193,S02000713,0,0,0,3,0,0,3,3,3,1,-1,1,-1.1,1,-0.7,2,1
S02001193,S02000715,0,0,0,6,0,0,6,6,6,2,-1.4,3,-1.6,1,-1.1,3,1.4
S02001193,S02000716,7,0,0,0,-7,-7,-7,7,0,2,3.3,3,2.3,1,-1.1,4,-2
S02001193,S02000781,0,0,3,4,3,0,4,7,7,2,-1.5,3,-1.7,1,1.5,4,1.5
S02001193,S02000784,0,0,0,3,0,0,3,3,3,1,-1,1,-1.1,1,-0.7,2,1
S02001193,S02000999,0,3,0,0,0,3,0,3,3,1,-1,1,1.5,1,-0.7,2,-1.3
S02001193,S02001000,3,0,0,7,-3,-3,4,10,7,3,-0.1,4,-0.6,2,-1.4,6,0.5
S02001193,S02001010,11,3,4,0,-7,-8,-11,18,7,6,2.3,8,2.3,3,0.4,10,-2
S02001193,S02001013,0,0,0,6,0,0,6,6,6,2,-1.4,3,-1.6,1,-1.1,3,1.4
S02001193,S02001014,0,0,0,3,0,0,3,3,3,1,-1,1,-1.1,1,-0.7,2,1
S02001193,S02001015,0,19,5,0,5,19,0,24,24,7,-2.7,10,2.8,4,0.3,14,-2.4
S02001193,S02001184,7,5,0,5,-7,-2,-2,17,10,5,0.7,7,1.8,3,-1.8,10,-1.5
S02001193,S02001185,89,45,42,106,-47,-44,17,282,193,88,0.1,120,1.3,52,-1.4,162,-1.1
S02001193,S02001186,5,0,0,17,-5,-5,12,22,17,7,-0.7,9,-1.4,4,-2,13,1.2
S02001193,S02001187,14,0,0,23,-14,-14,9,37,23,12,0.7,16,-0.4,7,-2.6,21,0.4
S02001193,S02001188,13,0,0,13,-13,-13,0,26,13,8,1.7,11,0.6,5,-2.2,15,-0.5
S02001193,S02001189,10,4,3,28,-7,-6,18,45,35,14,-1.1,19,-1.2,8,-1.8,26,1
S02001193,S02001190,0,0,0,5,0,0,5,5,5,2,-1.2,2,-1.5,1,-1,3,1.3
S02001193,S02001191,6,0,0,11,-6,-6,5,17,11,5,0.3,7,-0.5,3,-1.8,10,0.4
S02001193,S02001192,18,5,4,18,-14,-13,0,45,27,14,1.1,19,0.9,8,-1.5,26,-0.8
S02001193,S02001193,19,8,0,34,-19,-11,15,61,42,19,0,26,0.2,11,-3.4,35,-0.2
S02001193,S02001194,5,0,0,6,-5,-5,1,11,6,3,0.9,5,0.1,2,-1.4,6,-0.1
S02001193,S02001195,4,3,0,7,-4,-1,3,14,10,4,-0.2,6,0.4,3,-1.6,8,-0.4
S02001193,S02001197,4,5,0,0,-4,1,-4,9,5,3,0.7,4,2.6,2,-1.3,5,-2.3
S02001193,S02001200,9,0,0,3,-9,-9,-6,12,3,4,2.7,5,1.7,2,-1.5,7,-1.5
S02001193,S02001201,0,0,0,3,0,0,3,3,3,1,-1,1,-1.1,1,-0.7,2,1
S02001194,S02000269,0,0,0,3,0,0,3,3,3,1,-1,1,-1.1,1,-0.7,2,1
S02001194,S02000276,0,0,0,3,0,0,3,3,3,1,-1,1,-1.1,1,-0.7,2,1
S02001194,S02000599,3,0,0,0,-3,-3,-3,3,0,1,2.1,1,1.5,1,-0.7,2,-1.3
S02001194,S02000628,5,0,0,0,-5,-5,-5,5,0,2,2.8,2,2,1,-1,3,-1.7
S02001194,S02000631,3,0,0,0,-3,-3,-3,3,0,1,2.1,1,1.5,1,-0.7,2,-1.3
S02001194,S02000633,0,0,0,3,0,0,3,3,3,1,-1,1,-1.1,1,-0.7,2,1
S02001194,S02000634,5,0,4,0,-1,-5,-5,9,4,3,1.3,4,0.6,2,1.8,5,-0.5
S02001194,S02000651,0,0,4,0,4,0,0,4,4,1,-1.1,2,-1.3,1,3.8,2,1.1
S02001194,S02000655,27,0,71,21,44,-27,-6,119,92,37,-1.7,51,-3.3,22,10.4,68,2.9
S02001194,S02000656,0,12,0,0,0,12,0,12,12,4,-1.9,5,3.1,2,-1.5,7,-2.6
S02001194,S02000658,14,0,7,41,-7,-14,27,62,48,19,-1.2,26,-2.4,11,-1.3,36,2.1
S02001194,S02000660,10,0,3,0,-7,-10,-10,13,3,4,3,6,1.9,2,0.4,7,-1.6
S02001194,S02000661,0,0,3,0,3,0,0,3,3,1,-1,1,-1.1,1,3.3,2,1
S02001194,S02000664,5,0,0,3,-5,-5,-2,8,3,2,1.6,3,0.9,1,-1.2,5,-0.7
S02001194,S02000665,3,0,0,3,-3,-3,0,6,3,2,0.8,3,0.3,1,-1.1,3,-0.2
S02001194,S02000672,0,0,0,15,0,0,15,15,15,5,-2.2,6,-2.5,3,-1.7,9,2.2
S02001194,S02000673,0,0,0,3,0,0,3,3,3,1,-1,1,-1.1,1,-0.7,2,1
S02001194,S02000676,0,0,4,0,4,0,0,4,4,1,-1.1,2,-1.3,1,3.8,2,1.1
S02001194,S02000680,0,0,0,3,0,0,3,3,3,1,-1,1,-1.1,1,-0.7,2,1
S02001194,S02000684,5,18,0,3,-5,13,-2,26,21,8,-1.1,11,3.6,5,-2.2,15,-3.1
S02001194,S02000688,4,0,0,0,-4,-4,-4,4,0,1,2.5,2,1.8,1,-0.9,2,-1.5
S02001194,S02000689,15,0,0,6,-15,-15,-9,21,6,7,3.3,9,2,4,-2,12,-1.7
S02001194,S02000691,5,0,0,0,-5,-5,-5,5,0,2,2.8,2,2,1,-1,3,-1.7
S02001194,S02000696,5,3,3,0,-2,-2,-5,11,6,3,0.9,5,1.5,2,0.7,6,-1.3
S02001194,S02000702,0,0,0,3,0,0,3,3,3,1,-1,1,-1.1,1,-0.7,2,1
S02001194,S02000705,0,0,0,5,0,0,5,5,5,2,-1.2,2,-1.5,1,-1,3,1.3
S02001194,S02000712,3,5,0,0,-3,2,-3,8,5,2,0.3,3,2.5,1,-1.2,5,-2.1
S02001194,S02000716,7,0,0,0,-7,-7,-7,7,0,2,3.3,3,2.3,1,-1.1,4,-2
S02001194,S02000781,4,0,0,4,-4,-4,0,8,4,2,1,3,0.3,1,-1.2,5,-0.3
S02001194,S02000993,7,0,0,0,-7,-7,-7,7,0,2,3.3,3,2.3,1,-1.1,4,-2
S02001194,S02000999,3,0,0,3,-3,-3,0,6,3,2,0.8,3,0.3,1,-1.1,3,-0.2
S02001194,S02001000,10,0,0,8,-10,-10,-2,18,8,6,1.9,8,0.8,3,-1.8,10,-0.7
S02001194,S02001010,13,0,4,0,-9,-13,-13,17,4,5,3.3,7,2.1,3,0.5,10,-1.8
S02001194,S02001013,0,3,0,3,0,3,3,6,6,2,-1.4,3,0.3,1,-1.1,3,-0.2
S02001194,S02001015,4,5,6,4,2,1,0,19,15,6,-0.8,8,0.3,4,1.3,11,-0.3
S02001194,S02001184,0,3,3,5,3,3,5,11,11,3,-1.9,5,-0.8,2,0.7,6,0.7
S02001194,S02001185,71,18,20,46,-51,-53,-25,155,84,48,3.3,66,2.8,29,-1.6,89,-2.4
S02001194,S02001186,6,3,0,9,-6,-3,3,18,12,6,0.2,8,0.5,3,-1.8,10,-0.4
S02001194,S02001187,8,0,0,11,-8,-8,3,19,11,6,0.9,8,0,4,-1.9,11,0
S02001194,S02001188,11,0,0,5,-11,-11,-6,16,5,5,2.7,7,1.6,3,-1.7,9,-1.4
S02001194,S02001189,3,4,0,3,-3,1,0,10,7,3,-0.1,4,1.3,2,-1.4,6,-1.1
S02001194,S02001190,7,5,0,8,-7,-2,1,20,13,6,0.3,9,1.2,4,-1.9,11,-1
S02001194,S02001191,3,0,0,3,-3,-3,0,6,3,2,0.8,3,0.3,1,-1.1,3,-0.2
S02001194,S02001192,104,55,28,118,-76,-49,14,305,201,95,0.9,130,2.6,56,-3.8,175,-2.2
S02001194,S02001193,3,0,0,0,-3,-3,-3,3,0,1,2.1,1,1.5,1,-0.7,2,-1.3
S02001194,S02001194,38,10,7,27,-31,-28,-11,82,44,26,2.5,35,2.2,15,-2.1,47,-1.9
S02001194,S02001195,29,4,0,23,-29,-25,-6,56,27,17,2.8,24,1.9,10,-3.2,32,-1.6
S02001194,S02001196,10,3,0,7,-10,-7,-3,20,10,6,1.5,9,1.5,4,-1.9,11,-1.3
S02001194,S02001197,14,49,0,9,-14,35,-5,72,58,22,-1.8,31,5.9,13,-3.6,41,-5
S02001194,S02001198,6,0,0,8,-6,-6,2,14,8,4,0.8,6,0,3,-1.6,8,0
S02001194,S02001199,4,3,0,5,-4,-1,1,12,8,4,0.1,5,0.8,2,-1.5,7,-0.7
S02001194,S02001200,18,0,0,13,-18,-18,-5,31,13,10,2.7,13,1.3,6,-2.4,18,-1.1
S02001194,S02001201,7,4,0,9,-7,-3,2,20,13,6,0.3,9,0.9,4,-1.9,11,-0.7
S02001195,S02000609,0,3,0,0,0,3,0,3,3,1,-1,1,1.5,1,-0.7,2,-1.3
S02001195,S02000634,0,0,3,0,3,0,0,3,3,1,-1,1,-1.1,1,3.3,2,1
S02001195,S02000644,3,0,0,0,-3,-3,-3,3,0,1,2.1,1,1.5,1,-0.7,2,-1.3
S02001195,S02000651,0,0,3,0,3,0,0,3,3,1,-1,1,-1.1,1,3.3,2,1
S02001195,S02000655,28,4,48,20,20,-24,-8,100,72,31,-0.6,43,-1.6,19,6.9,57,1.4
S02001195,S02000656,0,7,3,0,3,7,0,10,10,3,-1.8,4,1.3,2,0.8,6,-1.1
S02001195,S02000658,20,3,8,26,-12,-17,6,57,37,18,0.5,24,-0.3,11,-0.8,33,0.2
S02001195,S02000659,0,0,4,0,4,0,0,4,4,1,-1.1,2,-1.3,1,3.8,2,1.1
S02001195,S02000660,6,6,0,0,-6,0,-6,12,6,4,1.2,5,3.1,2,-1.5,7,-2.6
S02001195,S02000661,10,0,6,0,-4,-10,-10,16,6,5,2.2,7,1.2,3,1.8,9,-1.1
S02001195,S02000664,7,0,0,0,-7,-7,-7,7,0,2,3.3,3,2.3,1,-1.1,4,-2
S02001195,S02000668,0,0,0,3,0,0,3,3,3,1,-1,1,-1.1,1,-0.7,2,1
S02001195,S02000670,0,3,0,0,0,3,0,3,3,1,-1,1,1.5,1,-0.7,2,-1.3
S02001195,S02000672,0,0,0,9,0,0,9,9,9,3,-1.7,4,-2,2,-1.3,5,1.7
S02001195,S02000676,3,0,0,0,-3,-3,-3,3,0,1,2.1,1,1.5,1,-0.7,2,-1.3
S02001195,S02000681,0,0,0,3,0,0,3,3,3,1,-1,1,-1.1,1,-0.7,2,1
S02001195,S02000684,0,4,0,5,0,4,5,9,9,3,-1.7,4,0.1,2,-1.3,5,-0.1
S02001195,S02000689,15,0,0,4,-15,-15,-11,19,4,6,3.7,8,2.4,4,-1.9,11,-2.1
S02001195,S02000695,0,3,0,0,0,3,0,3,3,1,-1,1,1.5,1,-0.7,2,-1.3
S02001195,S02000712,3,3,0,3,-3,0,0,9,6,3,0.1,4,1.1,2,-1.3,5,-1
S02001195,S02000778,0,3,0,0,0,3,0,3,3,1,-1,1,1.5,1,-0.7,2,-1.3
S02001195,S02000781,0,0,4,0,4,0,0,4,4,1,-1.1,2,-1.3,1,3.8,2,1.1
S02001195,S02000784,0,0,0,4,0,0,4,4,4,1,-1.1,2,-1.3,1,-0.9,2,1.1
S02001195,S02000994,3,0,0,0,-3,-3,-3,3,0,1,2.1,1,1.5,1,-0.7,2,-1.3
S02001195,S02001000,4,0,0,4,-4,-4,0,8,4,2,1,3,0.3,1,-1.2,5,-0.3
S02001195,S02001007,0,4,0,0,0,4,0,4,4,1,-1.1,2,1.8,1,-0.9,2,-1.5
S02001195,S02001010,11,0,0,9,-11,-11,-2,20,9,6,1.9,9,0.9,4,-1.9,11,-0.7
S02001195,S02001013,4,6,0,3,-4,2,-1,13,9,4,0,6,1.9,2,-1.6,7,-1.6
S02001195,S02001015,4,8,6,7,2,4,3,25,21,8,-1.4,11,0.4,5,0.6,14,-0.4
S02001195,S02001016,4,0,0,0,-4,-4,-4,4,0,1,2.5,2,1.8,1,-0.9,2,-1.5
S02001195,S02001184,3,0,0,0,-3,-3,-3,3,0,1,2.1,1,1.5,1,-0.7,2,-1.3
S02001195,S02001185,75,17,17,37,-58,-58,-38,146,71,45,4.4,62,3.8,27,-1.9,84,-3.3
S02001195,S02001186,14,0,0,7,-14,-14,-7,21,7,7,2.9,9,1.7,4,-2,12,-1.5
S02001195,S02001187,0,0,0,4,0,0,4,4,4,1,-1.1,2,-1.3,1,-0.9,2,1.1
S02001195,S02001188,5,0,0,6,-5,-5,1,11,6,3,0.9,5,0.1,2,-1.4,6,-0.1
S02001195,S02001189,0,0,0,8,0,0,8,8,8,2,-1.6,3,-1.8,1,-1.2,5,1.6
S02001195,S02001190,0,0,0,4,0,0,4,4,4,1,-1.1,2,-1.3,1,-0.9,2,1.1
S02001195,S02001192,120,54,42,177,-78,-66,57,393,273,122,-0.2,167,0.5,73,-3.6,226,-0.5
S02001195,S02001194,11,0,0,10,-11,-11,-1,21,10,7,1.7,9,0.7,4,-2,12,-0.6
S02001195,S02001195,51,17,6,55,-45,-34,4,129,78,40,1.7,55,1.8,24,-3.7,74,-1.5
S02001195,S02001196,7,0,0,9,-7,-7,2,16,9,5,0.9,7,0.1,3,-1.7,9,-0.1
S02001195,S02001197,10,49,8,23,-2,39,13,90,80,28,-3.4,38,3.3,17,-2.1,52,-2.9
S02001195,S02001198,15,0,0,16,-15,-15,1,31,16,10,1.7,13,0.5,6,-2.4,18,-0.4
S02001195,S02001199,16,7,0,19,-16,-9,3,42,26,13,0.8,18,1.2,8,-2.8,24,-1
S02001195,S02001200,31,3,0,22,-31,-28,-9,56,25,17,3.2,24,2.1,10,-3.2,32,-1.8
S02001195,S02001201,0,0,0,11,0,0,11,11,11,3,-1.9,5,-2.2,2,-1.4,6,1.9
S02001196,S02000597,0,0,0,3,0,0,3,3,3,1,-1,1,-1.1,1,-0.7,2,1
S02001196,S02000627,4,0,0,0,-4,-4,-4,4,0,1,2.5,2,1.8,1,-0.9,2,-1.5
S02001196,S02000633,3,0,0,0,-3,-3,-3,3,0,1,2.1,1,1.5,1,-0.7,2,-1.3
S02001196,S02000634,3,0,0,0,-3,-3,-3,3,0,1,2.1,1,1.5,1,-0.7,2,-1.3
S02001196,S02000655,21,6,52,22,31,-15,1,101,80,31,-1.9,43,-2.4,19,7.7,58,2.1
S02001196,S02000656,0,7,0,0,0,7,0,7,7,2,-1.5,3,2.3,1,-1.1,4,-2
S02001196,S02000658,17,0,11,43,-6,-17,26,71,54,22,-1.1,30,-2.4,13,-0.6,41,2.1
S02001196,S02000659,3,0,3,0,0,-3,-3,6,3,2,0.8,3,0.3,1,1.8,3,-0.2
S02001196,S02000660,3,3,0,4,-3,0,1,10,7,3,-0.1,4,0.8,2,-1.4,6,-0.7
S02001196,S02000661,3,0,3,0,0,-3,-3,6,3,2,0.8,3,0.3,1,1.8,3,-0.2
S02001196,S02000669,0,0,5,3,5,0,3,8,8,2,-1.6,3,-1.8,1,2.9,5,1.6
S02001196,S02000672,0,0,0,7,0,0,7,7,7,2,-1.5,3,-1.7,1,-1.1,4,1.5
S02001196,S02000675,0,0,0,3,0,0,3,3,3,1,-1,1,-1.1,1,-0.7,2,1
S02001196,S02000676,4,0,0,0,-4,-4,-4,4,0,1,2.5,2,1.8,1,-0.9,2,-1.5
S02001196,S02000684,0,13,0,0,0,13,0,13,13,4,-2,6,3.2,2,-1.6,7,-2.7
S02001196,S02000689,15,0,0,14,-15,-15,-1,29,14,9,2,12,0.8,5,-2.3,17,-0.7
S02001196,S02000696,5,0,0,3,-5,-5,-2,8,3,2,1.6,3,0.9,1,-1.2,5,-0.7
S02001196,S02000701,3,0,0,0,-3,-3,-3,3,0,1,2.1,1,1.5,1,-0.7,2,-1.3
S02001196,S02000712,0,10,0,0,0,10,0,10,10,3,-1.8,4,2.8,2,-1.4,6,-2.4
S02001196,S02000716,6,0,0,0,-6,-6,-6,6,0,2,3,3,2.2,1,-1.1,3,-1.9
S02001196,S02000781,3,0,0,0,-3,-3,-3,3,0,1,2.1,1,1.5,1,-0.7,2,-1.3
S02001196,S02000784,0,0,0,3,0,0,3,3,3,1,-1,1,-1.1,1,-0.7,2,1
S02001196,S02000993,6,0,0,0,-6,-6,-6,6,0,2,3,3,2.2,1,-1.1,3,-1.9
S02001196,S02000999,0,0,0,3,0,0,3,3,3,1,-1,1,-1.1,1,-0.7,2,1
S02001196,S02001000,5,0,0,10,-5,-5,5,15,10,5,0.2,6,-0.5,3,-1.7,9,0.5
S02001196,S02001010,7,0,0,4,-7,-7,-3,11,4,3,1.9,5,1.1,2,-1.4,6,-0.9
S02001196,S02001013,0,8,0,6,0,8,6,14,14,4,-2.1,6,0.8,3,-1.6,8,-0.7
S02001196,S02001015,5,11,6,6,1,6,1,28,23,9,-1.3,12,1.2,5,0.4,16,-1
S02001196,S02001184,4,4,0,7,-4,0,3,15,11,5,-0.3,6,0.6,3,-1.7,9,-0.6
S02001196,S02001185,71,18,20,48,-51,-53,-23,157,86,49,3.2,67,2.7,29,-1.7,90,-2.3
S02001196,S02001186,3,0,4,7,1,-3,4,14,11,4,-0.7,6,-1.2,3,0.9,8,1
S02001196,S02001187,3,0,0,0,-3,-3,-3,3,0,1,2.1,1,1.5,1,-0.7,2,-1.3
S02001196,S02001188,0,0,0,6,0,0,6,6,6,2,-1.4,3,-1.6,1,-1.1,3,1.4
S02001196,S02001190,5,0,0,0,-5,-5,-5,5,0,2,2.8,2,2,1,-1,3,-1.7
S02001196,S02001191,0,0,0,3,0,0,3,3,3,1,-1,1,-1.1,1,-0.7,2,1
S02001196,S02001192,140,84,43,206,-97,-56,66,473,333,147,-0.6,201,1.6,88,-4.8,272,-1.4
S02001196,S02001193,0,0,0,6,0,0,6,6,6,2,-1.4,3,-1.6,1,-1.1,3,1.4
S02001196,S02001194,16,3,5,19,-11,-13,3,43,27,13,0.7,18,0.2,8,-1,25,-0.1
S02001196,S02001195,22,6,0,20,-22,-16,-2,48,26,15,1.8,20,1.7,9,-3,28,-1.4
S02001196,S02001196,17,4,5,31,-12,-13,14,57,40,18,-0.2,24,-0.7,11,-1.7,33,0.6
S02001196,S02001197,9,58,8,14,-1,49,5,89,80,28,-3.6,38,4.7,16,-2.1,51,-4.1
S02001196,S02001198,9,0,0,12,-9,-9,3,21,12,7,1,9,0,4,-2,12,0
S02001196,S02001199,22,12,6,5,-16,-10,-17,45,23,14,2.1,19,3.4,8,-0.8,26,-2.9
S02001196,S02001200,34,4,3,28,-31,-30,-6,69,35,21,2.7,29,1.6,13,-2.7,40,-1.4
S02001196,S02001201,4,7,0,16,-4,3,12,27,23,8,-1.5,11,-0.1,5,-2.2,16,0.1
S02001197,S02000279,0,0,0,4,0,0,4,4,4,1,-1.1,2,-1.3,1,-0.9,2,1.1
S02001197,S02000597,0,0,0,3,0,0,3,3,3,1,-1,1,-1.1,1,-0.7,2,1
S02001197,S02000633,3,0,0,0,-3,-3,-3,3,0,1,2.1,1,1.5,1,-0.7,2,-1.3
S02001197,S02000634,3,0,0,0,-3,-3,-3,3,0,1,2.1,1,1.5,1,-0.7,2,-1.3
S02001197,S02000636,0,4,0,0,0,4,0,4,4,1,-1.1,2,1.8,1,-0.9,2,-1.5
S02001197,S02000655,17,0,43,22,26,-17,5,82,65,26,-1.7,35,-3,15,7.1,47,2.6
S02001197,S02000656,0,5,0,0,0,5,0,5,5,2,-1.2,2,2,1,-1,3,-1.7
S02001197,S02000658,14,0,4,27,-10,-14,13,45,31,14,0,19,-1.2,8,-1.5,26,1
S02001197,S02000660,9,0,0,0,-9,-9,-9,9,0,3,3.7,4,2.6,2,-1.3,5,-2.3
S02001197,S02000661,3,0,0,0,-3,-3,-3,3,0,1,2.1,1,1.5,1,-0.7,2,-1.3
S02001197,S02000663,0,3,0,0,0,3,0,3,3,1,-1,1,1.5,1,-0.7,2,-1.3
S02001197,S02000664,4,0,0,0,-4,-4,-4,4,0,1,2.5,2,1.8,1,-0.9,2,-1.5
S02001197,S02000665,0,0,4,0,4,0,0,4,4,1,-1.1,2,-1.3,1,3.8,2,1.1
S02001197,S02000668,0,0,0,3,0,0,3,3,3,1,-1,1,-1.1,1,-0.7,2,1
S02001197,S02000669,0,0,4,0,4,0,0,4,4,1,-1.1,2,-1.3,1,3.8,2,1.1
S02001197,S02000670,3,0,0,0,-3,-3,-3,3,0,1,2.1,1,1.5,1,-0.7,2,-1.3
S02001197,S02000672,0,0,0,3,0,0,3,3,3,1,-1,1,-1.1,1,-0.7,2,1
S02001197,S02000675,4,0,0,0,-4,-4,-4,4,0,1,2.5,2,1.8,1,-0.9,2,-1.5
S02001197,S02000676,4,3,0,0,-4,-1,-4,7,3,2,1.2,3,2.3,1,-1.1,4,-2
S02001197,S02000684,3,14,0,0,-3,11,-3,17,14,5,-1,7,3.6,3,-1.8,10,-3.1
S02001197,S02000689,7,0,0,3,-7,-7,-4,10,3,3,2.2,4,1.3,2,-1.4,6,-1.1
S02001197,S02000691,4,0,0,0,-4,-4,-4,4,0,1,2.5,2,1.8,1,-0.9,2,-1.5
S02001197,S02000696,4,0,0,3,-4,-4,-1,7,3,2,1.2,3,0.6,1,-1.1,4,-0.5
S02001197,S02000711,0,0,0,4,0,0,4,4,4,1,-1.1,2,-1.3,1,-0.9,2,1.1
S02001197,S02000781,0,0,3,0,3,0,0,3,3,1,-1,1,-1.1,1,3.3,2,1
S02001197,S02000993,3,0,0,0,-3,-3,-3,3,0,1,2.1,1,1.5,1,-0.7,2,-1.3
S02001197,S02001000,3,0,0,3,-3,-3,0,6,3,2,0.8,3,0.3,1,-1.1,3,-0.2
S02001197,S02001010,8,0,0,0,-8,-8,-8,8,0,2,3.5,3,2.5,1,-1.2,5,-2.1
S02001197,S02001013,4,8,0,3,-4,4,-1,15,11,5,-0.3,6,2.2,3,-1.7,9,-1.9
S02001197,S02001015,0,19,5,3,5,19,3,27,27,8,-2.9,11,2.2,5,0,16,-1.9
S02001197,S02001184,5,0,0,3,-5,-5,-2,8,3,2,1.6,3,0.9,1,-1.2,5,-0.7
S02001197,S02001185,63,26,30,27,-33,-37,-36,146,83,45,2.6,62,3.4,27,0.6,84,-2.9
S02001197,S02001186,6,0,0,3,-6,-6,-3,9,3,3,1.9,4,1.1,2,-1.3,5,-1
S02001197,S02001187,0,0,0,10,0,0,10,10,10,3,-1.8,4,-2.1,2,-1.4,6,1.8
S02001197,S02001188,0,0,0,7,0,0,7,7,7,2,-1.5,3,-1.7,1,-1.1,4,1.5
S02001197,S02001189,0,0,0,3,0,0,3,3,3,1,-1,1,-1.1,1,-0.7,2,1
S02001197,S02001192,87,50,33,159,-54,-37,72,329,242,102,-1.5,140,-0.2,61,-3.6,189,0.2
S02001197,S02001193,3,0,0,0,-3,-3,-3,3,0,1,2.1,1,1.5,1,-0.7,2,-1.3
S02001197,S02001194,3,3,3,9,0,0,6,18,15,6,-1.1,8,-0.6,3,-0.2,10,0.5
S02001197,S02001195,17,4,0,13,-17,-13,-4,34,17,11,2,14,1.7,6,-2.5,20,-1.5
S02001197,S02001196,0,3,0,0,0,3,0,3,3,1,-1,1,1.5,1,-0.7,2,-1.3
S02001197,S02001197,21,52,14,53,-7,31,32,140,119,44,-3.4,60,1.7,26,-2.3,80,-1.5
S02001197,S02001198,27,6,3,34,-24,-21,7,70,43,22,1.1,30,0.6,13,-2.8,40,-0.5
S02001197,S02001199,50,10,13,70,-37,-40,20,143,93,45,0.8,61,-0.1,26,-2.6,82,0.1
S02001197,S02001200,84,9,7,56,-77,-75,-28,156,72,49,5.1,66,3.3,29,-4.1,90,-2.8
S02001197,S02001201,14,8,4,34,-10,-6,20,60,46,19,-1.1,26,-0.7,11,-2.1,34,0.6
S02001198,S02000607,3,0,0,0,-3,-3,-3,3,0,1,2.1,1,1.5,1,-0.7,2,-1.3
S02001198,S02000611,0,3,0,0,0,3,0,3,3,1,-1,1,1.5,1,-0.7,2,-1.3
S02001198,S02000628,0,0,0,3,0,0,3,3,3,1,-1,1,-1.1,1,-0.7,2,1
S02001198,S02000651,0,0,4,0,4,0,0,4,4,1,-1.1,2,-1.3,1,3.8,2,1.1
S02001198,S02000655,24,7,58,16,34,-17,-8,105,81,33,-1.5,45,-2,19,8.8,60,1.8
S02001198,S02000656,0,10,0,0,0,10,0,10,10,3,-1.8,4,2.8,2,-1.4,6,-2.4
S02001198,S02000658,10,0,7,34,-3,-10,24,51,41,16,-1.5,22,-2.5,9,-0.8,29,2.2
S02001198,S02000660,5,9,3,0,-2,4,-5,17,12,5,-0.1,7,2.5,3,-0.1,10,-2.2
S02001198,S02000661,8,0,6,3,-2,-8,-5,17,9,5,1.2,7,0.3,3,1.6,10,-0.2
S02001198,S02000664,5,0,0,0,-5,-5,-5,5,0,2,2.8,2,2,1,-1,3,-1.7
S02001198,S02000672,0,0,0,13,0,0,13,13,13,4,-2,6,-2.4,2,-1.6,7,2
S02001198,S02000673,0,3,0,0,0,3,0,3,3,1,-1,1,1.5,1,-0.7,2,-1.3
S02001198,S02000675,0,0,0,4,0,0,4,4,4,1,-1.1,2,-1.3,1,-0.9,2,1.1
S02001198,S02000684,0,13,0,0,0,13,0,13,13,4,-2,6,3.2,2,-1.6,7,-2.7
S02001198,S02000689,10,0,0,4,-10,-10,-6,14,4,4,2.7,6,1.7,3,-1.6,8,-1.4
S02001198,S02000691,3,0,0,0,-3,-3,-3,3,0,1,2.1,1,1.5,1,-0.7,2,-1.3
S02001198,S02000696,4,0,0,0,-4,-4,-4,4,0,1,2.5,2,1.8,1,-0.9,2,-1.5
S02001198,S02000701,3,0,0,0,-3,-3,-3,3,0,1,2.1,1,1.5,1,-0.7,2,-1.3
S02001198,S02000712,0,5,0,0,0,5,0,5,5,2,-1.2,2,2,1,-1,3,-1.7
S02001198,S02000716,3,0,0,0,-3,-3,-3,3,0,1,2.1,1,1.5,1,-0.7,2,-1.3
S02001198,S02000781,3,0,0,0,-3,-3,-3,3,0,1,2.1,1,1.5,1,-0.7,2,-1.3
S02001198,S02000993,3,0,0,0,-3,-3,-3,3,0,1,2.1,1,1.5,1,-0.7,2,-1.3
S02001198,S02001000,6,0,0,5,-6,-6,-1,11,5,3,1.4,5,0.6,2,-1.4,6,-0.5
S02001198,S02001007,0,5,0,0,0,5,0,5,5,2,-1.2,2,2,1,-1,3,-1.7
S02001198,S02001010,10,5,0,8,-10,-5,-2,23,13,7,1.1,10,1.7,4,-2.1,13,-1.4
S02001198,S02001013,0,5,0,11,0,5,11,16,16,5,-2.2,7,-0.7,3,-1.7,9,0.6
S02001198,S02001014,0,3,0,0,0,3,0,3,3,1,-1,1,1.5,1,-0.7,2,-1.3
S02001198,S02001015,7,9,5,0,-2,2,-7,21,14,7,0.2,9,2.4,4,0.6,12,-2
S02001198,S02001016,5,0,0,0,-5,-5,-5,5,0,2,2.8,2,2,1,-1,3,-1.7
S02001198,S02001184,0,0,0,6,0,0,6,6,6,2,-1.4,3,-1.6,1,-1.1,3,1.4
S02001198,S02001185,65,17,18,39,-47,-48,-26,139,74,43,3.3,59,3,26,-1.5,80,-2.6
S02001198,S02001186,8,0,4,5,-4,-8,-3,17,9,5,1.2,7,0.3,3,0.5,10,-0.2
S02001198,S02001187,3,0,0,0,-3,-3,-3,3,0,1,2.1,1,1.5,1,-0.7,2,-1.3
S02001198,S02001188,3,0,0,6,-3,-3,3,9,6,3,0.1,4,-0.4,2,-1.3,5,0.4
S02001198,S02001189,4,0,0,0,-4,-4,-4,4,0,1,2.5,2,1.8,1,-0.9,2,-1.5
S02001198,S02001190,0,4,0,0,0,4,0,4,4,1,-1.1,2,1.8,1,-0.9,2,-1.5
S02001198,S02001192,89,51,34,100,-55,-38,11,274,185,85,0.4,117,2.2,51,-2.3,157,-1.9
S02001198,S02001193,0,0,0,3,0,0,3,3,3,1,-1,1,-1.1,1,-0.7,2,1
S02001198,S02001194,26,6,0,13,-26,-20,-13,45,19,14,3.2,19,2.9,8,-2.9,26,-2.5
S02001198,S02001195,27,0,5,23,-22,-27,-4,55,28,17,2.4,23,0.7,10,-1.6,32,-0.6
S02001198,S02001196,0,0,0,5,0,0,5,5,5,2,-1.2,2,-1.5,1,-1,3,1.3
S02001198,S02001197,19,73,10,28,-9,54,9,130,111,40,-3.4,55,4.9,24,-2.9,75,-4.2
S02001198,S02001198,34,8,10,51,-24,-26,17,103,69,32,0.3,44,-0.3,19,-2.1,59,0.2
S02001198,S02001199,45,15,9,66,-36,-30,21,135,90,42,0.5,57,0.3,25,-3.2,78,-0.3
S02001198,S02001200,79,10,4,61,-75,-69,-18,154,75,48,4.5,65,2.9,28,-4.6,89,-2.5
S02001198,S02001201,12,5,7,26,-5,-7,14,50,38,16,-0.9,21,-0.9,9,-0.7,29,0.8
S02001199,S02000279,0,3,0,0,0,3,0,3,3,1,-1,1,1.5,1,-0.7,2,-1.3
S02001199,S02000624,0,0,0,3,0,0,3,3,3,1,-1,1,-1.1,1,-0.7,2,1
S02001199,S02000633,3,0,0,0,-3,-3,-3,3,0,1,2.1,1,1.5,1,-0.7,2,-1.3
S02001199,S02000651,0,0,3,0,3,0,0,3,3,1,-1,1,-1.1,1,3.3,2,1
S02001199,S02000655,21,3,46,26,25,-18,5,96,75,30,-1.6,41,-2.6,18,6.7,55,2.3
S02001199,S02000658,14,4,6,25,-8,-10,11,49,35,15,-0.3,21,-0.6,9,-1,28,0.5
S02001199,S02000659,0,4,0,0,0,4,0,4,4,1,-1.1,2,1.8,1,-0.9,2,-1.5
S02001199,S02000660,10,4,0,3,-10,-6,-7,17,7,5,2,7,2.5,3,-1.8,10,-2.2
S02001199,S02000661,5,0,3,0,-2,-5,-5,8,3,2,1.6,3,0.9,1,1.2,5,-0.7
S02001199,S02000664,3,0,0,0,-3,-3,-3,3,0,1,2.1,1,1.5,1,-0.7,2,-1.3
S02001199,S02000665,0,0,5,0,5,0,0,5,5,2,-1.2,2,-1.5,1,4.2,3,1.3
S02001199,S02000672,0,0,0,5,0,0,5,5,5,2,-1.2,2,-1.5,1,-1,3,1.3
S02001199,S02000676,4,0,3,0,-1,-4,-4,7,3,2,1.2,3,0.6,1,1.5,4,-0.5
S02001199,S02000684,3,8,0,0,-3,5,-3,11,8,3,-0.2,5,2.9,2,-1.4,6,-2.5
S02001199,S02000688,3,0,0,0,-3,-3,-3,3,0,1,2.1,1,1.5,1,-0.7,2,-1.3
S02001199,S02000689,11,0,0,8,-11,-11,-3,19,8,6,2.1,8,1,4,-1.9,11,-0.9
S02001199,S02000693,0,0,0,3,0,0,3,3,3,1,-1,1,-1.1,1,-0.7,2,1
S02001199,S02000696,5,0,0,0,-5,-5,-5,5,0,2,2.8,2,2,1,-1,3,-1.7
S02001199,S02000712,0,3,0,0,0,3,0,3,3,1,-1,1,1.5,1,-0.7,2,-1.3
S02001199,S02000784,0,0,0,3,0,0,3,3,3,1,-1,1,-1.1,1,-0.7,2,1
S02001199,S02000988,0,0,0,4,0,0,4,4,4,1,-1.1,2,-1.3,1,-0.9,2,1.1
S02001199,S02000993,7,0,0,0,-7,-7,-7,7,0,2,3.3,3,2.3,1,-1.1,4,-2
S02001199,S02001000,0,0,0,6,0,0,6,6,6,2,-1.4,3,-1.6,1,-1.1,3,1.4
S02001199,S02001007,0,4,0,0,0,4,0,4,4,1,-1.1,2,1.8,1,-0.9,2,-1.5
S02001199,S02001010,7,0,0,0,-7,-7,-7,7,0,2,3.3,3,2.3,1,-1.1,4,-2
S02001199,S02001013,0,7,0,3,0,7,3,10,10,3,-1.8,4,1.3,2,-1.4,6,-1.1
S02001199,S02001015,3,15,5,5,2,12,2,28,25,9,-1.9,12,1.8,5,-0.1,16,-1.5
S02001199,S02001184,3,0,0,0,-3,-3,-3,3,0,1,2.1,1,1.5,1,-0.7,2,-1.3
S02001199,S02001185,63,17,21,30,-42,-46,-33,131,68,41,3.5,56,3.3,24,-0.7,75,-2.8
S02001199,S02001186,0,0,0,4,0,0,4,4,4,1,-1.1,2,-1.3,1,-0.9,2,1.1
S02001199,S02001187,0,0,0,3,0,0,3,3,3,1,-1,1,-1.1,1,-0.7,2,1
S02001199,S02001188,4,0,0,0,-4,-4,-4,4,0,1,2.5,2,1.8,1,-0.9,2,-1.5
S02001199,S02001189,3,0,0,0,-3,-3,-3,3,0,1,2.1,1,1.5,1,-0.7,2,-1.3
S02001199,S02001192,73,42,31,80,-42,-31,7,226,153,70,0.3,96,1.9,42,-1.7,130,-1.7
S02001199,S02001194,19,6,0,14,-19,-13,-5,39,20,12,2,17,2.1,7,-2.7,22,-1.8
S02001199,S02001195,29,0,0,10,-29,-29,-19,39,10,12,4.8,17,3,7,-2.7,22,-2.6
S02001199,S02001196,3,0,0,0,-3,-3,-3,3,0,1,2.1,1,1.5,1,-0.7,2,-1.3
S02001199,S02001197,11,46,0,14,-11,35,3,71,60,22,-2.4,30,4.9,13,-3.6,41,-4.2
S02001199,S02001198,28,5,0,27,-28,-23,-1,60,32,19,2.2,26,1.5,11,-3.3,34,-1.3
S02001199,S02001199,40,21,9,74,-31,-19,34,144,104,45,-0.7,61,0,27,-3.4,83,0
S02001199,S02001200,73,10,0,53,-73,-63,-20,136,63,42,4.7,58,3.3,25,-5,78,-2.8
S02001199,S02001201,6,9,0,32,-6,3,26,47,41,15,-2.3,20,-1.1,9,-2.9,27,1
S02001200,S02000599,3,0,0,0,-3,-3,-3,3,0,1,2.1,1,1.5,1,-0.7,2,-1.3
S02001200,S02000607,3,0,0,0,-3,-3,-3,3,0,1,2.1,1,1.5,1,-0.7,2,-1.3
S02001200,S02000611,0,3,0,0,0,3,0,3,3,1,-1,1,1.5,1,-0.7,2,-1.3
S02001200,S02000631,0,0,0,3,0,0,3,3,3,1,-1,1,-1.1,1,-0.7,2,1
S02001200,S02000633,0,3,0,0,0,3,0,3,3,1,-1,1,1.5,1,-0.7,2,-1.3
S02001200,S02000634,0,0,0,3,0,0,3,3,3,1,-1,1,-1.1,1,-0.7,2,1
S02001200,S02000635,0,0,0,3,0,0,3,3,3,1,-1,1,-1.1,1,-0.7,2,1
S02001200,S02000638,3,0,0,0,-3,-3,-3,3,0,1,2.1,1,1.5,1,-0.7,2,-1.3
S02001200,S02000651,0,0,4,0,4,0,0,4,4,1,-1.1,2,-1.3,1,3.8,2,1.1
S02001200,S02000655,31,10,58,16,27,-21,-15,115,84,36,-0.8,49,-1.1,21,8,66,1
S02001200,S02000656,5,8,0,0,-5,3,-5,13,8,4,0.5,6,3.2,2,-1.6,7,-2.7
S02001200,S02000658,17,0,6,26,-11,-17,9,49,32,15,0.4,21,-0.8,9,-1,28,0.7
S02001200,S02000659,0,0,4,0,4,0,0,4,4,1,-1.1,2,-1.3,1,3.8,2,1.1
S02001200,S02000660,11,0,0,0,-11,-11,-11,11,0,3,4.1,5,2.9,2,-1.4,6,-2.5
S02001200,S02000661,7,0,6,3,-1,-7,-4,16,9,5,0.9,7,0.1,3,1.8,9,-0.1
S02001200,S02000664,3,0,0,0,-3,-3,-3,3,0,1,2.1,1,1.5,1,-0.7,2,-1.3
S02001200,S02000665,0,0,3,0,3,0,0,3,3,1,-1,1,-1.1,1,3.3,2,1
S02001200,S02000669,0,0,3,0,3,0,0,3,3,1,-1,1,-1.1,1,3.3,2,1
S02001200,S02000672,0,0,0,8,0,0,8,8,8,2,-1.6,3,-1.8,1,-1.2,5,1.6
S02001200,S02000684,0,15,0,6,0,15,6,21,21,7,-2.6,9,2,4,-2,12,-1.7
S02001200,S02000688,3,0,0,0,-3,-3,-3,3,0,1,2.1,1,1.5,1,-0.7,2,-1.3
S02001200,S02000689,11,4,0,3,-11,-7,-8,18,7,6,2.3,8,2.7,3,-1.8,10,-2.3
S02001200,S02000692,0,3,0,0,0,3,0,3,3,1,-1,1,1.5,1,-0.7,2,-1.3
S02001200,S02000696,4,3,0,0,-4,-1,-4,7,3,2,1.2,3,2.3,1,-1.1,4,-2
S02001200,S02000701,3,0,0,0,-3,-3,-3,3,0,1,2.1,1,1.5,1,-0.7,2,-1.3
S02001200,S02000702,5,0,0,0,-5,-5,-5,5,0,2,2.8,2,2,1,-1,3,-1.7
S02001200,S02000712,3,5,0,3,-3,2,0,11,8,3,-0.2,5,1.5,2,-1.4,6,-1.3
S02001200,S02000993,10,0,0,0,-10,-10,-10,10,0,3,3.9,4,2.8,2,-1.4,6,-2.4
S02001200,S02000998,3,0,0,0,-3,-3,-3,3,0,1,2.1,1,1.5,1,-0.7,2,-1.3
S02001200,S02001000,4,0,0,3,-4,-4,-1,7,3,2,1.2,3,0.6,1,-1.1,4,-0.5
S02001200,S02001007,0,5,0,0,0,5,0,5,5,2,-1.2,2,2,1,-1,3,-1.7
S02001200,S02001010,8,0,3,4,-5,-8,-4,15,7,5,1.5,6,0.6,3,0.1,9,-0.6
S02001200,S02001015,5,14,3,8,-2,9,3,30,25,9,-1.4,13,1.7,6,-1.1,17,-1.5
S02001200,S02001185,60,18,28,24,-32,-42,-36,130,70,40,3.1,55,3.1,24,0.8,75,-2.6
S02001200,S02001186,3,0,3,4,0,-3,1,10,7,3,-0.1,4,-0.6,2,0.8,6,0.5
S02001200,S02001188,4,0,0,4,-4,-4,0,8,4,2,1,3,0.3,1,-1.2,5,-0.3
S02001200,S02001189,0,0,0,3,0,0,3,3,3,1,-1,1,-1.1,1,-0.7,2,1
S02001200,S02001190,7,0,0,0,-7,-7,-7,7,0,2,3.3,3,2.3,1,-1.1,4,-2
S02001200,S02001191,0,0,0,3,0,0,3,3,3,1,-1,1,-1.1,1,-0.7,2,1
S02001200,S02001192,93,49,30,73,-63,-44,-20,245,152,76,1.9,104,3.7,45,-2.3,141,-3.2
S02001200,S02001193,0,0,0,3,0,0,3,3,3,1,-1,1,-1.1,1,-0.7,2,1
S02001200,S02001194,18,0,0,8,-18,-18,-10,26,8,8,3.5,11,2.1,5,-2.2,15,-1.8
S02001200,S02001195,20,3,0,13,-20,-17,-7,36,16,11,2.6,15,2,7,-2.6,21,-1.7
S02001200,S02001197,16,66,3,29,-13,50,13,114,98,36,-3.3,48,4.8,21,-3.9,66,-4.1
S02001200,S02001198,24,7,12,42,-12,-17,18,85,61,26,-0.5,36,-0.9,16,-0.9,49,0.7
S02001200,S02001199,50,10,12,59,-38,-40,9,131,81,41,1.4,56,0.6,24,-2.5,75,-0.5
S02001200,S02001200,145,11,12,86,-133,-134,-59,254,109,79,7.4,108,4.6,47,-5.1,146,-4
S02001200,S02001201,18,12,9,54,-9,-6,36,93,75,29,-2,40,-1.5,17,-2,53,1.3
S02001201,S02000272,0,0,4,0,4,0,0,4,4,1,-1.1,2,-1.3,1,3.8,2,1.1
S02001201,S02000279,0,0,0,4,0,0,4,4,4,1,-1.1,2,-1.3,1,-0.9,2,1.1
S02001201,S02000602,0,3,0,3,0,3,3,6,6,2,-1.4,3,0.3,1,-1.1,3,-0.2
S02001201,S02000607,4,0,0,0,-4,-4,-4,4,0,1,2.5,2,1.8,1,-0.9,2,-1.5
S02001201,S02000625,0,0,0,6,0,0,6,6,6,2,-1.4,3,-1.6,1,-1.1,3,1.4
S02001201,S02000634,3,0,0,0,-3,-3,-3,3,0,1,2.1,1,1.5,1,-0.7,2,-1.3
S02001201,S02000635,3,0,0,0,-3,-3,-3,3,0,1,2.1,1,1.5,1,-0.7,2,-1.3
S02001201,S02000651,0,0,6,0,6,0,0,6,6,2,-1.4,3,-1.6,1,4.6,3,1.4
S02001201,S02000655,16,6,47,19,31,-10,3,88,72,27,-2.2,37,-2.5,16,7.6,51,2.2
S02001201,S02000656,0,10,3,3,3,10,3,16,16,5,-2.2,7,1.2,3,0,9,-1.1
S02001201,S02000658,15,4,4,26,-11,-11,11,49,34,15,-0.1,21,-0.4,9,-1.7,28,0.3
S02001201,S02000659,0,0,4,0,4,0,0,4,4,1,-1.1,2,-1.3,1,3.8,2,1.1
S02001201,S02000660,5,4,0,0,-5,-1,-5,9,4,3,1.3,4,2.6,2,-1.3,5,-2.3
S02001201,S02000661,9,0,0,0,-9,-9,-9,9,0,3,3.7,4,2.6,2,-1.3,5,-2.3
S02001201,S02000664,3,0,0,0,-3,-3,-3,3,0,1,2.1,1,1.5,1,-0.7,2,-1.3
S02001201,S02000665,0,0,3,0,3,0,0,3,3,1,-1,1,-1.1,1,3.3,2,1
S02001201,S02000668,3,0,0,0,-3,-3,-3,3,0,1,2.1,1,1.5,1,-0.7,2,-1.3
S02001201,S02000669,0,0,3,0,3,0,0,3,3,1,-1,1,-1.1,1,3.3,2,1
S02001201,S02000670,0,4,0,0,0,4,0,4,4,1,-1.1,2,1.8,1,-0.9,2,-1.5
S02001201,S02000672,0,0,0,15,0,0,15,15,15,5,-2.2,6,-2.5,3,-1.7,9,2.2
S02001201,S02000676,0,3,0,0,0,3,0,3,3,1,-1,1,1.5,1,-0.7,2,-1.3
S02001201,S02000684,0,5,0,4,0,5,4,9,9,3,-1.7,4,0.6,2,-1.3,5,-0.5
S02001201,S02000689,17,0,0,4,-17,-17,-13,21,4,7,4.1,9,2.7,4,-2,12,-2.3
S02001201,S02000692,0,0,0,3,0,0,3,3,3,1,-1,1,-1.1,1,-0.7,2,1
S02001201,S02000693,3,0,0,0,-3,-3,-3,3,0,1,2.1,1,1.5,1,-0.7,2,-1.3
S02001201,S02000712,0,4,0,0,0,4,0,4,4,1,-1.1,2,1.8,1,-0.9,2,-1.5
S02001201,S02000993,5,0,0,0,-5,-5,-5,5,0,2,2.8,2,2,1,-1,3,-1.7
S02001201,S02000999,0,0,0,3,0,0,3,3,3,1,-1,1,-1.1,1,-0.7,2,1
S02001201,S02001000,3,0,0,6,-3,-3,3,9,6,3,0.1,4,-0.4,2,-1.3,5,0.4
S02001201,S02001010,10,3,0,3,-10,-7,-7,16,6,5,2.2,7,2.4,3,-1.7,9,-2
S02001201,S02001013,3,6,0,0,-3,3,-3,9,6,3,0.1,4,2.6,2,-1.3,5,-2.3
S02001201,S02001015,0,4,0,4,0,4,4,8,8,2,-1.6,3,0.3,1,-1.2,5,-0.3
S02001201,S02001185,42,13,17,30,-25,-29,-12,102,60,32,1.8,43,1.8,19,-0.4,59,-1.5
S02001201,S02001186,0,0,0,5,0,0,5,5,5,2,-1.2,2,-1.5,1,-1,3,1.3
S02001201,S02001187,0,0,0,9,0,0,9,9,9,3,-1.7,4,-2,2,-1.3,5,1.7
S02001201,S02001188,5,0,0,3,-5,-5,-2,8,3,2,1.6,3,0.9,1,-1.2,5,-0.7
S02001201,S02001189,3,0,0,6,-3,-3,3,9,6,3,0.1,4,-0.4,2,-1.3,5,0.4
S02001201,S02001190,3,0,0,0,-3,-3,-3,3,0,1,2.1,1,1.5,1,-0.7,2,-1.3
S02001201,S02001192,74,29,23,86,-51,-45,12,212,138,66,1,90,1.4,39,-2.6,122,-1.2
S02001201,S02001194,16,3,0,9,-16,-13,-7,28,12,9,2.5,12,2.1,5,-2.3,16,-1.8
S02001201,S02001195,22,0,4,12,-18,-22,-10,38,16,12,3,16,1.5,7,-1.1,22,-1.2
S02001201,S02001196,0,0,0,4,0,0,4,4,4,1,-1.1,2,-1.3,1,-0.9,2,1.1
S02001201,S02001197,22,43,5,13,-17,21,-9,83,61,26,-0.8,35,5,15,-2.6,48,-4.3
S02001201,S02001198,21,5,8,21,-13,-16,0,55,34,17,0.9,23,0.5,10,-0.7,32,-0.5
S02001201,S02001199,42,11,6,49,-36,-31,7,108,66,34,1.4,46,1,20,-3.1,62,-0.9
S02001201,S02001200,84,12,11,79,-73,-72,-5,186,102,58,3.4,79,1.9,34,-4,107,-1.6
S02001201,S02001201,31,9,9,96,-22,-22,65,145,114,45,-2.1,62,-2.8,27,-3.4,83,2.4