source,dest,likelyOperating,otherMiddle,officeClosed,otherClosed,diffOfCl_LiOp,diffOtMi_LiOp,diffOtCl_LiOp,total,loExp,loExpDiff,loCHI
S12000005,S12000005,2650,2016,665,3284,-1985,-634,634,8615,2884.7,-234.7,-4.37
S12000005,S12000010,5,3,0,6,-5,-2,1,14,4.7,0.3,0.14
S12000005,S12000014,661,370,184,519,-477,-291,-142,1734,580.6,80.4,3.34
S12000005,S12000015,357,209,132,245,-225,-148,-112,943,315.8,41.2,2.32
S12000005,S12000017,5,5,0,3,-5,0,-2,13,4.4,0.6,0.31
S12000005,S12000019,14,3,13,9,-1,-11,-5,39,13.1,0.9,0.26
S12000005,S12000021,0,0,3,0,3,0,0,3,1.0,-1.0,-1.00
S12000005,S12000024,117,70,21,158,-96,-47,41,366,122.6,-5.6,-0.50
S12000005,S12000027,0,5,0,0,0,5,0,5,1.7,-1.7,-1.29
S12000005,S12000028,6,0,0,0,-6,-6,-6,6,2.0,4.0,2.82
S12000005,S12000029,31,43,13,12,-18,12,-19,99,33.1,-2.1,-0.37
S12000005,S12000030,1817,785,939,2144,-878,-1032,327,5685,1903.6,-86.6,-1.98
S12000005,S12000033,4,10,13,5,9,6,1,32,10.7,-6.7,-2.05
S12000005,S12000034,3,0,4,6,1,-3,3,13,4.4,-1.4,-0.65
S12000005,S12000035,41,5,6,0,-35,-36,-41,52,17.4,23.6,5.65
S12000005,S12000036,213,105,255,135,42,-108,-78,708,237.1,-24.1,-1.56
S12000005,S12000038,15,21,14,7,-1,6,-8,57,19.1,-4.1,-0.94
S12000005,S12000039,16,6,0,0,-16,-10,-16,22,7.4,8.6,3.18
S12000005,S12000040,75,83,56,73,-19,8,-2,287,96.1,-21.1,-2.15
S12000005,S12000041,7,3,0,4,-7,-4,-3,14,4.7,2.3,1.07
S12000005,S12000042,17,13,11,17,-6,-4,0,58,19.4,-2.4,-0.55
S12000005,S12000044,97,106,30,80,-67,9,-17,313,104.8,-7.8,-0.76
S12000005,S12000045,10,10,8,7,-2,0,-3,35,11.7,-1.7,-0.50
S12000005,S12000046,157,98,160,126,3,-59,-31,541,181.1,-24.1,-1.79
S12000006,S12000005,0,3,0,0,0,3,0,3,1.0,-1.0,-1.00
S12000006,S12000006,18076,8458,4278,17234,-13798,-9618,-842,48046,16087.8,1988.2,15.68
S12000006,S12000008,58,108,12,35,-46,50,-23,213,71.3,-13.3,-1.58
S12000006,S12000010,0,0,5,3,5,0,3,8,2.7,-2.7,-1.64
S12000006,S12000014,7,0,0,0,-7,-7,-7,7,2.3,4.7,3.04
S12000006,S12000015,22,0,3,0,-19,-22,-22,25,8.4,13.6,4.71
S12000006,S12000017,13,0,0,9,-13,-13,-4,22,7.4,5.6,2.08
S12000006,S12000018,3,0,0,3,-3,-3,0,6,2.0,1.0,0.70
S12000006,S12000019,12,4,0,0,-12,-8,-12,16,5.4,6.6,2.87
S12000006,S12000020,3,0,0,0,-3,-3,-3,3,1.0,2.0,1.99
S12000006,S12000021,20,16,5,33,-15,-4,13,74,24.8,-4.8,-0.96
S12000006,S12000024,3,4,0,3,-3,1,0,10,3.3,-0.3,-0.19
S12000006,S12000026,30,29,7,36,-23,-1,6,102,34.2,-4.2,-0.71
S12000006,S12000028,72,51,11,61,-61,-21,-11,195,65.3,6.7,0.83
S12000006,S12000029,56,46,11,42,-45,-10,-14,155,51.9,4.1,0.57
S12000006,S12000030,5,4,0,8,-5,-1,3,17,5.7,-0.7,-0.29
S12000006,S12000033,14,16,12,0,-2,2,-14,42,14.1,-0.1,-0.02
S12000006,S12000034,7,5,0,0,-7,-2,-7,12,4.0,3.0,1.49
S12000006,S12000035,18,0,3,0,-15,-18,-18,21,7.0,11.0,4.14
S12000006,S12000036,73,18,42,42,-31,-55,-31,175,58.6,14.4,1.88
S12000006,S12000038,12,16,6,8,-6,4,-4,42,14.1,-2.1,-0.55
S12000006,S12000039,5,0,0,0,-5,-5,-5,5,1.7,3.3,2.57
S12000006,S12000040,11,6,0,8,-11,-5,-3,25,8.4,2.6,0.91
S12000006,S12000044,50,16,10,9,-40,-34,-41,85,28.5,21.5,4.04
S12000006,S12000045,7,0,0,4,-7,-7,-3,11,3.7,3.3,1.73
S12000006,S12000046,80,41,42,75,-38,-39,-5,238,79.7,0.3,0.03
S12000008,S12000005,0,8,0,0,0,8,0,8,2.7,-2.7,-1.64
S12000008,S12000006,49,170,11,89,-38,121,40,319,106.8,-57.8,-5.59
S12000008,S12000008,9374,4717,2434,7984,-6940,-4657,-1390,24509,8206.6,1167.4,12.89
S12000008,S12000011,182,84,73,170,-109,-98,-12,509,170.4,11.6,0.89
S12000008,S12000014,10,31,5,4,-5,21,-6,50,16.7,-6.7,-1.65
S12000008,S12000015,17,9,5,6,-12,-8,-11,37,12.4,4.6,1.31
S12000008,S12000017,6,0,0,0,-6,-6,-6,6,2.0,4.0,2.82
S12000008,S12000018,24,12,16,24,-8,-12,0,76,25.4,-1.4,-0.29
S12000008,S12000019,20,4,0,0,-20,-16,-20,24,8.0,12.0,4.22
S12000008,S12000020,6,0,0,0,-6,-6,-6,6,2.0,4.0,2.82
S12000008,S12000021,999,719,296,913,-703,-280,-86,2927,980.1,18.9,0.60
S12000008,S12000024,3,0,3,5,0,-3,2,11,3.7,-0.7,-0.36
S12000008,S12000026,4,0,0,0,-4,-4,-4,4,1.3,2.7,2.30
S12000008,S12000028,3039,1633,652,2445,-2387,-1406,-594,7769,2601.4,437.6,8.58
S12000008,S12000029,488,368,215,274,-273,-120,-214,1345,450.4,37.6,1.77
S12000008,S12000030,9,8,6,13,-3,-1,4,36,12.1,-3.1,-0.88
S12000008,S12000033,12,17,7,5,-5,5,-7,41,13.7,-1.7,-0.47
S12000008,S12000034,5,0,0,0,-5,-5,-5,5,1.7,3.3,2.57
S12000008,S12000035,45,6,9,10,-36,-39,-35,70,23.4,21.6,4.45
S12000008,S12000036,29,18,41,21,12,-11,-8,109,36.5,-7.5,-1.24
S12000008,S12000038,410,373,167,290,-243,-37,-120,1240,415.2,-5.2,-0.26
S12000008,S12000039,33,13,21,15,-12,-20,-18,82,27.5,5.5,1.06
S12000008,S12000040,17,31,20,15,3,14,-2,83,27.8,-10.8,-2.05
S12000008,S12000041,0,7,0,0,0,7,0,7,2.3,-2.3,-1.53
S12000008,S12000044,132,156,64,97,-68,24,-35,449,150.3,-18.3,-1.50
S12000008,S12000045,18,18,10,19,-8,0,1,65,21.8,-3.8,-0.81
S12000008,S12000046,1773,670,1474,1383,-299,-1103,-390,5300,1774.7,-1.7,-0.04
S12000010,S12000005,0,5,0,0,0,5,0,5,1.7,-1.7,-1.29
S12000010,S12000010,5939,2623,1662,6557,-4277,-3316,618,16781,5619.0,320.0,4.27
S12000010,S12000014,27,24,13,13,-14,-3,-14,77,25.8,1.2,0.24
S12000010,S12000015,52,62,31,43,-21,10,-9,188,63.0,-11.0,-1.38
S12000010,S12000017,6,0,3,8,-3,-6,2,17,5.7,0.3,0.13
S12000010,S12000018,3,0,0,0,-3,-3,-3,3,1.0,2.0,1.99
S12000010,S12000019,704,379,295,672,-409,-325,-32,2050,686.4,17.6,0.67
S12000010,S12000020,0,3,0,4,0,3,4,7,2.3,-2.3,-1.53
S12000010,S12000021,0,6,0,0,0,6,0,6,2.0,-2.0,-1.42
S12000010,S12000024,10,6,4,6,-6,-4,-4,26,8.7,1.3,0.44
S12000010,S12000026,126,43,41,113,-85,-83,-13,323,108.2,17.8,1.72
S12000010,S12000028,3,0,0,0,-3,-3,-3,3,1.0,2.0,1.99
S12000010,S12000029,16,24,6,28,-10,8,12,74,24.8,-8.8,-1.76
S12000010,S12000030,9,7,17,30,8,-2,21,63,21.1,-12.1,-2.63
S12000010,S12000033,7,10,6,7,-1,3,0,30,10.0,-3.0,-0.96
S12000010,S12000034,4,4,0,0,-4,0,-4,8,2.7,1.3,0.81
S12000010,S12000035,7,0,0,0,-7,-7,-7,7,2.3,4.7,3.04
S12000010,S12000036,6154,1459,5371,4922,-783,-4695,-1232,17906,5995.7,158.3,2.04
S12000010,S12000038,9,5,0,0,-9,-4,-9,14,4.7,4.3,1.99
S12000010,S12000040,132,116,101,116,-31,-16,-16,465,155.7,-23.7,-1.90
S12000010,S12000041,4,3,0,0,-4,-1,-4,7,2.3,1.7,1.08
S12000010,S12000042,0,0,4,5,4,0,5,9,3.0,-3.0,-1.74
S12000010,S12000044,33,26,12,15,-21,-7,-18,86,28.8,4.2,0.78
S12000010,S12000045,4,4,0,0,-4,0,-4,8,2.7,1.3,0.81
S12000010,S12000046,58,24,68,54,10,-34,-4,204,68.3,-10.3,-1.25
S12000011,S12000005,7,8,0,8,-7,1,1,23,7.7,-0.7,-0.25
S12000011,S12000006,7,0,0,7,-7,-7,0,14,4.7,2.3,1.07
S12000011,S12000008,231,49,61,152,-170,-182,-79,493,165.1,65.9,5.13
S12000011,S12000011,1940,601,600,3400,-1340,-1339,1460,6541,2190.2,-250.2,-5.35
S12000011,S12000014,24,51,11,24,-13,27,0,110,36.8,-12.8,-2.11
S12000011,S12000015,16,8,8,11,-8,-8,-5,43,14.4,1.6,0.42
S12000011,S12000017,3,0,0,4,-3,-3,1,7,2.3,0.7,0.43
S12000011,S12000018,109,19,61,105,-48,-90,-4,294,98.4,10.6,1.06
S12000011,S12000021,101,48,17,71,-84,-53,-30,237,79.4,21.6,2.43
S12000011,S12000023,0,3,0,0,0,3,0,3,1.0,-1.0,-1.00
S12000011,S12000024,8,8,0,6,-8,0,-2,22,7.4,0.6,0.23
S12000011,S12000026,0,4,0,0,0,4,0,4,1.3,-1.3,-1.16
S12000011,S12000028,100,44,24,126,-76,-56,26,294,98.4,1.6,0.16
S12000011,S12000029,838,477,417,807,-421,-361,-31,2539,850.2,-12.2,-0.42
S12000011,S12000030,16,18,30,36,14,2,20,100,33.5,-17.5,-3.02
S12000011,S12000033,9,20,11,5,2,11,-4,45,15.1,-6.1,-1.56
S12000011,S12000034,0,4,0,6,0,4,6,10,3.3,-3.3,-1.83
S12000011,S12000035,42,11,19,19,-23,-31,-23,91,30.5,11.5,2.09
S12000011,S12000036,80,39,186,61,106,-41,-19,366,122.6,-42.6,-3.84
S12000011,S12000038,1492,722,480,1188,-1012,-770,-304,3882,1299.9,192.1,5.33
S12000011,S12000039,124,54,66,79,-58,-70,-45,323,108.2,15.8,1.52
S12000011,S12000040,22,44,32,36,10,22,14,134,44.9,-22.9,-3.41
S12000011,S12000042,0,0,0,9,0,0,9,9,3.0,-3.0,-1.74
S12000011,S12000044,307,244,143,216,-164,-63,-91,910,304.7,2.3,0.13
S12000011,S12000045,59,38,58,91,-1,-21,32,246,82.4,-23.4,-2.58
S12000011,S12000046,5665,1701,4823,6152,-842,-3964,487,18341,6141.3,-476.3,-6.08
S12000013,S12000013,3954,1312,960,2932,-2994,-2642,-1022,9158,3066.5,887.5,16.03
S12000013,S12000015,4,0,0,0,-4,-4,-4,4,1.3,2.7,2.30
S12000013,S12000017,38,14,6,21,-32,-24,-17,79,26.5,11.5,2.25
S12000013,S12000018,21,3,3,0,-18,-18,-21,27,9.0,12.0,3.98
S12000013,S12000020,5,0,0,4,-5,-5,-1,9,3.0,2.0,1.14
S12000013,S12000023,4,0,0,0,-4,-4,-4,4,1.3,2.7,2.30
S12000013,S12000027,7,0,0,0,-7,-7,-7,7,2.3,4.7,3.04
S12000013,S12000030,0,0,0,4,0,0,4,4,1.3,-1.3,-1.16
S12000013,S12000033,39,21,13,18,-26,-18,-21,91,30.5,8.5,1.55
S12000013,S12000034,7,4,6,0,-1,-3,-7,17,5.7,1.3,0.55
S12000013,S12000035,33,3,0,5,-33,-30,-28,41,13.7,19.3,5.20
S12000013,S12000036,7,0,0,5,-7,-7,-2,12,4.0,3.0,1.49
S12000013,S12000046,18,8,8,12,-10,-10,-6,46,15.4,2.6,0.66
S12000014,S12000005,402,193,78,246,-324,-209,-156,919,307.7,94.3,5.37
S12000014,S12000006,0,6,0,0,0,6,0,6,2.0,-2.0,-1.42
S12000014,S12000008,9,4,3,0,-6,-5,-9,16,5.4,3.6,1.57
S12000014,S12000010,28,17,28,47,0,-11,19,120,40.2,-12.2,-1.92
S12000014,S12000011,13,3,4,3,-9,-10,-10,23,7.7,5.3,1.91
S12000014,S12000014,12806,8208,3552,13227,-9254,-4598,421,37793,12654.7,151.3,1.35
S12000014,S12000015,378,340,176,265,-202,-38,-113,1159,388.1,-10.1,-0.51
S12000014,S12000017,12,10,4,6,-8,-2,-6,32,10.7,1.3,0.39
S12000014,S12000018,7,0,4,3,-3,-7,-4,14,4.7,2.3,1.07
S12000014,S12000019,60,58,49,63,-11,-2,3,230,77.0,-17.0,-1.94
S12000014,S12000020,10,5,0,0,-10,-5,-10,15,5.0,5.0,2.22
S12000014,S12000021,6,4,0,0,-6,-2,-6,10,3.3,2.7,1.45
S12000014,S12000024,61,69,19,95,-42,8,34,244,81.7,-20.7,-2.29
S12000014,S12000026,6,7,0,7,-6,1,1,20,6.7,-0.7,-0.27
S12000014,S12000027,0,7,3,0,3,7,0,10,3.3,-3.3,-1.83
S12000014,S12000028,8,4,4,8,-4,-4,0,24,8.0,0.0,-0.01
S12000014,S12000029,142,143,67,109,-75,1,-33,461,154.4,-12.4,-0.99
S12000014,S12000030,2482,831,1397,1719,-1085,-1651,-763,6429,2152.7,329.3,7.10
S12000014,S12000033,26,74,29,18,3,48,-8,147,49.2,-23.2,-3.31
S12000014,S12000034,3,9,0,4,-3,6,1,16,5.4,-2.4,-1.02
S12000014,S12000035,41,8,6,7,-35,-33,-34,62,20.8,20.2,4.44
S12000014,S12000036,1932,637,2575,1242,643,-1295,-690,6386,2138.3,-206.3,-4.46
S12000014,S12000038,67,78,37,38,-30,11,-29,220,73.7,-6.7,-0.78
S12000014,S12000039,23,15,10,10,-13,-8,-13,58,19.4,3.6,0.81
S12000014,S12000040,1121,763,711,1058,-410,-358,-63,3653,1223.2,-102.2,-2.92
S12000014,S12000041,5,0,0,0,-5,-5,-5,5,1.7,3.3,2.57
S12000014,S12000042,30,16,17,29,-13,-14,-1,92,30.8,-0.8,-0.15
S12000014,S12000044,1038,769,312,752,-726,-269,-286,2871,961.3,76.7,2.47
S12000014,S12000045,113,61,65,74,-48,-52,-39,313,104.8,8.2,0.80
S12000014,S12000046,1001,428,1009,822,8,-573,-179,3260,1091.6,-90.6,-2.74
S12000015,S12000005,191,155,64,215,-127,-36,24,625,209.3,-18.3,-1.26
S12000015,S12000006,14,4,3,4,-11,-10,-10,25,8.4,5.6,1.95
S12000015,S12000008,3,4,0,3,-3,1,0,10,3.3,-0.3,-0.19
S12000015,S12000010,49,40,27,71,-22,-9,22,187,62.6,-13.6,-1.72
S12000015,S12000011,0,3,0,6,0,3,6,9,3.0,-3.0,-1.74
S12000015,S12000013,0,6,0,0,0,6,0,6,2.0,-2.0,-1.42
S12000015,S12000014,386,455,148,351,-238,69,-35,1340,448.7,-62.7,-2.96
S12000015,S12000015,34375,20368,13587,37493,-20788,-14007,3118,105823,35434.0,-1059.0,-5.63
S12000015,S12000017,80,17,11,13,-69,-63,-67,121,40.5,39.5,6.20
S12000015,S12000018,13,0,3,6,-10,-13,-7,22,7.4,5.6,2.08
S12000015,S12000019,87,132,87,83,0,45,-4,389,130.3,-43.3,-3.79
S12000015,S12000020,68,20,0,6,-68,-48,-62,94,31.5,36.5,6.51
S12000015,S12000021,0,8,0,8,0,8,8,16,5.4,-5.4,-2.31
S12000015,S12000024,1135,655,423,1032,-712,-480,-103,3245,1086.6,48.4,1.47
S12000015,S12000026,7,3,4,20,-3,-4,13,34,11.4,-4.4,-1.30
S12000015,S12000027,4,13,6,0,2,9,-4,23,7.7,-3.7,-1.33
S12000015,S12000028,6,0,4,9,-2,-6,3,19,6.4,-0.4,-0.14
S12000015,S12000029,53,82,26,39,-27,29,-14,200,67.0,-14.0,-1.71
S12000015,S12000030,272,146,160,239,-112,-126,-33,817,273.6,-1.6,-0.09
S12000015,S12000033,92,256,100,92,8,164,0,540,180.8,-88.8,-6.60
S12000015,S12000034,24,51,22,18,-2,27,-6,115,38.5,-14.5,-2.34
S12000015,S12000035,117,38,11,9,-106,-79,-108,175,58.6,58.4,7.63
S12000015,S12000036,4822,1535,5777,2933,955,-3287,-1889,15067,5045.1,-223.1,-3.14
S12000015,S12000038,34,22,14,20,-20,-12,-14,90,30.1,3.9,0.70
S12000015,S12000039,9,4,0,6,-9,-5,-3,19,6.4,2.6,1.05
S12000015,S12000040,491,474,498,414,7,-17,-77,1877,628.5,-137.5,-5.48
S12000015,S12000041,107,99,34,101,-73,-8,-6,341,114.2,-7.2,-0.67
S12000015,S12000042,1736,659,825,2011,-911,-1077,275,5231,1751.6,-15.6,-0.37
S12000015,S12000044,111,179,56,87,-55,68,-24,433,145.0,-34.0,-2.82
S12000015,S12000045,7,14,4,12,-3,7,5,37,12.4,-5.4,-1.53
S12000015,S12000046,234,155,258,178,24,-79,-56,825,276.2,-42.2,-2.54
S12000017,S12000005,0,0,0,3,0,0,3,3,1.0,-1.0,-1.00
S12000017,S12000006,6,0,0,3,-6,-6,-3,9,3.0,3.0,1.72
S12000017,S12000010,0,4,0,0,0,4,0,4,1.3,-1.3,-1.16
S12000017,S12000011,3,0,0,3,-3,-3,0,6,2.0,1.0,0.70
S12000017,S12000013,25,9,4,9,-21,-16,-16,47,15.7,9.3,2.33
S12000017,S12000014,3,0,0,4,-3,-3,1,7,2.3,0.7,0.43
S12000017,S12000015,19,5,6,8,-13,-14,-11,38,12.7,6.3,1.76
S12000017,S12000017,30657,11835,9818,30232,-20839,-18822,-425,82542,27638.5,3018.5,18.16
S12000017,S12000018,9,0,0,0,-9,-9,-9,9,3.0,6.0,3.45
S12000017,S12000019,0,0,0,3,0,0,3,3,1.0,-1.0,-1.00
S12000017,S12000020,420,192,139,295,-281,-228,-125,1046,350.2,69.8,3.73
S12000017,S12000021,5,3,0,0,-5,-2,-5,8,2.7,2.3,1.42
S12000017,S12000023,23,22,3,10,-20,-1,-13,58,19.4,3.6,0.81
S12000017,S12000024,17,18,5,24,-12,1,7,64,21.4,-4.4,-0.96
S12000017,S12000026,0,0,0,3,0,0,3,3,1.0,-1.0,-1.00
S12000017,S12000027,18,10,4,6,-14,-8,-12,38,12.7,5.3,1.48
S12000017,S12000028,3,0,0,0,-3,-3,-3,3,1.0,2.0,1.99
S12000017,S12000029,5,5,0,8,-5,0,3,18,6.0,-1.0,-0.42
S12000017,S12000030,21,4,4,12,-17,-17,-9,41,13.7,7.3,1.96
S12000017,S12000033,145,193,126,125,-19,48,-20,589,197.2,-52.2,-3.72
S12000017,S12000034,20,62,23,34,3,42,14,139,46.5,-26.5,-3.89
S12000017,S12000035,122,48,14,42,-108,-74,-80,226,75.7,46.3,5.33
S12000017,S12000036,69,20,49,49,-20,-49,-20,187,62.6,6.4,0.81
S12000017,S12000038,4,8,0,7,-4,4,3,19,6.4,-2.4,-0.94
S12000017,S12000039,4,4,0,0,-4,0,-4,8,2.7,1.3,0.81
S12000017,S12000040,10,0,4,0,-6,-10,-10,14,4.7,5.3,2.45
S12000017,S12000041,11,7,0,5,-11,-4,-6,23,7.7,3.3,1.19
S12000017,S12000042,8,0,3,11,-5,-8,3,22,7.4,0.6,0.23
S12000017,S12000044,5,4,0,4,-5,-1,-1,13,4.4,0.6,0.31
S12000017,S12000045,0,0,0,6,0,0,6,6,2.0,-2.0,-1.42
S12000017,S12000046,67,13,41,54,-26,-54,-13,175,58.6,8.4,1.10
S12000018,S12000006,6,0,3,4,-3,-6,-2,13,4.4,1.6,0.79
S12000018,S12000008,26,10,4,7,-22,-16,-19,47,15.7,10.3,2.59
S12000018,S12000010,0,0,0,3,0,0,3,3,1.0,-1.0,-1.00
S12000018,S12000011,38,12,14,37,-24,-26,-1,101,33.8,4.2,0.72
S12000018,S12000014,5,30,3,7,-2,25,2,45,15.1,-10.1,-2.59
S12000018,S12000015,17,14,3,0,-14,-3,-17,34,11.4,5.6,1.66
S12000018,S12000017,9,0,6,0,-3,-9,-9,15,5.0,4.0,1.77
S12000018,S12000018,7517,2481,3562,6644,-3955,-5036,-873,20204,6765.1,751.9,9.14
S12000018,S12000020,3,0,0,0,-3,-3,-3,3,1.0,2.0,1.99
S12000018,S12000021,144,76,30,153,-114,-68,9,403,134.9,9.1,0.78
S12000018,S12000024,0,0,0,3,0,0,3,3,1.0,-1.0,-1.00
S12000018,S12000026,3,0,0,0,-3,-3,-3,3,1.0,2.0,1.99
S12000018,S12000027,0,6,0,0,0,6,0,6,2.0,-2.0,-1.42
S12000018,S12000028,16,18,4,18,-12,2,2,56,18.8,-2.8,-0.64
S12000018,S12000029,52,80,37,22,-15,28,-30,191,64.0,-12.0,-1.49
S12000018,S12000030,4,0,6,6,2,-4,2,16,5.4,-1.4,-0.59
S12000018,S12000033,8,17,10,8,2,9,0,43,14.4,-6.4,-1.69
S12000018,S12000034,0,8,0,3,0,8,3,11,3.7,-3.7,-1.92
S12000018,S12000035,285,94,108,75,-177,-191,-210,562,188.2,96.8,7.06
S12000018,S12000036,24,12,38,14,14,-12,-10,88,29.5,-5.5,-1.01
S12000018,S12000038,1094,955,498,757,-596,-139,-337,3304,1106.3,-12.3,-0.37
S12000018,S12000039,147,87,54,66,-93,-60,-81,354,118.5,28.5,2.61
S12000018,S12000040,7,14,9,5,2,7,-2,35,11.7,-4.7,-1.38
S12000018,S12000041,3,0,0,0,-3,-3,-3,3,1.0,2.0,1.99
S12000018,S12000042,0,0,0,4,0,0,4,4,1.3,-1.3,-1.16
S12000018,S12000044,44,62,24,19,-20,18,-25,149,49.9,-5.9,-0.83
S12000018,S12000045,17,10,18,22,1,-7,5,67,22.4,-5.4,-1.15
S12000018,S12000046,1351,776,1273,1042,-78,-575,-309,4442,1487.4,-136.4,-3.54
S12000019,S12000005,0,12,0,3,0,12,3,15,5.0,-5.0,-2.24
S12000019,S12000008,3,0,0,0,-3,-3,-3,3,1.0,2.0,1.99
S12000019,S12000010,454,280,166,414,-288,-174,-40,1314,440.0,14.0,0.67
S12000019,S12000014,30,49,5,21,-25,19,-9,105,35.2,-5.2,-0.87
S12000019,S12000015,62,82,41,49,-21,20,-13,234,78.4,-16.4,-1.85
S12000019,S12000019,3899,2080,1254,5061,-2645,-1819,1162,12294,4116.5,-217.5,-3.39
S12000019,S12000020,5,0,0,0,-5,-5,-5,5,1.7,3.3,2.57
S12000019,S12000024,6,11,0,11,-6,5,5,28,9.4,-3.4,-1.10
S12000019,S12000026,116,59,32,129,-84,-57,13,336,112.5,3.5,0.33
S12000019,S12000028,0,0,0,4,0,0,4,4,1.3,-1.3,-1.16
S12000019,S12000029,17,20,4,17,-13,3,0,58,19.4,-2.4,-0.55
S12000019,S12000030,12,13,16,13,4,1,1,54,18.1,-6.1,-1.43
S12000019,S12000033,5,8,5,4,0,3,-1,22,7.4,-2.4,-0.87
S12000019,S12000034,0,3,0,0,0,3,0,3,1.0,-1.0,-1.00
S12000019,S12000035,12,0,0,0,-12,-12,-12,12,4.0,8.0,3.98
S12000019,S12000036,6706,1542,4836,4928,-1870,-5164,-1778,18012,6031.2,674.8,8.69
S12000019,S12000038,8,5,0,0,-8,-3,-8,13,4.4,3.6,1.75
S12000019,S12000040,200,216,149,198,-51,16,-2,763,255.5,-55.5,-3.47
S12000019,S12000042,7,0,5,8,-2,-7,1,20,6.7,0.3,0.12
S12000019,S12000044,27,29,20,25,-7,2,-2,101,33.8,-6.8,-1.17
S12000019,S12000045,0,3,0,0,0,3,0,3,1.0,-1.0,-1.00
S12000019,S12000046,34,19,38,44,4,-15,10,135,45.2,-11.2,-1.67
S12000020,S12000005,0,3,0,0,0,3,0,3,1.0,-1.0,-1.00
S12000020,S12000006,4,0,0,0,-4,-4,-4,4,1.3,2.7,2.30
S12000020,S12000010,0,0,0,3,0,0,3,3,1.0,-1.0,-1.00
S12000020,S12000013,4,0,0,0,-4,-4,-4,4,1.3,2.7,2.30
S12000020,S12000015,14,4,3,0,-11,-10,-14,21,7.0,7.0,2.63
S12000020,S12000017,574,213,259,383,-315,-361,-191,1429,478.5,95.5,4.37
S12000020,S12000018,3,0,0,0,-3,-3,-3,3,1.0,2.0,1.99
S12000020,S12000020,10944,6568,2352,10440,-8592,-4376,-504,30304,10147.0,797.0,7.91
S12000020,S12000023,7,0,0,0,-7,-7,-7,7,2.3,4.7,3.04
S12000020,S12000024,4,3,0,7,-4,-1,3,14,4.7,-0.7,-0.32
S12000020,S12000028,4,0,0,0,-4,-4,-4,4,1.3,2.7,2.30
S12000020,S12000029,0,3,0,0,0,3,0,3,1.0,-1.0,-1.00
S12000020,S12000030,0,0,0,4,0,0,4,4,1.3,-1.3,-1.16
S12000020,S12000033,324,368,194,247,-130,44,-77,1133,379.4,-55.4,-2.84
S12000020,S12000034,443,378,142,377,-301,-65,-66,1340,448.7,-5.7,-0.27
S12000020,S12000035,64,5,0,13,-64,-59,-51,82,27.5,36.5,6.97
S12000020,S12000036,15,5,8,10,-7,-10,-5,38,12.7,2.3,0.64
S12000020,S12000038,5,0,3,0,-2,-5,-5,8,2.7,2.3,1.42
S12000020,S12000042,0,0,0,8,0,0,8,8,2.7,-2.7,-1.64
S12000020,S12000044,4,0,0,0,-4,-4,-4,4,1.3,2.7,2.30
S12000020,S12000046,12,6,4,9,-8,-6,-3,31,10.4,1.6,0.50
S12000021,S12000005,0,6,0,0,0,6,0,6,2.0,-2.0,-1.42
S12000021,S12000006,41,15,12,23,-29,-26,-18,91,30.5,10.5,1.91
S12000021,S12000008,2479,605,508,937,-1971,-1874,-1542,4529,1516.5,962.5,24.72
S12000021,S12000010,5,3,0,0,-5,-2,-5,8,2.7,2.3,1.42
S12000021,S12000011,104,64,34,98,-70,-40,-6,300,100.5,3.5,0.35
S12000021,S12000014,9,25,5,5,-4,16,-4,44,14.7,-5.7,-1.49
S12000021,S12000015,13,9,0,3,-13,-4,-10,25,8.4,4.6,1.60
S12000021,S12000017,9,5,0,7,-9,-4,-2,21,7.0,2.0,0.74
S12000021,S12000018,560,158,347,442,-213,-402,-118,1507,504.6,55.4,2.47
S12000021,S12000019,13,0,0,0,-13,-13,-13,13,4.4,8.6,4.14
S12000021,S12000020,7,0,0,0,-7,-7,-7,7,2.3,4.7,3.04
S12000021,S12000021,9245,4727,2405,10244,-6840,-4518,999,26621,8913.8,331.2,3.51
S12000021,S12000024,0,0,3,11,3,0,11,14,4.7,-4.7,-2.17
S12000021,S12000026,0,0,0,3,0,0,3,3,1.0,-1.0,-1.00
S12000021,S12000027,0,4,0,0,0,4,0,4,1.3,-1.3,-1.16
S12000021,S12000028,1226,883,342,1168,-884,-343,-58,3619,1211.8,14.2,0.41
S12000021,S12000029,157,176,88,100,-69,19,-57,521,174.5,-17.5,-1.32
S12000021,S12000030,11,6,0,6,-11,-5,-5,23,7.7,3.3,1.19
S12000021,S12000033,23,59,15,8,-8,36,-15,105,35.2,-12.2,-2.05
S12000021,S12000034,4,13,0,5,-4,9,1,22,7.4,-3.4,-1.24
S12000021,S12000035,97,19,24,24,-73,-78,-73,164,54.9,42.1,5.68
S12000021,S12000036,41,16,44,16,3,-25,-25,117,39.2,1.8,0.29
S12000021,S12000038,1351,839,432,977,-919,-512,-374,3599,1205.1,145.9,4.20
S12000021,S12000039,89,53,46,44,-43,-36,-45,232,77.7,11.3,1.28
S12000021,S12000040,11,17,14,11,3,6,0,53,17.7,-6.7,-1.60
S12000021,S12000041,3,8,0,0,-3,5,-3,11,3.7,-0.7,-0.36
S12000021,S12000042,0,0,0,4,0,0,4,4,1.3,-1.3,-1.16
S12000021,S12000044,94,124,39,53,-55,30,-41,310,103.8,-9.8,-0.96
S12000021,S12000045,22,25,26,15,4,3,-7,88,29.5,-7.5,-1.38
S12000021,S12000046,1786,767,1811,1457,25,-1019,-329,5821,1949.1,-163.1,-3.69
S12000023,S12000017,17,10,4,10,-13,-7,-7,41,13.7,3.3,0.88
S12000023,S12000020,7,3,0,0,-7,-4,-7,10,3.3,3.7,2.00
S12000023,S12000023,3100,1228,721,2691,-2379,-1872,-409,7740,2591.7,508.3,9.99
S12000023,S12000024,0,0,0,3,0,0,3,3,1.0,-1.0,-1.00
S12000023,S12000027,8,0,0,4,-8,-8,-4,12,4.0,4.0,1.99
S12000023,S12000033,37,14,6,9,-31,-23,-28,66,22.1,14.9,3.17
S12000023,S12000034,8,0,0,0,-8,-8,-8,8,2.7,5.3,3.25
S12000023,S12000035,11,0,0,3,-11,-11,-8,14,4.7,6.3,2.92
S12000023,S12000036,5,0,0,7,-5,-5,2,12,4.0,1.0,0.49
S12000023,S12000046,4,0,0,0,-4,-4,-4,4,1.3,2.7,2.30
S12000024,S12000005,88,43,26,92,-62,-45,4,249,83.4,4.6,0.51
S12000024,S12000006,9,3,0,0,-9,-6,-9,12,4.0,5.0,2.49
S12000024,S12000010,6,7,7,8,1,1,2,28,9.4,-3.4,-1.10
S12000024,S12000014,88,70,32,66,-56,-18,-22,256,85.7,2.3,0.25
S12000024,S12000015,852,493,283,634,-569,-359,-218,2262,757.4,94.6,3.44
S12000024,S12000017,44,10,8,24,-36,-34,-20,86,28.8,15.2,2.83
S12000024,S12000019,10,7,8,9,-2,-3,-1,34,11.4,-1.4,-0.41
S12000024,S12000020,16,8,0,0,-16,-8,-16,24,8.0,8.0,2.81
S12000024,S12000024,14977,5940,5123,17088,-9854,-9037,2111,43128,14441.1,535.9,4.46
S12000024,S12000026,3,7,0,3,-3,4,0,13,4.4,-1.4,-0.65
S12000024,S12000028,4,4,0,0,-4,0,-4,8,2.7,1.3,0.81
S12000024,S12000029,26,31,9,23,-17,5,-3,89,29.8,-3.8,-0.70
S12000024,S12000030,354,125,199,389,-155,-229,35,1067,357.3,-3.3,-0.17
S12000024,S12000033,52,76,44,58,-8,24,6,230,77.0,-25.0,-2.85
S12000024,S12000034,23,26,15,17,-8,3,-6,81,27.1,-4.1,-0.79
S12000024,S12000035,24,4,0,3,-24,-20,-21,31,10.4,13.6,4.23
S12000024,S12000036,516,159,658,268,142,-357,-248,1601,536.1,-20.1,-0.87
S12000024,S12000038,30,15,6,29,-24,-15,-1,80,26.8,3.2,0.62
S12000024,S12000039,9,3,0,3,-9,-6,-6,15,5.0,4.0,1.77
S12000024,S12000040,54,48,44,60,-10,-6,6,206,69.0,-15.0,-1.80
S12000024,S12000041,271,147,66,179,-205,-124,-92,663,222.0,49.0,3.29
S12000024,S12000042,2011,508,661,1609,-1350,-1503,-402,4789,1603.6,407.4,10.17
S12000024,S12000044,53,65,32,28,-21,12,-25,178,59.6,-6.6,-0.86
S12000024,S12000045,0,8,5,3,5,8,3,16,5.4,-5.4,-2.31
S12000024,S12000046,142,75,170,120,28,-67,-22,507,169.8,-27.8,-2.13
S12000026,S12000006,24,19,5,43,-19,-5,19,91,30.5,-6.5,-1.17
S12000026,S12000008,3,0,0,0,-3,-3,-3,3,1.0,2.0,1.99
S12000026,S12000010,354,125,114,213,-240,-229,-141,806,269.9,84.1,5.12
S12000026,S12000014,26,10,5,6,-21,-16,-20,47,15.7,10.3,2.59
S12000026,S12000015,23,25,15,18,-8,2,-5,81,27.1,-4.1,-0.79
S12000026,S12000017,0,4,0,8,0,4,8,12,4.0,-4.0,-2.00
S12000026,S12000019,378,185,245,314,-133,-193,-64,1122,375.7,2.3,0.12
S12000026,S12000020,3,0,0,0,-3,-3,-3,3,1.0,2.0,1.99
S12000026,S12000024,4,0,0,9,-4,-4,5,13,4.4,-0.4,-0.17
S12000026,S12000026,11167,6476,3197,11497,-7970,-4691,330,32337,10827.8,339.2,3.26
S12000026,S12000028,0,0,3,0,3,0,0,3,1.0,-1.0,-1.00
S12000026,S12000029,56,42,19,46,-37,-14,-10,163,54.6,1.4,0.19
S12000026,S12000030,13,7,11,13,-2,-6,0,44,14.7,-1.7,-0.45
S12000026,S12000033,10,11,5,14,-5,1,4,40,13.4,-3.4,-0.93
S12000026,S12000034,0,6,0,0,0,6,0,6,2.0,-2.0,-1.42
S12000026,S12000035,11,0,0,0,-11,-11,-11,11,3.7,7.3,3.81
S12000026,S12000036,1525,291,1349,1046,-176,-1234,-479,4211,1410.0,115.0,3.06
S12000026,S12000038,8,5,0,0,-8,-3,-8,13,4.4,3.6,1.75
S12000026,S12000040,61,54,41,51,-20,-7,-10,207,69.3,-8.3,-1.00
S12000026,S12000041,3,0,0,0,-3,-3,-3,3,1.0,2.0,1.99
S12000026,S12000042,0,0,0,4,0,0,4,4,1.3,-1.3,-1.16
S12000026,S12000044,16,16,5,17,-11,0,1,54,18.1,-2.1,-0.49
S12000026,S12000046,34,11,49,38,15,-23,4,132,44.2,-10.2,-1.53
S12000027,S12000023,4,0,0,0,-4,-4,-4,4,1.3,2.7,2.30
S12000027,S12000027,4297,1762,859,3223,-3438,-2535,-1074,10141,3395.6,901.4,15.47
S12000027,S12000033,36,20,16,18,-20,-16,-18,90,30.1,5.9,1.07
S12000027,S12000034,4,0,3,16,-1,-4,12,23,7.7,-3.7,-1.33
S12000027,S12000036,5,0,5,0,0,-5,-5,10,3.3,1.7,0.90
S12000027,S12000042,0,0,0,3,0,0,3,3,1.0,-1.0,-1.00
S12000028,S12000005,0,3,0,0,0,3,0,3,1.0,-1.0,-1.00
S12000028,S12000006,117,53,35,81,-82,-64,-36,286,95.8,21.2,2.17
S12000028,S12000008,1924,599,405,1084,-1519,-1325,-840,4012,1343.4,580.6,15.84
S12000028,S12000011,52,22,21,70,-31,-30,18,165,55.2,-3.2,-0.44
S12000028,S12000013,6,0,5,0,-1,-6,-6,11,3.7,2.3,1.21
S12000028,S12000014,4,9,0,4,-4,5,0,17,5.7,-1.7,-0.71
S12000028,S12000015,13,0,3,6,-10,-13,-7,22,7.4,5.6,2.08
S12000028,S12000017,3,3,0,0,-3,0,-3,6,2.0,1.0,0.70
S12000028,S12000018,36,8,18,29,-18,-28,-7,91,30.5,5.5,1.00
S12000028,S12000019,11,0,0,0,-11,-11,-11,11,3.7,7.3,3.81
S12000028,S12000020,5,0,0,0,-5,-5,-5,5,1.7,3.3,2.57
S12000028,S12000021,1026,673,264,834,-762,-353,-192,2797,936.6,89.4,2.92
S12000028,S12000024,0,6,0,4,0,6,4,10,3.3,-3.3,-1.83
S12000028,S12000027,8,0,0,0,-8,-8,-8,8,2.7,5.3,3.25
S12000028,S12000028,9518,4253,2379,11427,-7139,-5265,1909,27577,9233.9,284.1,2.96
S12000028,S12000029,143,130,82,90,-61,-13,-53,445,149.0,-6.0,-0.49
S12000028,S12000030,8,4,5,14,-3,-4,6,31,10.4,-2.4,-0.74
S12000028,S12000033,16,18,3,8,-13,2,-8,45,15.1,0.9,0.24
S12000028,S12000034,0,0,0,4,0,0,4,4,1.3,-1.3,-1.16
S12000028,S12000035,17,0,0,7,-17,-17,-10,24,8.0,9.0,3.16
S12000028,S12000036,42,11,39,25,-3,-31,-17,117,39.2,2.8,0.45
S12000028,S12000038,341,222,109,199,-232,-119,-142,871,291.6,49.4,2.89
S12000028,S12000039,24,16,13,15,-11,-8,-9,68,22.8,1.2,0.26
S12000028,S12000040,12,14,8,8,-4,2,-4,42,14.1,-2.1,-0.55
S12000028,S12000042,0,0,0,4,0,0,4,4,1.3,-1.3,-1.16
S12000028,S12000044,69,93,33,47,-36,24,-22,242,81.0,-12.0,-1.34
S12000028,S12000045,14,10,18,10,4,-4,-4,52,17.4,-3.4,-0.82
S12000028,S12000046,937,364,919,769,-18,-573,-168,2989,1000.8,-63.8,-2.02
S12000029,S12000005,17,30,8,21,-9,13,4,76,25.4,-8.4,-1.67
S12000029,S12000006,59,61,15,62,-44,2,3,197,66.0,-7.0,-0.86
S12000029,S12000008,227,118,53,122,-174,-109,-105,520,174.1,52.9,4.01
S12000029,S12000010,23,13,18,37,-5,-10,14,91,30.5,-7.5,-1.35
S12000029,S12000011,397,188,156,515,-241,-209,118,1256,420.6,-23.6,-1.15
S12000029,S12000013,10,0,0,0,-10,-10,-10,10,3.3,6.7,3.64
S12000029,S12000014,157,216,81,143,-76,59,-14,597,199.9,-42.9,-3.03
S12000029,S12000015,72,115,39,31,-33,43,-41,257,86.1,-14.1,-1.52
S12000029,S12000017,20,0,0,12,-20,-20,-8,32,10.7,9.3,2.84
S12000029,S12000018,62,52,35,45,-27,-10,-17,194,65.0,-3.0,-0.37
S12000029,S12000019,63,48,55,54,-8,-15,-9,220,73.7,-10.7,-1.24
S12000029,S12000020,13,0,0,0,-13,-13,-13,13,4.4,8.6,4.14
S12000029,S12000021,68,77,32,66,-36,9,-2,243,81.4,-13.4,-1.48
S12000029,S12000023,0,5,0,0,0,5,0,5,1.7,-1.7,-1.29
S12000029,S12000024,14,18,8,24,-6,4,10,64,21.4,-7.4,-1.60
S12000029,S12000026,72,35,15,93,-57,-37,21,215,72.0,0.0,0.00
S12000029,S12000027,3,3,4,0,1,0,-3,10,3.3,-0.3,-0.19
S12000029,S12000028,100,98,36,122,-64,-2,22,356,119.2,-19.2,-1.76
S12000029,S12000029,21848,11025,7104,22785,-14744,-10823,937,62762,21015.3,832.7,5.74
S12000029,S12000030,117,114,94,151,-23,-3,34,476,159.4,-42.4,-3.36
S12000029,S12000033,23,78,24,25,1,55,2,150,50.2,-27.2,-3.84
S12000029,S12000034,9,13,8,5,-1,4,-4,35,11.7,-2.7,-0.79
S12000029,S12000035,99,19,28,14,-71,-80,-85,160,53.6,45.4,6.21
S12000029,S12000036,679,229,872,464,193,-450,-215,2244,751.4,-72.4,-2.64
S12000029,S12000038,724,605,316,572,-408,-119,-152,2217,742.3,-18.3,-0.67
S12000029,S12000039,183,92,93,96,-90,-91,-87,464,155.4,27.6,2.22
S12000029,S12000040,593,500,422,537,-171,-93,-56,2052,687.1,-94.1,-3.59
S12000029,S12000041,7,4,0,0,-7,-3,-7,11,3.7,3.3,1.73
S12000029,S12000042,5,6,5,6,0,1,1,22,7.4,-2.4,-0.87
S12000029,S12000044,6142,2860,2175,4116,-3967,-3282,-2026,15293,5120.7,1021.3,14.27
S12000029,S12000045,170,147,206,167,36,-23,-3,690,231.0,-61.0,-4.02
S12000029,S12000046,11055,4073,8755,9118,-2300,-6982,-1937,33001,11050.1,4.9,0.05
S12000030,S12000005,464,255,123,390,-341,-209,-74,1232,412.5,51.5,2.53
S12000030,S12000006,0,3,0,6,0,3,6,9,3.0,-3.0,-1.74
S12000030,S12000008,6,0,0,0,-6,-6,-6,6,2.0,4.0,2.82
S12000030,S12000010,9,10,4,11,-5,1,2,34,11.4,-2.4,-0.71
S12000030,S12000011,7,9,0,7,-7,2,0,23,7.7,-0.7,-0.25
S12000030,S12000014,1141,557,285,796,-856,-584,-345,2779,930.5,210.5,6.90
S12000030,S12000015,142,81,58,84,-84,-61,-58,365,122.2,19.8,1.79
S12000030,S12000017,7,5,4,12,-3,-2,5,28,9.4,-2.4,-0.78
S12000030,S12000018,6,5,0,8,-6,-1,2,19,6.4,-0.4,-0.14
S12000030,S12000019,14,8,12,22,-2,-6,8,56,18.8,-4.8,-1.10
S12000030,S12000021,0,3,0,3,0,3,3,6,2.0,-2.0,-1.42
S12000030,S12000024,195,148,79,297,-116,-47,102,719,240.8,-45.8,-2.95
S12000030,S12000026,0,4,0,0,0,4,0,4,1.3,-1.3,-1.16
S12000030,S12000027,0,0,3,0,3,0,0,3,1.0,-1.0,-1.00
S12000030,S12000028,5,0,0,4,-5,-5,-1,9,3.0,2.0,1.14
S12000030,S12000029,61,60,41,56,-20,-1,-5,218,73.0,-12.0,-1.40
S12000030,S12000030,6324,2575,2798,9024,-3526,-3749,2700,20721,6938.3,-614.3,-7.37
S12000030,S12000033,11,34,16,14,5,23,3,75,25.1,-14.1,-2.82
S12000030,S12000034,0,6,0,5,0,6,5,11,3.7,-3.7,-1.92
S12000030,S12000035,71,16,16,26,-55,-55,-45,129,43.2,27.8,4.23
S12000030,S12000036,411,133,651,280,240,-278,-131,1475,493.9,-82.9,-3.73
S12000030,S12000038,77,59,42,60,-35,-18,-17,238,79.7,-2.7,-0.30
S12000030,S12000039,130,34,28,93,-102,-96,-37,285,95.4,34.6,3.54
S12000030,S12000040,95,87,82,86,-13,-8,-9,350,117.2,-22.2,-2.05
S12000030,S12000041,10,9,0,8,-10,-1,-2,27,9.0,1.0,0.32
S12000030,S12000042,41,19,29,67,-12,-22,26,156,52.2,-11.2,-1.55
S12000030,S12000044,281,244,112,166,-169,-37,-115,803,268.9,12.1,0.74
S12000030,S12000045,94,66,88,147,-6,-28,53,395,132.3,-38.3,-3.33
S12000030,S12000046,880,310,902,854,22,-570,-26,2946,986.4,-106.4,-3.39
S12000033,S12000014,0,3,0,0,0,3,0,3,1.0,-1.0,-1.00
S12000033,S12000015,3,7,0,7,-3,4,4,17,5.7,-2.7,-1.13
S12000033,S12000017,33,12,17,21,-16,-21,-12,83,27.8,5.2,0.99
S12000033,S12000020,27,5,7,10,-20,-22,-17,49,16.4,10.6,2.62
S12000033,S12000023,0,0,3,0,3,0,0,3,1.0,-1.0,-1.00
S12000033,S12000024,5,3,0,6,-5,-2,1,14,4.7,0.3,0.14
S12000033,S12000027,42,8,3,13,-39,-34,-29,66,22.1,19.9,4.23
S12000033,S12000028,3,0,0,0,-3,-3,-3,3,1.0,2.0,1.99
S12000033,S12000029,4,0,0,0,-4,-4,-4,4,1.3,2.7,2.30
S12000033,S12000030,6,4,0,3,-6,-2,-3,13,4.4,1.6,0.79
S12000033,S12000033,26294,18180,17517,31452,-8777,-8114,5158,93443,31288.6,-4994.6,-28.24
S12000033,S12000034,1679,2942,1839,2350,160,1263,671,8810,2950.0,-1271.0,-23.40
S12000033,S12000035,6,0,0,0,-6,-6,-6,6,2.0,4.0,2.82
S12000033,S12000036,28,11,26,15,-2,-17,-13,80,26.8,1.2,0.23
S12000033,S12000038,3,3,3,0,0,0,-3,9,3.0,0.0,-0.01
S12000033,S12000041,26,28,11,31,-15,2,5,96,32.1,-6.1,-1.08
S12000033,S12000042,19,8,5,36,-14,-11,17,68,22.8,-3.8,-0.79
S12000033,S12000044,4,0,0,0,-4,-4,-4,4,1.3,2.7,2.30
S12000033,S12000046,19,11,10,16,-9,-8,-3,56,18.8,0.2,0.06
S12000034,S12000006,7,0,0,0,-7,-7,-7,7,2.3,4.7,3.04
S12000034,S12000014,7,7,4,3,-3,0,-4,21,7.0,0.0,-0.01
S12000034,S12000015,24,6,8,10,-16,-18,-14,48,16.1,7.9,1.98
S12000034,S12000017,46,22,5,29,-41,-24,-17,102,34.2,11.8,2.03
S12000034,S12000019,0,0,3,0,3,0,0,3,1.0,-1.0,-1.00
S12000034,S12000020,288,185,62,201,-226,-103,-87,736,246.4,41.6,2.65
S12000034,S12000024,16,4,4,17,-12,-12,1,41,13.7,2.3,0.61
S12000034,S12000027,47,23,4,5,-43,-24,-42,79,26.5,20.5,4.00
S12000034,S12000029,3,0,3,0,0,-3,-3,6,2.0,1.0,0.70
S12000034,S12000030,0,0,0,9,0,0,9,9,3.0,-3.0,-1.74
S12000034,S12000033,12728,10918,9183,10064,-3545,-1810,-2664,42893,14362.4,-1634.4,-13.64
S12000034,S12000034,16850,14390,5966,22313,-10884,-2460,5463,59519,19929.4,-3079.4,-21.81
S12000034,S12000035,14,5,0,4,-14,-9,-10,23,7.7,6.3,2.27
S12000034,S12000036,39,5,29,29,-10,-34,-10,102,34.2,4.8,0.83
S12000034,S12000038,0,6,0,4,0,6,4,10,3.3,-3.3,-1.83
S12000034,S12000040,0,3,0,4,0,3,4,7,2.3,-2.3,-1.53
S12000034,S12000041,286,204,92,312,-194,-82,26,894,299.3,-13.3,-0.77
S12000034,S12000042,40,11,12,50,-28,-29,10,113,37.8,2.2,0.35
S12000034,S12000046,20,6,12,17,-8,-14,-3,55,18.4,1.6,0.37
S12000035,S12000006,0,3,0,9,0,3,9,12,4.0,-4.0,-2.00
S12000035,S12000008,12,0,0,0,-12,-12,-12,12,4.0,8.0,3.98
S12000035,S12000011,8,6,3,6,-5,-2,-2,23,7.7,0.3,0.11
S12000035,S12000013,14,0,3,6,-11,-14,-8,23,7.7,6.3,2.27
S12000035,S12000014,9,8,4,3,-5,-1,-6,24,8.0,1.0,0.34
S12000035,S12000015,24,5,4,4,-20,-19,-20,37,12.4,11.6,3.30
S12000035,S12000017,91,43,13,39,-78,-48,-52,186,62.3,28.7,3.64
S12000035,S12000018,180,45,63,133,-117,-135,-47,421,141.0,39.0,3.29
S12000035,S12000019,0,3,0,0,0,3,0,3,1.0,-1.0,-1.00
S12000035,S12000020,41,8,0,27,-41,-33,-14,76,25.4,15.6,3.08
S12000035,S12000021,14,8,5,8,-9,-6,-6,35,11.7,2.3,0.67
S12000035,S12000023,9,0,0,3,-9,-9,-6,12,4.0,5.0,2.49
S12000035,S12000024,7,6,0,3,-7,-1,-4,16,5.4,1.6,0.71
S12000035,S12000028,8,0,3,4,-5,-8,-4,15,5.0,3.0,1.33
S12000035,S12000029,33,17,16,13,-17,-16,-20,79,26.5,6.5,1.27
S12000035,S12000030,32,7,4,49,-28,-25,17,92,30.8,1.2,0.22
S12000035,S12000033,24,9,6,12,-18,-15,-12,51,17.1,6.9,1.68
S12000035,S12000034,8,0,6,4,-2,-8,-4,18,6.0,2.0,0.80
S12000035,S12000035,10937,3048,2703,8787,-8234,-7889,-2150,25475,8530.1,2406.9,26.06
S12000035,S12000036,36,8,28,14,-8,-28,-22,86,28.8,7.2,1.34
S12000035,S12000038,212,84,60,125,-152,-128,-87,481,161.1,50.9,4.01
S12000035,S12000039,566,168,141,380,-425,-398,-186,1255,420.2,145.8,7.11
S12000035,S12000040,6,8,5,4,-1,2,-2,23,7.7,-1.7,-0.61
S12000035,S12000041,11,0,0,0,-11,-11,-11,11,3.7,7.3,3.81
S12000035,S12000042,0,0,3,4,3,0,4,7,2.3,-2.3,-1.53
S12000035,S12000044,18,19,11,14,-7,1,-4,62,20.8,-2.8,-0.61
S12000035,S12000045,19,18,15,32,-4,-1,13,84,28.1,-9.1,-1.72
S12000035,S12000046,666,187,576,619,-90,-479,-47,2048,685.8,-19.8,-0.75
S12000036,S12000005,22,33,15,29,-7,11,7,99,33.1,-11.1,-1.94
S12000036,S12000006,22,5,8,8,-14,-17,-14,43,14.4,7.6,2.00
S12000036,S12000008,3,3,0,0,-3,0,-3,6,2.0,1.0,0.70
S12000036,S12000010,1218,531,724,1880,-494,-687,662,4353,1457.6,-239.6,-6.27
S12000036,S12000011,6,4,0,0,-6,-2,-6,10,3.3,2.7,1.45
S12000036,S12000014,303,320,127,248,-176,17,-55,998,334.2,-31.2,-1.71
S12000036,S12000015,986,615,635,727,-351,-371,-259,2963,992.1,-6.1,-0.19
S12000036,S12000017,19,15,8,26,-11,-4,7,68,22.8,-3.8,-0.79
S12000036,S12000018,6,3,6,0,0,-3,-6,15,5.0,1.0,0.44
S12000036,S12000019,1417,917,1092,1915,-325,-500,498,5341,1788.4,-371.4,-8.78
S12000036,S12000020,8,8,0,4,-8,0,-4,20,6.7,1.3,0.50
S12000036,S12000021,3,8,4,3,1,5,0,18,6.0,-3.0,-1.23
S12000036,S12000023,4,0,4,0,0,-4,-4,8,2.7,1.3,0.81
S12000036,S12000024,142,58,56,93,-86,-84,-49,349,116.9,25.1,2.33
S12000036,S12000026,207,58,71,208,-136,-149,1,544,182.2,24.8,1.84
S12000036,S12000027,0,5,0,0,0,5,0,5,1.7,-1.7,-1.29
S12000036,S12000028,8,5,3,13,-5,-3,5,29,9.7,-1.7,-0.55
S12000036,S12000029,121,86,60,71,-61,-35,-50,338,113.2,7.8,0.74
S12000036,S12000030,196,65,201,279,5,-131,83,741,248.1,-52.1,-3.31
S12000036,S12000033,40,104,58,75,18,64,35,277,92.8,-52.8,-5.48
S12000036,S12000034,5,17,13,11,8,12,6,46,15.4,-10.4,-2.65
S12000036,S12000035,36,7,3,6,-33,-29,-30,52,17.4,18.6,4.45
S12000036,S12000036,50380,11941,50544,58699,164,-38439,8319,171564,57446.8,-7066.8,-29.48
S12000036,S12000038,52,30,22,18,-30,-22,-34,122,40.9,11.1,1.74
S12000036,S12000039,14,5,5,3,-9,-9,-11,27,9.0,5.0,1.65
S12000036,S12000040,1736,1109,1245,1601,-491,-627,-135,5691,1905.6,-169.6,-3.88
S12000036,S12000041,12,5,8,6,-4,-7,-6,31,10.4,1.6,0.50
S12000036,S12000042,74,34,68,110,-6,-40,36,286,95.8,-21.8,-2.22
S12000036,S12000044,166,207,116,85,-50,41,-81,574,192.2,-26.2,-1.89
S12000036,S12000045,15,10,30,9,15,-5,-6,64,21.4,-6.4,-1.39
S12000036,S12000046,496,196,899,577,403,-300,81,2168,725.9,-229.9,-8.53
S12000038,S12000005,0,10,0,3,0,10,3,13,4.4,-4.4,-2.09
S12000038,S12000006,7,3,3,4,-4,-4,-3,17,5.7,1.3,0.55
S12000038,S12000008,99,46,26,84,-73,-53,-15,255,85.4,13.6,1.47
S12000038,S12000010,4,4,5,5,1,0,1,18,6.0,-2.0,-0.83
S12000038,S12000011,574,190,147,521,-427,-384,-53,1432,479.5,94.5,4.32
S12000038,S12000014,26,76,11,34,-15,50,8,147,49.2,-23.2,-3.31
S12000038,S12000015,27,35,6,10,-21,8,-17,78,26.1,0.9,0.17
S12000038,S12000017,10,3,6,9,-4,-7,-1,28,9.4,0.6,0.20
S12000038,S12000018,851,227,400,610,-451,-624,-241,2088,699.1,151.9,5.74
S12000038,S12000019,8,3,0,7,-8,-5,-1,18,6.0,2.0,0.80
S12000038,S12000020,7,0,0,0,-7,-7,-7,7,2.3,4.7,3.04
S12000038,S12000021,258,202,72,244,-186,-56,-14,776,259.8,-1.8,-0.11
S12000038,S12000024,7,9,0,8,-7,2,1,24,8.0,-1.0,-0.37
S12000038,S12000026,0,3,0,0,0,3,0,3,1.0,-1.0,-1.00
S12000038,S12000027,0,10,0,0,0,10,0,10,3.3,-3.3,-1.83
S12000038,S12000028,91,71,27,115,-64,-20,24,304,101.8,-10.8,-1.07
S12000038,S12000029,354,389,200,320,-154,35,-34,1263,422.9,-68.9,-3.35
S12000038,S12000030,31,27,27,72,-4,-4,41,157,52.6,-21.6,-2.97
S12000038,S12000033,14,44,25,13,11,30,-1,96,32.1,-18.1,-3.20
S12000038,S12000034,7,9,0,7,-7,2,0,23,7.7,-0.7,-0.25
S12000038,S12000035,216,43,45,74,-171,-173,-142,378,126.6,89.4,7.95
S12000038,S12000036,70,52,130,76,60,-18,6,328,109.8,-39.8,-3.80
S12000038,S12000038,13161,6493,3739,13582,-9422,-6668,421,36975,12380.8,780.2,7.01
S12000038,S12000039,630,228,240,335,-390,-402,-295,1433,479.8,150.2,6.86
S12000038,S12000040,32,57,39,32,7,25,0,160,53.6,-21.6,-2.95
S12000038,S12000041,7,3,0,3,-7,-4,-4,13,4.4,2.6,1.27
S12000038,S12000042,3,8,0,7,-3,5,4,18,6.0,-3.0,-1.23
S12000038,S12000044,274,350,162,214,-112,76,-60,1000,334.8,-60.8,-3.32
S12000038,S12000045,125,87,110,144,-15,-38,19,466,156.0,-31.0,-2.48
S12000038,S12000046,7965,2887,5825,5880,-2140,-5078,-2085,22557,7553.0,412.0,4.74
S12000039,S12000005,5,4,0,0,-5,-1,-5,9,3.0,2.0,1.14
S12000039,S12000008,5,13,0,5,-5,8,0,23,7.7,-2.7,-0.97
S12000039,S12000011,19,18,8,31,-11,-1,12,76,25.4,-6.4,-1.28
S12000039,S12000014,13,34,8,11,-5,21,-2,66,22.1,-9.1,-1.94
S12000039,S12000015,14,12,11,7,-3,-2,-7,44,14.7,-0.7,-0.19
S12000039,S12000017,4,7,0,3,-4,3,-1,14,4.7,-0.7,-0.32
S12000039,S12000018,103,34,55,89,-48,-69,-14,281,94.1,8.9,0.92
S12000039,S12000019,9,3,0,3,-9,-6,-6,15,5.0,4.0,1.77
S12000039,S12000021,22,17,14,17,-8,-5,-5,70,23.4,-1.4,-0.30
S12000039,S12000024,0,6,3,4,3,6,4,13,4.4,-4.4,-2.09
S12000039,S12000028,10,20,4,12,-6,10,2,46,15.4,-5.4,-1.38
S12000039,S12000029,105,125,58,136,-47,20,31,424,142.0,-37.0,-3.10
S12000039,S12000030,85,40,23,146,-62,-45,61,294,98.4,-13.4,-1.35
S12000039,S12000033,10,12,11,7,1,2,-3,40,13.4,-3.4,-0.93
S12000039,S12000034,5,0,0,0,-5,-5,-5,5,1.7,3.3,2.57
S12000039,S12000035,1674,308,512,540,-1162,-1366,-1134,3034,1015.9,658.1,20.65
S12000039,S12000036,39,16,45,13,6,-23,-26,113,37.8,1.2,0.19
S12000039,S12000038,651,493,256,511,-395,-158,-140,1911,639.9,11.1,0.44
S12000039,S12000039,6112,2399,1692,6063,-4420,-3713,-49,16266,5446.5,665.5,9.02
S12000039,S12000040,25,28,20,9,-5,3,-16,82,27.5,-2.5,-0.47
S12000039,S12000041,4,0,0,0,-4,-4,-4,4,1.3,2.7,2.30
S12000039,S12000042,3,8,3,6,0,5,3,20,6.7,-3.7,-1.43
S12000039,S12000044,101,145,62,109,-39,44,8,417,139.6,-38.6,-3.27
S12000039,S12000045,263,121,122,310,-141,-142,47,816,273.2,-10.2,-0.62
S12000039,S12000046,4007,1633,2422,2917,-1585,-2374,-1090,10979,3676.2,330.8,5.46
S12000040,S12000005,38,35,15,22,-23,-3,-16,110,36.8,1.2,0.19
S12000040,S12000006,3,6,0,0,-3,3,-3,9,3.0,0.0,-0.01
S12000040,S12000008,7,18,4,0,-3,11,-7,29,9.7,-2.7,-0.87
S12000040,S12000010,73,60,57,107,-16,-13,34,297,99.4,-26.4,-2.65
S12000040,S12000011,4,3,3,3,-1,-1,-1,13,4.4,-0.4,-0.17
S12000040,S12000014,642,616,230,640,-412,-26,-2,2128,712.5,-70.5,-2.64
S12000040,S12000015,241,310,228,195,-13,69,-46,974,326.1,-85.1,-4.71
S12000040,S12000017,8,9,0,7,-8,1,-1,24,8.0,0.0,-0.01
S12000040,S12000018,5,9,0,0,-5,4,-5,14,4.7,0.3,0.14
S12000040,S12000019,213,190,143,170,-70,-23,-43,716,239.7,-26.7,-1.73
S12000040,S12000020,7,5,0,0,-7,-2,-7,12,4.0,3.0,1.49
S12000040,S12000021,0,4,0,0,0,4,0,4,1.3,-1.3,-1.16
S12000040,S12000024,32,32,17,30,-15,0,-2,111,37.2,-5.2,-0.85
S12000040,S12000026,20,14,5,21,-15,-6,1,60,20.1,-0.1,-0.02
S12000040,S12000028,6,7,3,3,-3,1,-3,19,6.4,-0.4,-0.14
S12000040,S12000029,238,222,110,138,-128,-16,-100,708,237.1,0.9,0.06
S12000040,S12000030,177,95,121,168,-56,-82,-9,561,187.8,-10.8,-0.79
S12000040,S12000033,19,43,18,18,-1,24,-1,98,32.8,-13.8,-2.41
S12000040,S12000034,4,12,3,6,-1,8,2,25,8.4,-4.4,-1.51
S12000040,S12000035,20,5,5,0,-15,-15,-20,30,10.0,10.0,3.14
S12000040,S12000036,6296,2099,6592,4632,296,-4197,-1664,19619,6569.3,-273.3,-3.37
S12000040,S12000038,54,58,24,25,-30,4,-29,161,53.9,0.1,0.01
S12000040,S12000039,16,7,12,5,-4,-9,-11,40,13.4,2.6,0.71
S12000040,S12000040,13706,8567,6772,15149,-6934,-5139,1443,44194,14798.0,-1092.0,-8.98
S12000040,S12000041,6,3,0,0,-6,-3,-6,9,3.0,3.0,1.72
S12000040,S12000042,16,9,13,22,-3,-7,6,60,20.1,-4.1,-0.91
S12000040,S12000044,609,521,235,427,-374,-88,-182,1792,600.0,9.0,0.37
S12000040,S12000045,18,19,23,21,5,1,3,81,27.1,-9.1,-1.75
S12000040,S12000046,476,281,604,457,128,-195,-19,1818,608.7,-132.7,-5.38
S12000041,S12000005,0,0,3,5,3,0,5,8,2.7,-2.7,-1.64
S12000041,S12000010,0,0,0,3,0,0,3,3,1.0,-1.0,-1.00
S12000041,S12000014,7,6,4,3,-3,-1,-4,20,6.7,0.3,0.12
S12000041,S12000015,142,69,38,138,-104,-73,-4,387,129.6,12.4,1.09
S12000041,S12000017,13,4,0,8,-13,-9,-5,25,8.4,4.6,1.60
S12000041,S12000019,0,0,0,3,0,0,3,3,1.0,-1.0,-1.00
S12000041,S12000020,26,6,0,0,-26,-20,-26,32,10.7,15.3,4.67
S12000041,S12000023,3,0,0,0,-3,-3,-3,3,1.0,2.0,1.99
S12000041,S12000024,451,258,195,330,-256,-193,-121,1234,413.2,37.8,1.86
S12000041,S12000027,4,0,0,0,-4,-4,-4,4,1.3,2.7,2.30
S12000041,S12000029,0,4,0,0,0,4,0,4,1.3,-1.3,-1.16
S12000041,S12000030,13,8,7,18,-6,-5,5,46,15.4,-2.4,-0.61
S12000041,S12000033,518,711,392,458,-126,193,-60,2079,696.1,-178.1,-6.75
S12000041,S12000034,433,562,201,329,-232,129,-104,1525,510.6,-77.6,-3.44
S12000041,S12000035,27,0,0,4,-27,-27,-23,31,10.4,16.6,5.16
S12000041,S12000036,46,20,46,29,0,-26,-17,141,47.2,-1.2,-0.18
S12000041,S12000038,3,7,0,5,-3,4,2,15,5.0,-2.0,-0.90
S12000041,S12000040,10,4,9,9,-1,-6,-1,32,10.7,-0.7,-0.22
S12000041,S12000041,9191,5515,2078,9356,-7113,-3676,165,26140,8752.8,438.2,4.68
S12000041,S12000042,4479,1644,1676,3830,-2803,-2835,-649,11629,3893.9,585.1,9.38
S12000041,S12000044,6,11,7,7,1,5,1,31,10.4,-4.4,-1.36
S12000041,S12000046,18,11,11,19,-7,-7,1,59,19.8,-1.8,-0.39
S12000042,S12000005,5,3,5,0,0,-2,-5,13,4.4,0.6,0.31
S12000042,S12000014,11,11,0,3,-11,0,-8,25,8.4,2.6,0.91
S12000042,S12000015,477,236,156,603,-321,-241,126,1472,492.9,-15.9,-0.72
S12000042,S12000017,12,3,3,4,-9,-9,-8,22,7.4,4.6,1.71
S12000042,S12000019,3,0,0,0,-3,-3,-3,3,1.0,2.0,1.99
S12000042,S12000020,16,8,0,0,-16,-8,-16,24,8.0,8.0,2.81
S12000042,S12000021,3,0,0,0,-3,-3,-3,3,1.0,2.0,1.99
S12000042,S12000024,840,506,446,515,-394,-334,-325,2307,772.5,67.5,2.43
S12000042,S12000029,8,5,4,0,-4,-3,-8,17,5.7,2.3,0.97
S12000042,S12000030,21,14,12,39,-9,-7,18,86,28.8,-7.8,-1.45
S12000042,S12000033,73,180,75,94,2,107,21,422,141.3,-68.3,-5.75
S12000042,S12000034,31,67,22,26,-9,36,-5,146,48.9,-17.9,-2.56
S12000042,S12000035,14,0,0,3,-14,-14,-11,17,5.7,8.3,3.48
S12000042,S12000036,71,36,93,54,22,-35,-17,254,85.0,-14.0,-1.52
S12000042,S12000038,4,0,0,0,-4,-4,-4,4,1.3,2.7,2.30
S12000042,S12000040,8,16,9,28,1,8,20,61,20.4,-12.4,-2.75
S12000042,S12000041,1138,527,243,1083,-895,-611,-55,2991,1001.5,136.5,4.31
S12000042,S12000042,15613,5718,6044,17935,-9569,-9895,2322,45310,15171.7,441.3,3.58
S12000042,S12000044,4,13,3,4,-1,9,0,24,8.0,-4.0,-1.42
S12000042,S12000045,0,0,3,0,3,0,0,3,1.0,-1.0,-1.00
S12000042,S12000046,24,13,20,28,-4,-11,4,85,28.5,-4.5,-0.84
S12000044,S12000005,51,66,22,61,-29,15,10,200,67.0,-16.0,-1.95
S12000044,S12000006,22,20,6,21,-16,-2,-1,69,23.1,-1.1,-0.23
S12000044,S12000008,54,59,13,32,-41,5,-22,158,52.9,1.1,0.15
S12000044,S12000010,9,12,11,17,2,3,8,49,16.4,-7.4,-1.83
S12000044,S12000011,64,56,36,77,-28,-8,13,233,78.0,-14.0,-1.59
S12000044,S12000014,716,668,258,785,-458,-48,69,2427,812.7,-96.7,-3.39
S12000044,S12000015,98,145,48,75,-50,47,-23,366,122.6,-24.6,-2.22
S12000044,S12000017,27,14,0,6,-27,-13,-21,47,15.7,11.3,2.84
S12000044,S12000018,35,27,28,24,-7,-8,-11,114,38.2,-3.2,-0.51
S12000044,S12000019,33,29,27,42,-6,-4,9,131,43.9,-10.9,-1.64
S12000044,S12000020,4,6,0,0,-4,2,-4,10,3.3,0.7,0.36
S12000044,S12000021,19,30,10,19,-9,11,0,78,26.1,-7.1,-1.39
S12000044,S12000023,4,3,0,0,-4,-1,-4,7,2.3,1.7,1.08
S12000044,S12000024,31,27,9,31,-22,-4,0,98,32.8,-1.8,-0.32
S12000044,S12000026,0,7,0,10,0,7,10,17,5.7,-5.7,-2.39
S12000044,S12000027,0,10,4,0,4,10,0,14,4.7,-4.7,-2.17
S12000044,S12000028,52,49,13,51,-39,-3,-1,165,55.2,-3.2,-0.44
S12000044,S12000029,5176,3597,1911,3962,-3265,-1579,-1214,14646,4904.1,271.9,3.88
S12000044,S12000030,383,197,250,493,-133,-186,110,1323,443.0,-60.0,-2.85
S12000044,S12000033,38,110,36,17,-2,72,-21,201,67.3,-29.3,-3.57
S12000044,S12000034,8,21,5,5,-3,13,-3,39,13.1,-5.1,-1.40
S12000044,S12000035,76,20,19,6,-57,-56,-70,121,40.5,35.5,5.57
S12000044,S12000036,677,411,1003,478,326,-266,-199,2569,860.2,-183.2,-6.25
S12000044,S12000038,545,507,249,379,-296,-38,-166,1680,562.5,-17.5,-0.74
S12000044,S12000039,203,106,83,83,-120,-97,-120,475,159.0,44.0,3.48
S12000044,S12000040,1031,1060,739,1195,-292,29,164,4025,1347.7,-316.7,-8.63
S12000044,S12000041,4,3,0,4,-4,-1,0,11,3.7,0.3,0.17
S12000044,S12000042,12,11,11,25,-1,-1,13,59,19.8,-7.8,-1.74
S12000044,S12000044,25790,12602,7950,24759,-17840,-13188,-1031,71101,23807.6,1982.4,12.85
S12000044,S12000045,782,518,425,754,-357,-264,-28,2479,830.1,-48.1,-1.67
S12000044,S12000046,10400,3481,7946,7687,-2454,-6919,-2713,29514,9882.5,517.5,5.21
S12000045,S12000005,25,16,0,11,-25,-9,-14,52,17.4,7.6,1.82
S12000045,S12000006,5,0,0,4,-5,-5,-1,9,3.0,2.0,1.14
S12000045,S12000008,36,20,6,9,-30,-16,-27,71,23.8,12.2,2.51
S12000045,S12000010,0,0,0,4,0,0,4,4,1.3,-1.3,-1.16
S12000045,S12000011,33,33,24,70,-9,0,37,160,53.6,-20.6,-2.81
S12000045,S12000013,3,0,0,0,-3,-3,-3,3,1.0,2.0,1.99
S12000045,S12000014,128,122,64,144,-64,-6,16,458,153.4,-25.4,-2.05
S12000045,S12000015,29,34,18,23,-11,5,-6,104,34.8,-5.8,-0.99
S12000045,S12000017,0,4,0,3,0,4,3,7,2.3,-2.3,-1.53
S12000045,S12000018,67,24,43,47,-24,-43,-20,181,60.6,6.4,0.82
S12000045,S12000019,6,10,6,5,0,4,-1,27,9.0,-3.0,-1.01
S12000045,S12000020,3,3,0,0,-3,0,-3,6,2.0,1.0,0.70
S12000045,S12000021,17,20,9,22,-8,3,5,68,22.8,-5.8,-1.21
S12000045,S12000024,14,7,3,19,-11,-7,5,43,14.4,-0.4,-0.10
S12000045,S12000028,27,13,8,18,-19,-14,-9,66,22.1,4.9,1.04
S12000045,S12000029,320,280,151,259,-169,-40,-61,1010,338.2,-18.2,-0.99
S12000045,S12000030,171,87,94,196,-77,-84,25,548,183.5,-12.5,-0.92
S12000045,S12000033,14,15,18,17,4,1,3,64,21.4,-7.4,-1.60
S12000045,S12000034,0,3,0,0,0,3,0,3,1.0,-1.0,-1.00
S12000045,S12000035,74,21,35,38,-39,-53,-36,168,56.3,17.7,2.37
S12000045,S12000036,131,60,310,91,179,-71,-40,592,198.2,-67.2,-4.77
S12000045,S12000038,483,366,196,430,-287,-117,-53,1475,493.9,-10.9,-0.49
S12000045,S12000039,541,163,244,423,-297,-378,-118,1371,459.1,81.9,3.82
S12000045,S12000040,42,61,50,51,8,19,9,204,68.3,-26.3,-3.18
S12000045,S12000042,6,5,4,12,-2,-1,6,27,9.0,-3.0,-1.01
S12000045,S12000044,891,559,348,782,-543,-332,-109,2580,863.9,27.1,0.92
S12000045,S12000045,2876,1285,1385,4695,-1491,-1591,1819,10241,3429.1,-553.1,-9.45
S12000045,S12000046,7689,2147,5276,6613,-2413,-5542,-1076,21725,7274.4,414.6,4.86
S12000046,S12000005,14,45,7,45,-7,31,31,111,37.2,-23.2,-3.80
S12000046,S12000006,53,22,16,31,-37,-31,-22,122,40.9,12.1,1.90
S12000046,S12000008,412,85,72,226,-340,-327,-186,795,266.2,145.8,8.94
S12000046,S12000010,11,10,8,31,-3,-1,20,60,20.1,-9.1,-2.03
S12000046,S12000011,1196,451,331,1569,-865,-745,373,3547,1187.7,8.3,0.24
S12000046,S12000013,5,3,0,4,-5,-2,-1,12,4.0,1.0,0.49
S12000046,S12000014,213,298,109,257,-104,85,44,877,293.7,-80.7,-4.71
S12000046,S12000015,99,136,38,60,-61,37,-39,333,111.5,-12.5,-1.18
S12000046,S12000017,18,13,10,27,-8,-5,9,68,22.8,-4.8,-1.00
S12000046,S12000018,417,120,241,338,-176,-297,-79,1116,373.7,43.3,2.24
S12000046,S12000019,30,19,18,16,-12,-11,-14,83,27.8,2.2,0.42
S12000046,S12000020,9,6,0,3,-9,-3,-6,18,6.0,3.0,1.21
S12000046,S12000021,212,136,98,231,-114,-76,19,677,226.7,-14.7,-0.98
S12000046,S12000023,0,4,0,0,0,4,0,4,1.3,-1.3,-1.16
S12000046,S12000024,45,37,11,59,-34,-8,14,152,50.9,-5.9,-0.83
S12000046,S12000026,0,0,0,5,0,0,5,5,1.7,-1.7,-1.29
S12000046,S12000027,5,11,4,4,-1,6,-1,24,8.0,-3.0,-1.07
S12000046,S12000028,299,123,88,292,-211,-176,-7,802,268.5,30.5,1.86
S12000046,S12000029,2731,1879,1201,2827,-1530,-852,96,8638,2892.4,-161.4,-3.00
S12000046,S12000030,292,111,195,399,-97,-181,107,997,333.8,-41.8,-2.29
S12000046,S12000033,42,93,42,38,0,51,-4,215,72.0,-30.0,-3.53
S12000046,S12000034,8,12,10,8,2,4,0,38,12.7,-4.7,-1.32
S12000046,S12000035,279,109,85,127,-194,-170,-152,600,200.9,78.1,5.51
S12000046,S12000036,640,255,1124,464,484,-385,-176,2483,831.4,-191.4,-6.64
S12000046,S12000038,3307,2268,1472,3615,-1835,-1039,308,10662,3570.1,-263.1,-4.40
S12000046,S12000039,1644,512,707,1424,-937,-1132,-220,4287,1435.5,208.5,5.50
S12000046,S12000040,209,235,250,295,41,26,86,989,331.2,-122.2,-6.71
S12000046,S12000041,11,4,0,3,-11,-7,-8,18,6.0,5.0,2.03
S12000046,S12000042,25,15,12,43,-13,-10,18,95,31.8,-6.8,-1.21
S12000046,S12000044,2487,1645,1139,2273,-1348,-842,-214,7544,2526.0,-39.0,-0.78
S12000046,S12000045,1148,631,939,1757,-209,-517,609,4475,1498.4,-350.4,-9.05
S12000046,S12000046,53850,15926,35258,60123,-18592,-37924,6273,165157,55301.5,-1451.5,-6.17
,,,,,,,,,,,,26.06
,,,,,,,,,,,,-29.48